   4.1666666666666666E-003   8.5109669814581941E-010
   4.5833333333333330E-002   1.0900730554294814E-006
   8.7499999999999994E-002   7.3024423261522044E-006
  0.12916666666666665        2.2666108706447137E-005
  0.17083333333333334        5.0704510791317047E-005
  0.21249999999999999        9.4553582520898598E-005
  0.25416666666666665        1.5704988083236807E-004
  0.29583333333333334        2.4079494875554560E-004
  0.33750000000000002        3.4820102585873217E-004
  0.37916666666666665        4.8152257779236719E-004
  0.42083333333333334        6.4287734505183978E-004
  0.46249999999999997        8.3425986039990232E-004
  0.50416666666666665        1.0575497208459678E-003
  0.54583333333333328        1.3145163444359578E-003
  0.58750000000000002        1.6068214927809148E-003
  0.62916666666666665        1.9360204858952447E-003
  0.67083333333333328        2.3035627619672674E-003
  0.71250000000000002        2.7107922265894252E-003
  0.75416666666666665        3.1589476805956845E-003
  0.79583333333333328        3.6491635017519499E-003
  0.83750000000000002        4.1824706738152247E-003
  0.87916666666666665        4.7597981993714993E-003
  0.92083333333333328        5.3819748943519296E-003
  0.96250000000000002        6.0497315374544898E-003
   1.0041666666666667        6.7637033331458922E-003
   1.0458333333333334        7.5244326396146149E-003
   1.0874999999999999        8.3323719107926408E-003
   1.1291666666666667        9.1878868027012259E-003
   1.1708333333333334        1.0091259397669623E-002
   1.2124999999999999        1.1042691504518455E-002
   1.2541666666666667        1.2042307997944809E-002
   1.2958333333333334        1.3090160165643482E-002
   1.3374999999999999        1.4186229036840808E-002
   1.3791666666666667        1.5330428670720471E-002
   1.4208333333333334        1.6522609387566979E-002
   1.4624999999999999        1.7762560929296782E-002
   1.5041666666666667        1.9050015539373803E-002
   1.5458333333333334        2.0384650954935083E-002
   1.5874999999999999        2.1766093306316240E-002
   1.6291666666666667        2.3193919921107711E-002
   1.6708333333333334        2.4667662031440912E-002
   1.7124999999999999        2.6186807384444725E-002
   1.7541666666666667        2.7750802756778142E-002
   1.7958333333333334        2.9359056374875205E-002
   1.8374999999999999        3.1010940243072424E-002
   1.8791666666666667        3.2705792382166990E-002
   1.9208333333333334        3.4442918981202192E-002
   1.9624999999999999        3.6221596465422383E-002
   2.0041666666666664        3.8041073483408613E-002
   2.0458333333333334        3.9900572816410171E-002
   2.0874999999999999        4.1799293212852924E-002
   2.1291666666666664        4.3736411150928883E-002
   2.1708333333333334        4.5711082532080706E-002
   2.2124999999999999        4.7722444308086198E-002
   2.2541666666666664        4.9769616044328731E-002
   2.2958333333333334        5.1851701421718875E-002
   2.3374999999999999        5.3967789679610481E-002
   2.3791666666666664        5.6116957001940020E-002
   2.4208333333333334        5.8298267848693991E-002
   2.4624999999999999        6.0510776234708269E-002
   2.5041666666666664        6.2753526957695288E-002
   2.5458333333333334        6.5025556777297683E-002
   2.5874999999999999        6.7325895546878359E-002
   2.6291666666666664        6.9653567299672203E-002
   2.6708333333333334        7.2007591290845427E-002
   2.7124999999999999        7.4386982996939230E-002
   2.7541666666666664        7.6790755074104169E-002
   2.7958333333333334        7.9217918276473592E-002
   2.8374999999999999        8.1667482335971306E-002
   2.8791666666666664        8.4138456804785253E-002
   2.9208333333333334        8.6629851861702786E-002
   2.9624999999999999        8.9140679083450816E-002
   3.0041666666666664        9.1669952182148629E-002
   3.0458333333333334        9.4216687709932675E-002
   3.0874999999999999        9.6779905731788976E-002
   3.1291666666666664        9.9358630467585363E-002
   3.1708333333333334       0.10195189090426653     
   3.2124999999999999       0.10455872137914683     
   3.2541666666666664       0.10717816213520734     
   3.2958333333333334       0.10980925984926976     
   3.3374999999999999       0.11245106813390696     
   3.3791666666666664       0.11510264801390967     
   3.4208333333333334       0.11776306837812256     
   3.4624999999999999       0.12043140640742568     
   3.5041666666666664       0.12310674797962251     
   3.5458333333333334       0.12578818805197545     
   3.5874999999999999       0.12847483102211033     
   3.6291666666666664       0.13116579106797971     
   3.6708333333333334       0.13386019246758213     
   3.7124999999999999       0.13655716989908662     
   3.7541666666666664       0.13925586872201307     
   3.7958333333333334       0.14195544524009748     
   3.8374999999999999       0.14465506694644847     
   3.8791666666666664       0.14735391275159801     
   3.9208333333333334       0.15005117319501532     
   3.9624999999999999       0.15274605064065841     
   4.0041666666666664       0.15543775945710075     
   4.0458333333333334       0.15812552618277739     
   4.0875000000000004       0.16080858967686262     
   4.1291666666666664       0.16348620125628568     
   4.1708333333333334       0.16615762481938243     
   4.2125000000000004       0.16882213695665396     
   4.2541666666666664       0.17147902704910234     
   4.2958333333333334       0.17412759735459443     
   4.3375000000000004       0.17676716308269660     
   4.3791666666666664       0.17939705245840479     
   4.4208333333333334       0.18201660677519199     
   4.4625000000000004       0.18462518043777545     
   4.5041666666666664       0.18722214099499349     
   4.5458333333333334       0.18980686916318401     
   4.5875000000000004       0.19237875884042682     
   4.6291666666666664       0.19493721711202427     
   4.6708333333333334       0.19748166424755351     
   4.7125000000000004       0.20001153368984906     
   4.7541666666666664       0.20252627203624105     
   4.7958333333333334       0.20502533901236908     
   4.8375000000000004       0.20750820743888682     
   4.8791666666666664       0.20997436319136159     
   4.9208333333333334       0.21242330515366378     
   4.9625000000000004       0.21485454516513477     
   5.0041666666666664       0.21726760796180686     
   5.0458333333333334       0.21966203111194529     
   5.0875000000000004       0.22203736494618356     
   5.1291666666666664       0.22439317248249452     
   5.1708333333333334       0.22672902934624806     
   5.2125000000000004       0.22904452368559694     
   5.2541666666666664       0.23133925608242073     
   5.2958333333333334       0.23361283945905029     
   5.3375000000000004       0.23586489898099192     
   5.3791666666666664       0.23809507195586913     
   5.4208333333333334       0.24030300772877439     
   5.4625000000000004       0.24248836757423956     
   5.5041666666666664       0.24465082458500928     
   5.5458333333333334       0.24679006355781102     
   5.5875000000000004       0.24890578087629597     
   5.6291666666666664       0.25099768439132553     
   5.6708333333333334       0.25306549329877476     
   5.7125000000000004       0.25510893801501577     
   5.7541666666666664       0.25712776005023630     
   5.7958333333333334       0.25912171187974836     
   5.8375000000000004       0.26109055681343374     
   5.8791666666666664       0.26303406886346925     
   5.9208333333333334       0.26495203261046840     
   5.9625000000000004       0.26684424306817689     
   6.0041666666666664       0.26871050554685055     
   6.0458333333333334       0.27055063551542824     
   6.0875000000000004       0.27236445846263518     
   6.1291666666666664       0.27415180975712594     
   6.1708333333333334       0.27591253450677794     
   6.2125000000000004       0.27764648741724463     
   6.2541666666666664       0.27935353264987073     
   6.2958333333333334       0.28103354367907440     
   6.3375000000000004       0.28268640314928256     
   6.3791666666666664       0.28431200273152563     
   6.4208333333333334       0.28591024297976814     
   6.4624999999999995       0.28748103318707302     
   6.5041666666666664       0.28902429124167456     
   6.5458333333333334       0.29053994348303952     
   6.5874999999999995       0.29202792455799975     
   6.6291666666666664       0.29348817727701793     
   6.6708333333333334       0.29492065247067084     
   6.7124999999999995       0.29632530884641184     
   6.7541666666666664       0.29770211284567100     
   6.7958333333333334       0.29905103850136738     
   6.8374999999999995       0.30037206729588012     
   6.8791666666666664       0.30166518801954501     
   6.9208333333333334       0.30293039662973203     
   6.9624999999999995       0.30416769611054895     
   7.0041666666666664       0.30537709633322024     
   7.0458333333333334       0.30655861391719752     
   7.0874999999999995       0.30771227209204449     
   7.1291666666666664       0.30883810056013283     
   7.1708333333333334       0.30993613536019782     
   7.2124999999999995       0.31100641873178825     
   7.2541666666666664       0.31204899898065036     
   7.2958333333333334       0.31306393034508512     
   7.3374999999999995       0.31405127286329948     
   7.3791666666666664       0.31501109224180035     
   7.4208333333333334       0.31594345972485016     
   7.4624999999999995       0.31684845196501582     
   7.5041666666666664       0.31772615089483242     
   7.5458333333333334       0.31857664359962456     
   7.5874999999999995       0.31940002219148622     
   7.6291666666666664       0.32019638368444969     
   7.6708333333333334       0.32096582987087774     
   7.7124999999999995       0.32170846719908042     
   7.7541666666666664       0.32242440665218003     
   7.7958333333333334       0.32311376362825023     
   7.8374999999999995       0.32377665782172804     
   7.8791666666666664       0.32441321310613180     
   7.9208333333333334       0.32502355741808298     
   7.9624999999999995       0.32560782264265098     
   8.0041666666666664       0.32616614450003262     
   8.0458333333333325       0.32669866243357593     
   8.0875000000000004       0.32720551949915788     
   8.1291666666666664       0.32768686225591376     
   8.1708333333333325       0.32814284065834465     
   8.2125000000000004       0.32857360794978968     
   8.2541666666666664       0.32897932055728318     
   8.2958333333333325       0.32936013798779085     
   8.3375000000000004       0.32971622272583428     
   8.3791666666666664       0.33004774013250293     
   8.4208333333333325       0.33035485834586303     
   8.4625000000000004       0.33063774818275282     
   8.5041666666666664       0.33089658304197644     
   8.5458333333333325       0.33113153880888502     
   8.5875000000000004       0.33134279376135711     
   8.6291666666666664       0.33153052847716130     
   8.6708333333333325       0.33169492574271764     
   8.7125000000000004       0.33183617046324254     
   8.7541666666666664       0.33195444957427406     
   8.7958333333333325       0.33204995195457937     
   8.8375000000000004       0.33212286834043275     
   8.8791666666666664       0.33217339124127337     
   8.9208333333333325       0.33220171485672345     
   8.9625000000000004       0.33220803499496782     
   9.0041666666666664       0.33219254899248291     
   9.0458333333333325       0.33215545563512311     
   9.0875000000000004       0.33209695508053916     
   9.1291666666666664       0.33201724878193084     
   9.1708333333333325       0.33191653941313121     
   9.2125000000000004       0.33179503079500461     
   9.2541666666666664       0.33165292782315725     
   9.2958333333333325       0.33149043639694498     
   9.3375000000000004       0.33130776334977735     
   9.3791666666666664       0.33110511638070061     
   9.4208333333333325       0.33088270398725922     
   9.4625000000000004       0.33064073539962036     
   9.5041666666666664       0.33037942051595071     
   9.5458333333333325       0.33009896983904030     
   9.5875000000000004       0.32979959441415774     
   9.6291666666666664       0.32948150576812818     
   9.6708333333333325       0.32914491584962624     
   9.7125000000000004       0.32879003697067016     
   9.7541666666666664       0.32841708174930612     
   9.7958333333333325       0.32802626305347404     
   9.8375000000000004       0.32761779394603485     
   9.8791666666666664       0.32719188763096341     
   9.9208333333333325       0.32674875740067844     
   9.9625000000000004       0.32628861658451180     
   10.004166666666666       0.32581167849829801     
   10.045833333333333       0.32531815639506834     
   10.087500000000000       0.32480826341684821     
   10.129166666666666       0.32428221254753692     
   10.170833333333333       0.32374021656686447     
   10.212500000000000       0.32318248800540317     
   10.254166666666666       0.32260923910063061     
   10.295833333333333       0.32202068175403298     
   10.337500000000000       0.32141702748922796     
   10.379166666666666       0.32079848741110023     
   10.420833333333333       0.32016527216593904     
   10.462500000000000       0.31951759190255785     
   10.504166666666666       0.31885565623439210     
   10.545833333333333       0.31817967420255650     
   10.587500000000000       0.31748985423985498     
   10.629166666666666       0.31678640413572390     
   10.670833333333333       0.31606953100210350     
   10.712500000000000       0.31533944124021890     
   10.754166666666666       0.31459634050826224     
   10.795833333333333       0.31384043368995779     
   10.837500000000000       0.31307192486401059     
   10.879166666666666       0.31229101727441155     
   10.920833333333333       0.31149791330159188     
   10.962500000000000       0.31069281443442259     
   11.004166666666666       0.30987592124302843     
   11.045833333333333       0.30904743335242935     
   11.087500000000000       0.30820754941697043     
   11.129166666666666       0.30735646709555142     
   11.170833333333333       0.30649438302762910     
   11.212500000000000       0.30562149280998663     
   11.254166666666666       0.30473799097425541     
   11.295833333333333       0.30384407096518046     
   11.337500000000000       0.30293992511961171     
   11.379166666666666       0.30202574464621895     
   11.420833333333333       0.30110171960591231     
   11.462500000000000       0.30016803889295779     
   11.504166666666666       0.29922489021677751     
   11.545833333333333       0.29827246008441927     
   11.587500000000000       0.29731093378369189     
   11.629166666666666       0.29634049536694906     
   11.670833333333333       0.29536132763551165     
   11.712500000000000       0.29437361212471697     
   11.754166666666666       0.29337752908958598     
   11.795833333333333       0.29237325749109827     
   11.837500000000000       0.29136097498306202     
   11.879166666666666       0.29034085789956932     
   11.920833333333333       0.28931308124302418     
   11.962500000000000       0.28827781867273577     
   12.004166666666666       0.28723524249406424     
   12.045833333333333       0.28618552364811028     
   12.087500000000000       0.28512883170193654     
   12.129166666666666       0.28406533483931518     
   12.170833333333333       0.28299519985198501     
   12.212500000000000       0.28191859213141646     
   12.254166666666666       0.28083567566106638     
   12.295833333333333       0.27974661300911519     
   12.337500000000000       0.27865156532168361     
   12.379166666666666       0.27755069231650831     
   12.420833333333333       0.27644415227707725     
   12.462500000000000       0.27533210204720993     
   12.504166666666666       0.27421469702607737     
   12.545833333333333       0.27309209116364314     
   12.587500000000000       0.27196443695653155     
   12.629166666666666       0.27083188544430309     
   12.670833333333333       0.26969458620612857     
   12.712500000000000       0.26855268735785925     
   12.754166666666666       0.26740633554948090     
   12.795833333333333       0.26625567596294719     
   12.837500000000000       0.26510085231037495     
   12.879166666666666       0.26394200683260305     
   12.920833333333333       0.26277928029810138     
   12.962500000000000       0.26161281200222369     
   13.004166666666666       0.26044273976679494     
   13.045833333333333       0.25926919994003100     
   13.087500000000000       0.25809232739677263     
   13.129166666666666       0.25691225553903524     
   13.170833333333333       0.25572911629686251     
   13.212500000000000       0.25454304012948048     
   13.254166666666666       0.25335415602673866     
   13.295833333333333       0.25216259151083836     
   13.337500000000000       0.25096847263833366     
   13.379166666666666       0.24977192400240167     
   13.420833333333333       0.24857306873537863     
   13.462500000000000       0.24737202851155099     
   13.504166666666666       0.24616892355019315     
   13.545833333333333       0.24496387261884880     
   13.587500000000000       0.24375699303684797     
   13.629166666666666       0.24254840067905539     
   13.670833333333333       0.24133820997983987     
   13.712500000000000       0.24012653393726244     
   13.754166666666666       0.23891348411747865     
   13.795833333333333       0.23769917065933654     
   13.837500000000000       0.23648370227918275     
   13.879166666666666       0.23526718627585894     
   13.920833333333333       0.23404972853588540     
   13.962500000000000       0.23283143353882729     
   14.004166666666666       0.23161240436283873     
   14.045833333333333       0.23039274269037377     
   14.087500000000000       0.22917254881406660     
   14.129166666666666       0.22795192164277167     
   14.170833333333333       0.22673095870775950     
   14.212500000000000       0.22550975616906030     
   14.254166666666666       0.22428840882195417     
   14.295833333333333       0.22306701010360261     
   14.337500000000000       0.22184565209981524     
   14.379166666666666       0.22062442555194492     
   14.420833333333333       0.21940341986390963     
   14.462500000000000       0.21818272310933626     
   14.504166666666666       0.21696242203882005     
   14.545833333333333       0.21574260208730017     
   14.587500000000000       0.21452334738154030     
   14.629166666666666       0.21330474074771330     
   14.670833333333333       0.21208686371908031     
   14.712500000000000       0.21086979654377527     
   14.754166666666666       0.20965361819267522     
   14.795833333333333       0.20843840636735797     
   14.837500000000000       0.20722423750814487     
   14.879166666666666       0.20601118680221830     
   14.920833333333333       0.20479932819182578     
   14.962500000000000       0.20358873438254385     
   15.004166666666666       0.20237947685161814     
   15.045833333333333       0.20117162585636761     
   15.087500000000000       0.19996525044264743     
   15.129166666666666       0.19876041845337397     
   15.170833333333333       0.19755719653710241     
   15.212500000000000       0.19635565015665379     
   15.254166666666666       0.19515584359779639     
   15.295833333333333       0.19395783997796351     
   15.337500000000000       0.19276170125502312     
   15.379166666666666       0.19156748823608147     
   15.420833333333333       0.19037526058632559     
   15.462500000000000       0.18918507683789171     
   15.504166666666666       0.18799699439877404     
   15.545833333333333       0.18681106956175397     
   15.587500000000000       0.18562735751335607     
   15.629166666666666       0.18444591234283061     
   15.670833333333333       0.18326678705115299     
   15.712500000000000       0.18209003356003456     
   15.754166666666666       0.18091570272095733     
   15.795833333333333       0.17974384432421506     
   15.837500000000000       0.17857450710796782     
   15.879166666666666       0.17740773876730145     
   15.920833333333333       0.17624358596329062     
   15.962500000000000       0.17508209433207189     
   16.004166666666666       0.17392330849390955     
   16.045833333333334       0.17276727206226619     
   16.087499999999999       0.17161402765286760     
   16.129166666666666       0.17046361689276121     
   16.170833333333334       0.16931608042936888     
   16.212499999999999       0.16817145793952926     
   16.254166666666666       0.16702978813853167     
   16.295833333333334       0.16589110878913352     
   16.337499999999999       0.16475545671056468     
   16.379166666666666       0.16362286778751794     
   16.420833333333334       0.16249337697911662     
   16.462499999999999       0.16136701832786413     
   16.504166666666666       0.16024382496857353     
   16.545833333333334       0.15912382913727238     
   16.587499999999999       0.15800706218008218     
   16.629166666666666       0.15689355456207765     
   16.670833333333334       0.15578333587611048     
   16.712499999999999       0.15467643485160898     
   16.754166666666666       0.15357287936334740     
   16.795833333333334       0.15247269644017991     
   16.837499999999999       0.15137591227374805     
   16.879166666666666       0.15028255222714829     
   16.920833333333334       0.14919264084356634     
   16.962499999999999       0.14810620185487555     
   17.004166666666666       0.14702325819019579     
   17.045833333333334       0.14594383198441524     
   17.087499999999999       0.14486794458667218     
   17.129166666666666       0.14379561656879644     
   17.170833333333334       0.14272686773370438     
   17.212499999999999       0.14166171712375436     
   17.254166666666666       0.14060018302906105     
   17.295833333333334       0.13954228299575958     
   17.337499999999999       0.13848803383422501     
   17.379166666666666       0.13743745162724783     
   17.420833333333334       0.13639055173815934     
   17.462499999999999       0.13534734881891078     
   17.504166666666666       0.13430785681810228     
   17.545833333333334       0.13327208898895906     
   17.587499999999999       0.13224005789726298     
   17.629166666666666       0.13121177542922838     
   17.670833333333334       0.13018725279932550     
   17.712499999999999       0.12916650055805462     
   17.754166666666666       0.12814952859966533     
   17.795833333333334       0.12713634616982003     
   17.837499999999999       0.12612696187320352     
   17.879166666666666       0.12512138368108286     
   17.920833333333334       0.12411961893880406     
   17.962499999999999       0.12312167437323690     
   18.004166666666666       0.12212755610016109     
   18.045833333333334       0.12113726963159870     
   18.087499999999999       0.12015081988308481     
   18.129166666666666       0.11916821118088414     
   18.170833333333334       0.11818944726914556     
   18.212499999999999       0.11721453131700128     
   18.254166666666666       0.11624346592560482     
   18.295833333333334       0.11527625313510988     
   18.337499999999999       0.11431289443158942     
   18.379166666666666       0.11335339075389585     
   18.420833333333334       0.11239774250045864     
   18.462499999999999       0.11144594953602259     
   18.504166666666666       0.11049801119832441     
   18.545833333333334       0.10955392630470887     
   18.587499999999999       0.10861369315868422     
   18.629166666666666       0.10767730955641293     
   18.670833333333334       0.10674477279314350     
   18.712499999999999       0.10581607966957826     
   18.754166666666666       0.10489122649818144     
   18.795833333333334       0.10397020910942137     
   18.837499999999999       0.10305302285795449     
   18.879166666666666       0.10213966262874088     
   18.920833333333334       0.10123012284310258     
   18.962499999999999       0.10032439746471616     
   19.004166666666666        9.9422480005541505E-002
   19.045833333333334        9.8524363531691500E-002
   19.087499999999999        9.7630040669233975E-002
   19.129166666666666        9.6739503609932859E-002
   19.170833333333334        9.5852744116925417E-002
   19.212499999999999        9.4969753530336529E-002
   19.254166666666666        9.4090522772829879E-002
   19.295833333333334        9.3215042355095132E-002
   19.337499999999999        9.2343302381270795E-002
   19.379166666666666        9.1475292554307058E-002
   19.420833333333334        9.0611002181263070E-002
   19.462499999999999        8.9750420178540027E-002
   19.504166666666666        8.8893535077053373E-002
   19.545833333333334        8.8040335027339198E-002
   19.587499999999999        8.7190807804598938E-002
   19.629166666666666        8.6344940813682061E-002
   19.670833333333334        8.5502721094003128E-002
   19.712499999999999        8.4664135324397941E-002
   19.754166666666666        8.3829169827915703E-002
   19.795833333333334        8.2997810576548592E-002
   19.837499999999999        8.2170043195899656E-002
   19.879166666666666        8.1345852969785165E-002
   19.920833333333334        8.0525224844778073E-002
   19.962499999999999        7.9708143434687045E-002
   20.004166666666666        7.8894593024974619E-002
   20.045833333333334        7.8084557577110733E-002
   20.087499999999999        7.7278020732865563E-002
   20.129166666666666        7.6474965818541837E-002
   20.170833333333334        7.5675375849143037E-002
   20.212499999999999        7.4879233532481548E-002
   20.254166666666666        7.4086521273225639E-002
   20.295833333333334        7.3297221176882962E-002
   20.337499999999999        7.2511315053726128E-002
   20.379166666666666        7.1728784422653832E-002
   20.420833333333334        7.0949610514994446E-002
   20.462499999999999        7.0173774278246573E-002
   20.504166666666666        6.9401256379759302E-002
   20.545833333333334        6.8632037210354588E-002
   20.587499999999999        6.7866096887886584E-002
   20.629166666666666        6.7103415260742066E-002
   20.670833333333334        6.6343971911282287E-002
   20.712499999999999        6.5587746159223650E-002
   20.754166666666666        6.4834717064959621E-002
   20.795833333333334        6.4084863432823561E-002
   20.837499999999999        6.3338163814292706E-002
   20.879166666666666        6.2594596511133124E-002
   20.920833333333334        6.1854139578486345E-002
   20.962499999999999        6.1116770827896842E-002
   21.004166666666666        6.0382467830282817E-002
   21.045833333333334        5.9651207918847649E-002
   21.087499999999999        5.8922968191933982E-002
   21.129166666666666        5.8197725515820975E-002
   21.170833333333334        5.7475456527463269E-002
   21.212499999999999        5.6756137637172591E-002
   21.254166666666666        5.6039745031243565E-002
   21.295833333333334        5.5326254674522166E-002
   21.337499999999999        5.4615642312918197E-002
   21.379166666666666        5.3907883475860036E-002
   21.420833333333334        5.3202953478695192E-002
   21.462499999999999        5.2500827425033716E-002
   21.504166666666666        5.1801480209036348E-002
   21.545833333333334        5.1104886517647066E-002
   21.587499999999999        5.0411020832770700E-002
   21.629166666666666        4.9719857433394979E-002
   21.670833333333334        4.9031370397658508E-002
   21.712499999999999        4.8345533604863815E-002
   21.754166666666666        4.7662320737435288E-002
   21.795833333333334        4.6981705282823971E-002
   21.837499999999999        4.6303660535357748E-002
   21.879166666666666        4.5628159598037905E-002
   21.920833333333334        4.4955175384282786E-002
   21.962499999999999        4.4284680619616622E-002
   22.004166666666666        4.3616647843306482E-002
   22.045833333333334        4.2951049409945562E-002
   22.087499999999999        4.2287857490983814E-002
   22.129166666666666        4.1627044076206286E-002
   22.170833333333334        4.0968580975159201E-002
   22.212499999999999        4.0312439818522769E-002
   22.254166666666666        3.9658592059433152E-002
   22.295833333333334        3.9007008974752601E-002
   22.337499999999999        3.8357661666287193E-002
   22.379166666666666        3.7710521061954182E-002
   22.420833333333334        3.7065557916896648E-002
   22.462499999999999        3.6422742814548582E-002
   22.504166666666666        3.5782046167648525E-002
   22.545833333333334        3.5143438219202079E-002
   22.587499999999999        3.4506889043394634E-002
   22.629166666666666        3.3872368546452661E-002
   22.670833333333334        3.3239846467456466E-002
   22.712499999999999        3.2609292379101262E-002
   22.754166666666666        3.1980675688409933E-002
   22.795833333333334        3.1353965637394357E-002
   22.837499999999999        3.0729131303668597E-002
   22.879166666666666        3.0106141601012257E-002
   22.920833333333334        2.9484965279884603E-002
   22.962499999999999        2.8865570927889297E-002
   23.004166666666666        2.8247926970190743E-002
   23.045833333333334        2.7632001669881483E-002
   23.087499999999999        2.7017763128300547E-002
   23.129166666666666        2.6405179285304028E-002
   23.170833333333334        2.5794217919486422E-002
   23.212499999999999        2.5184846648354294E-002
   23.254166666666666        2.4577032928451974E-002
   23.295833333333334        2.3970744055438573E-002
   23.337499999999999        2.3365947164117429E-002
   23.379166666666666        2.2762609228418329E-002
   23.420833333333334        2.2160697061331242E-002
   23.462499999999999        2.1560177314792778E-002
   23.504166666666666        2.0961016479525474E-002
   23.545833333333334        2.0363180884829454E-002
   23.587499999999999        1.9766636698326987E-002
   23.629166666666666        1.9171349925659737E-002
   23.670833333333334        1.8577286410138998E-002
   23.712499999999999        1.7984411832348956E-002
   23.754166666666666        1.7392691709703156E-002
   23.795833333333334        1.6802091395953948E-002
   23.837499999999999        1.6212576080655246E-002
   23.879166666666666        1.5624110788578499E-002
   23.920833333333334        1.5036660379082153E-002
   23.962499999999999        1.4450189545434667E-002
   24.004166666666666        1.3864662814090623E-002
   24.045833333333334        1.3280044543920594E-002
   24.087499999999999        1.2696298925394617E-002
   24.129166666666666        1.2113389979719259E-002
   24.170833333333334        1.1531281557928015E-002
   24.212499999999999        1.0949937339925974E-002
   24.254166666666666        1.0369320833487553E-002
   24.295833333333334        9.7893953732084704E-003
   24.337499999999999        9.2101241194110731E-003
   24.379166666666666        8.6314700570036158E-003
   24.420833333333334        8.0533959942931908E-003
   24.462499999999999        7.4758645617524723E-003
   24.504166666666666        6.8988382107401805E-003
   24.545833333333334        6.3222792121753971E-003
   24.587499999999999        5.7461496551653810E-003
   24.629166666666666        5.1704114455872734E-003
   24.670833333333334        4.5950263046233824E-003
   24.712499999999999        4.0199557672502047E-003
   24.754166666666666        3.4451611806810452E-003
   24.795833333333334        2.8706037027621178E-003
   24.837499999999999        2.2962443003223380E-003
   24.879166666666666        1.7220437474764468E-003
   24.920833333333334        1.1479626238816714E-003
   24.962499999999999        5.7396131294771462E-004
  
   4.1666666666666666E-003   1.0449414177689452E-009
   4.5833333333333330E-002   1.3383338140701068E-006
   8.7499999999999994E-002   8.9653099777282726E-006
  0.12916666666666665        2.7826268488670845E-005
  0.17083333333333334        6.2244049612386474E-005
  0.21249999999999999        1.1606326912071440E-004
  0.25416666666666665        1.9275792738770325E-004
  0.29583333333333334        2.9550990071953119E-004
  0.33750000000000002        4.2726457766270083E-004
  0.37916666666666665        5.9076912255027309E-004
  0.42083333333333334        7.8859790479084678E-004
  0.46249999999999997        1.0231687129870755E-003
  0.50416666666666665        1.2967525595655709E-003
  0.54583333333333328        1.6114792000186569E-003
  0.58750000000000002        1.9693399393969344E-003
  0.62916666666666665        2.3721888635850671E-003
  0.67083333333333328        2.8217432963833508E-003
  0.71250000000000002        3.3195840277091488E-003
  0.75416666666666665        3.8671556672434256E-003
  0.79583333333333328        4.4657673378082335E-003
  0.83750000000000002        5.1165938222586735E-003
  0.87916666666666665        5.8206772074445466E-003
  0.92083333333333328        6.5789290214401438E-003
  0.96250000000000002        7.3921328299084901E-003
   1.0041666666666667        8.2609472395898977E-003
   1.0458333333333334        9.1859092479498489E-003
   1.0874999999999999        1.0167437875285623E-002
   1.1291666666666667        1.1205838017030650E-002
   1.1708333333333334        1.2301304458088365E-002
   1.2124999999999999        1.3453925996660157E-002
   1.2541666666666667        1.4663689631403432E-002
   1.2958333333333334        1.5930484772313479E-002
   1.3374999999999999        1.7254107442090379E-002
   1.3791666666666667        1.8634264440695499E-002
   1.4208333333333334        2.0070577451185546E-002
   1.4624999999999999        2.1562587069672946E-002
   1.5041666666666667        2.3109756746386032E-002
   1.5458333333333334        2.4711476628308329E-002
   1.5874999999999999        2.6367067296812728E-002
   1.6291666666666667        2.8075783396119495E-002
   1.6708333333333334        2.9836817150355799E-002
   1.7124999999999999        3.1649301768548181E-002
   1.7541666666666667        3.3512314738084630E-002
   1.7958333333333334        3.5424881008102538E-002
   1.8374999999999999        3.7385976064935447E-002
   1.8791666666666667        3.9394528902235028E-002
   1.9208333333333334        4.1449424888707807E-002
   1.9624999999999999        4.3549508536605476E-002
   2.0041666666666664        4.5693586174206845E-002
   2.0458333333333334        4.7880428525556233E-002
   2.0874999999999999        5.0108773200691153E-002
   2.1291666666666664        5.2377327099522822E-002
   2.1708333333333334        5.4684768732432665E-002
   2.2124999999999999        5.7029750460528945E-002
   2.2541666666666664        5.9410900658383364E-002
   2.2958333333333334        6.1826825801928886E-002
   2.3374999999999999        6.4276112484068920E-002
   2.3791666666666664        6.6757329360416964E-002
   2.4208333333333334        6.9269029027455173E-002
   2.4624999999999999        7.1809749835284542E-002
   2.5041666666666664        7.4378017637024313E-002
   2.5458333333333334        7.6972347476806938E-002
   2.5874999999999999        7.9591245218224638E-002
   2.6291666666666664        8.2233209114992767E-002
   2.6708333333333334        8.4896731325500255E-002
   2.7124999999999999        8.7580299372855899E-002
   2.7541666666666664        9.0282397551962018E-002
   2.7958333333333334        9.3001508285081649E-002
   2.8374999999999999        9.5736113427311406E-002
   2.8791666666666664        9.8484695523312862E-002
   2.9208333333333334       0.10124573901661255     
   2.9624999999999999       0.10401773141273267     
   3.0041666666666664       0.10679916439737062     
   3.0458333333333334       0.10958853491080867     
   3.0874999999999999       0.11238434617970323     
   3.1291666666666664       0.11518510870736588     
   3.1708333333333334       0.11798934122361468     
   3.2124999999999999       0.12079557159525517     
   3.2541666666666664       0.12360233769821030     
   3.2958333333333334       0.12640818825230210     
   3.3374999999999999       0.12921168361966623     
   3.3791666666666664       0.13201139656774238     
   3.4208333333333334       0.13480591299777631     
   3.4624999999999999       0.13759383263973826     
   3.5041666666666664       0.14037376971455262     
   3.5458333333333334       0.14314435356449751     
   3.5874999999999999       0.14590422925263413     
   3.6291666666666664       0.14865205813208845     
   3.6708333333333334       0.15138651838600056     
   3.7124999999999999       0.15410630553893803     
   3.7541666666666664       0.15681013294055257     
   3.7958333333333334       0.15949673222223651     
   3.8374999999999999       0.16216485372752826     
   3.8791666666666664       0.16481326691699544     
   3.9208333333333334       0.16744076074831218     
   3.9624999999999999       0.17004614403222185     
   4.0041666666666664       0.17262824576507735     
   4.0458333333333334       0.17518591543862458     
   4.0875000000000004       0.17771802332768255     
   4.1291666666666664       0.18022346075636458     
   4.1708333333333334       0.18270114034346560     
   4.2125000000000004       0.18514999622762932     
   4.2541666666666664       0.18756898427289537     
   4.2958333333333334       0.18995708225521649     
   4.3375000000000004       0.19231329003051365     
   4.3791666666666664       0.19463662968484158     
   4.4208333333333334       0.19692614566720365     
   4.4625000000000004       0.19918090490556345     
   4.5041666666666664       0.20139999690657118     
   4.5458333333333334       0.20358253383952149     
   4.5875000000000004       0.20572765060504936     
   4.6291666666666664       0.20783450488904953     
   4.6708333333333334       0.20990227720230462     
   4.7125000000000004       0.21193017090628855     
   4.7541666666666664       0.21391741222560642     
   4.7958333333333334       0.21586325024751510     
   4.8375000000000004       0.21776695690897258     
   4.8791666666666664       0.21962782697163324     
   4.9208333333333334       0.22144517798521607     
   4.9625000000000004       0.22321835023964678     
   5.0041666666666664       0.22494670670637992     
   5.0458333333333334       0.22662963296928995     
   5.0875000000000004       0.22826653714551021     
   5.1291666666666664       0.22985684979658724     
   5.1708333333333334       0.23140002383032429     
   5.2125000000000004       0.23289553439366237     
   5.2541666666666664       0.23434287875694021     
   5.2958333333333334       0.23574157618988073     
   5.3375000000000004       0.23709116782962777     
   5.3791666666666664       0.23839121654115483     
   5.4208333333333334       0.23964130677035880     
   5.4625000000000004       0.24084104439015069     
   5.5041666666666664       0.24199005653983091     
   5.5458333333333334       0.24308799145805207     
   5.5875000000000004       0.24413451830964697     
   5.6291666666666664       0.24512932700659990     
   5.6708333333333334       0.24607212802342560     
   5.7125000000000004       0.24696265220723176     
   5.7541666666666664       0.24780065058270803     
   5.7958333333333334       0.24858589415230004     
   5.8375000000000004       0.24931817369180981     
   5.8791666666666664       0.24999729954165334     
   5.9208333333333334       0.25062310139401617     
   5.9625000000000004       0.25119542807612627     
   6.0041666666666664       0.25171414732986214     
   6.0458333333333334       0.25217914558791504     
   6.0875000000000004       0.25259032774670620     
   6.1291666666666664       0.25294761693626139     
   6.1708333333333334       0.25325095428724737     
   6.2125000000000004       0.25350029869535040     
   6.2541666666666664       0.25369562658319106     
   6.2958333333333334       0.25383693165994908     
   6.3375000000000004       0.25392422467888159     
   6.3791666666666664       0.25395753319289915     
   6.4208333333333334       0.25393690130836760     
   6.4624999999999995       0.25386238943730005     
   6.5041666666666664       0.25373407404808873     
   6.5458333333333334       0.25355204741493614     
   6.5874999999999995       0.25331641736612986     
   6.6291666666666664       0.25302730703130183     
   6.6708333333333334       0.25268485458781553     
   6.7124999999999995       0.25228921300641838     
   6.7541666666666664       0.25184054979627912     
   6.7958333333333334       0.25133904674954954     
   6.8374999999999995       0.25078489968556750     
   6.8791666666666664       0.25017831819481662     
   6.9208333333333334       0.24951952538277256     
   6.9624999999999995       0.24880875761373011     
   7.0041666666666664       0.24804626425472967     
   7.0458333333333334       0.24723230741968610     
   7.0874999999999995       0.24636716171382209     
   7.1291666666666664       0.24545111397850461     
   7.1708333333333334       0.24448446303657259     
   7.2124999999999995       0.24346751943825629     
   7.2541666666666664       0.24240060520777709     
   7.2958333333333334       0.24128405359070182     
   7.3374999999999995       0.24011820880214663     
   7.3791666666666664       0.23890342577590523     
   7.4208333333333334       0.23764006991457848     
   7.4624999999999995       0.23632851684077924     
   7.5041666666666664       0.23496915214948297     
   7.5458333333333334       0.23356237116159440     
   7.5874999999999995       0.23210857867879681     
   7.6291666666666664       0.23060818873974295     
   7.6708333333333334       0.22906162437765615     
   7.7124999999999995       0.22746931737939524     
   7.7541666666666664       0.22583170804603780     
   7.7958333333333334       0.22414924495504018     
   7.8374999999999995       0.22242238472402659     
   7.8791666666666664       0.22065159177625149     
   7.9208333333333334       0.21883733810778924     
   7.9624999999999995       0.21698010305648968     
   8.0041666666666664       0.21508037307274677     
   8.0458333333333325       0.21313864149212328     
   8.0875000000000004       0.21115540830986809     
   8.1291666666666664       0.20913117995736347     
   8.1708333333333325       0.20706646908053741     
   8.2125000000000004       0.20496179432028164     
   8.2541666666666664       0.20281768009489770     
   8.2958333333333325       0.20063465638460709     
   8.3375000000000004       0.19841325851815353     
   8.3791666666666664       0.19615402696152115     
   8.4208333333333325       0.19385750710880120     
   8.4625000000000004       0.19152424907522589     
   8.5041666666666664       0.18915480749239102     
   8.5458333333333325       0.18674974130569241     
   8.5875000000000004       0.18430961357399284     
   8.6291666666666664       0.18183499127153868     
   8.6708333333333325       0.17932644509214457     
   8.7125000000000004       0.17678454925565804     
   8.7541666666666664       0.17420988131672255     
   8.7958333333333325       0.17160302197584726     
   8.8375000000000004       0.16896455489280027     
   8.8791666666666664       0.16629506650233569     
   8.9208333333333325       0.16359514583225609     
   8.9625000000000004       0.16086538432382949     
   9.0041666666666664       0.15810637565456573     
   9.0458333333333325       0.15531871556334900     
   9.0875000000000004       0.15250300167794634     
   9.1291666666666664       0.14965983334488325     
   9.1708333333333325       0.14678981146170048     
   9.2125000000000004       0.14389353831158683     
   9.2541666666666664       0.14097161740039324     
   9.2958333333333325       0.13802465329602565     
   9.3375000000000004       0.13505325147022099     
   9.3791666666666664       0.13205801814270157     
   9.4208333333333325       0.12903956012770695     
   9.4625000000000004       0.12599848468290012     
   9.5041666666666664       0.12293539936064589     
   9.5458333333333325       0.11985091186165647     
   9.5875000000000004       0.11674562989099919     
   9.6291666666666664       0.11362016101646179     
   9.6708333333333325       0.11047511252926788     
   9.7125000000000004       0.10731109130713717     
   9.7541666666666664       0.10412870367968149     
   9.7958333333333325       0.10092855529612921     
   9.8375000000000004        9.7711250995370494E-002
   9.8791666666666664        9.4477394678312940E-002
   9.9208333333333325        9.1227589182537247E-002
   9.9625000000000004        8.7962436159244498E-002
   10.004166666666666        8.4682535952484664E-002
   10.045833333333333        8.1388487480652139E-002
   10.087500000000000        7.8080888120240000E-002
   10.129166666666666        7.4760333591838563E-002
   10.170833333333333        7.1427417848366731E-002
   10.212500000000000        6.8082732965523418E-002
   10.254166666666666        6.4726869034445592E-002
   10.295833333333333        6.1360414056558350E-002
   10.337500000000000        5.7983953840603529E-002
   10.379166666666666        5.4598071901833460E-002
   10.420833333333333        5.1203349363353808E-002
   10.462500000000000        4.7800364859600208E-002
   10.504166666666666        4.4389694441934510E-002
   10.545833333333333        4.0971911486344298E-002
   10.587500000000000        3.7547586603229752E-002
   10.629166666666666        3.4117287549261244E-002
   10.670833333333333        3.0681579141292440E-002
   10.712500000000000        2.7241023172311224E-002
   10.754166666666666        2.3796178329411184E-002
   10.795833333333333        2.0347600113767739E-002
   10.837500000000000        1.6895840762600395E-002
   10.879166666666666        1.3441449173104350E-002
   10.920833333333333        9.9849708283335070E-003
   10.962500000000000        6.5269477250166673E-003
   11.004166666666666        3.0679183032893249E-003
   11.045833333333333       -3.9158262167727099E-004
   11.087500000000000       -3.8510239261683034E-003
   11.129166666666666       -7.3098782425570835E-003
   11.170833333333333       -1.0767622022094988E-002
   11.212500000000000       -1.4223735595878202E-002
   11.254166666666666       -1.7677703234010318E-002
   11.295833333333333       -2.1129013202979215E-002
   11.337500000000000       -2.4577157821267823E-002
   11.379166666666666       -2.8021633513217348E-002
   11.420833333333333       -3.1461940861162371E-002
   11.462500000000000       -3.4897584655856712E-002
   11.504166666666666       -3.8328073945209630E-002
   11.545833333333333       -4.1752922081351361E-002
   11.587500000000000       -4.5171646766048026E-002
   11.629166666666666       -4.8583770094483676E-002
   11.670833333333333       -5.1988818597430542E-002
   11.712500000000000       -5.5386323281826674E-002
   11.754166666666666       -5.8775819669778982E-002
   11.795833333333333       -6.2156847836012975E-002
   11.837500000000000       -6.5528952443786523E-002
   11.879166666666666       -6.8891682779290503E-002
   11.920833333333333       -7.2244592784550046E-002
   11.962500000000000       -7.5587241088852786E-002
   12.004166666666666       -7.8919191038718042E-002
   12.045833333333333       -8.2240010726426602E-002
   12.087500000000000       -8.5549273017136288E-002
   12.129166666666666       -8.8846555574594172E-002
   12.170833333333333       -9.2131440885469928E-002
   12.212500000000000       -9.5403516282328918E-002
   12.254166666666666       -9.8662373965262853E-002
   12.295833333333333      -0.10190761102219695     
   12.337500000000000      -0.10513882944789565     
   12.379166666666666      -0.10835563616168166     
   12.420833333333333      -0.11155764302388857     
   12.462500000000000      -0.11474446685106836     
   12.504166666666666      -0.11791572942996900     
   12.545833333333333      -0.12107105753030206     
   12.587500000000000      -0.12421008291632099     
   12.629166666666666      -0.12733244235722491     
   12.670833333333333      -0.13043777763640810     
   12.712500000000000      -0.13352573555957387     
   12.754166666666666      -0.13659596796173129     
   12.795833333333333      -0.13964813171308918     
   12.837500000000000      -0.14268188872387386     
   12.879166666666666      -0.14569690594807830     
   12.920833333333333      -0.14869285538616606     
   12.962500000000000      -0.15166941408674897     
   13.004166666666666      -0.15462626414724995     
   13.045833333333333      -0.15756309271357705     
   13.087500000000000      -0.16047959197881925     
   13.129166666666666      -0.16337545918098265     
   13.170833333333333      -0.16625039659978672     
   13.212500000000000      -0.16910411155253455     
   13.254166666666666      -0.17193631638907539     
   13.295833333333333      -0.17474672848587780     
   13.337500000000000      -0.17753507023922638     
   13.379166666666666      -0.18030106905756133     
   13.420833333333333      -0.18304445735297539     
   13.462500000000000      -0.18576497253188770     
   13.504166666666666      -0.18846235698490571     
   13.545833333333333      -0.19113635807589516     
   13.587500000000000      -0.19378672813027364     
   13.629166666666666      -0.19641322442254028     
   13.670833333333333      -0.19901560916305935     
   13.712500000000000      -0.20159364948411340     
   13.754166666666666      -0.20414711742524289     
   13.795833333333333      -0.20667578991788327     
   13.837500000000000      -0.20917944876931679     
   13.879166666666666      -0.21165788064595659     
   13.920833333333333      -0.21411087705596948     
   13.962500000000000      -0.21653823433126326     
   14.004166666666666      -0.21893975360884382     
   14.045833333333333      -0.22131524081156140     
   14.087500000000000      -0.22366450662825973     
   14.129166666666666      -0.22598736649333662     
   14.170833333333333      -0.22828364056573983     
   14.212500000000000      -0.23055315370740345     
   14.254166666666666      -0.23279573546114068     
   14.295833333333333      -0.23501122002800673     
   14.337500000000000      -0.23719944624415121     
   14.379166666666666      -0.23936025755715906     
   14.420833333333333      -0.24149350200190586     
   14.462500000000000      -0.24359903217593834     
   14.504166666666666      -0.24567670521438473     
   14.545833333333333      -0.24772638276441741     
   14.587500000000000      -0.24974793095927500     
   14.629166666666666      -0.25174122039185787     
   14.670833333333333      -0.25370612608790777     
   14.712500000000000      -0.25564252747878480     
   14.754166666666666      -0.25755030837385545     
   14.795833333333333      -0.25942935693249813     
   14.837500000000000      -0.26127956563574062     
   14.879166666666666      -0.26310083125754513     
   14.920833333333333      -0.26489305483574671     
   14.962500000000000      -0.26665614164265500     
   15.004166666666666      -0.26839000115533707     
   15.045833333333333      -0.27009454702558977     
   15.087500000000000      -0.27176969704960224     
   15.129166666666666      -0.27341537313733699     
   15.170833333333333      -0.27503150128162673     
   15.212500000000000      -0.27661801152700333     
   15.254166666666666      -0.27817483793826403     
   15.295833333333333      -0.27970191856879201     
   15.337500000000000      -0.28119919542863525     
   15.379166666666666      -0.28266661445235614     
   15.420833333333333      -0.28410412546665831     
   15.462500000000000      -0.28551168215780631     
   15.504166666666666      -0.28688924203884414     
   15.545833333333333      -0.28823676641661955     
   15.587500000000000      -0.28955422035862666     
   15.629166666666666      -0.29084157265967053     
   15.670833333333333      -0.29209879580837478     
   15.712500000000000      -0.29332586595352483     
   15.754166666666666      -0.29452276287026630     
   15.795833333333333      -0.29568946992616546     
   15.837500000000000      -0.29682597404713934     
   15.879166666666666      -0.29793226568325892     
   15.920833333333333      -0.29900833877443822     
   15.962500000000000      -0.30005419071602168     
   16.004166666666666      -0.30106982232426516     
   16.045833333333334      -0.30205523780173404     
   16.087499999999999      -0.30301044470260885     
   16.129166666666666      -0.30393545389791993     
   16.170833333333334      -0.30483027954071357     
   16.212499999999999      -0.30569493903115208     
   16.254166666666666      -0.30652945298156242     
   16.295833333333334      -0.30733384518144063     
   16.337499999999999      -0.30810814256240987     
   16.379166666666666      -0.30885237516314290     
   16.420833333333334      -0.30956657609426547     
   16.462499999999999      -0.31025078150323365     
   16.504166666666666      -0.31090503053919455     
   16.545833333333334      -0.31152936531784026     
   16.587499999999999      -0.31212383088626516     
   16.629166666666666      -0.31268847518782189     
   16.670833333333334      -0.31322334902698518     
   16.712499999999999      -0.31372850603423802     
   16.754166666666666      -0.31420400263097775     
   16.795833333333334      -0.31464989799444792     
   16.837499999999999      -0.31506625402269928     
   16.879166666666666      -0.31545313529959551     
   16.920833333333334      -0.31581060905986175     
   16.962499999999999      -0.31613874515417684     
   17.004166666666666      -0.31643761601432641     
   17.045833333333334      -0.31670729661840713     
   17.087499999999999      -0.31694786445609968     
   17.129166666666666      -0.31715939949401195     
   17.170833333333334      -0.31734198414109227     
   17.212499999999999      -0.31749570321411968     
   17.254166666666666      -0.31762064390328043     
   17.295833333333334      -0.31771689573782874     
   17.337499999999999      -0.31778455055184152     
   17.379166666666666      -0.31782370245006186     
   17.420833333333334      -0.31783444777385150     
   17.462499999999999      -0.31781688506724487     
   17.504166666666666      -0.31777111504310185     
   17.545833333333334      -0.31769724054938336     
   17.587499999999999      -0.31759536653553927     
   17.629166666666666      -0.31746560001901031     
   17.670833333333334      -0.31730805005185880     
   17.712499999999999      -0.31712282768752381     
   17.754166666666666      -0.31691004594770328     
   17.795833333333334      -0.31666981978937220     
   17.837499999999999      -0.31640226607193755     
   17.879166666666666      -0.31610750352453187     
   17.920833333333334      -0.31578565271344894     
   17.962499999999999      -0.31543683600972661     
   18.004166666666666      -0.31506117755687629     
   18.045833333333334      -0.31465880323876394     
   18.087499999999999      -0.31422984064765064     
   18.129166666666666      -0.31377441905238296     
   18.170833333333334      -0.31329266936674965     
   18.212499999999999      -0.31278472411799729     
   18.254166666666666      -0.31225071741550831     
   18.295833333333334      -0.31169078491965363     
   18.337499999999999      -0.31110506381080860     
   18.379166666666666      -0.31049369275854416     
   18.420833333333334      -0.30985681189099162     
   18.462499999999999      -0.30919456276438106     
   18.504166666666666      -0.30850708833276436     
   18.545833333333334      -0.30779453291791775     
   18.587499999999999      -0.30705704217942159     
   18.629166666666666      -0.30629476308492676     
   18.670833333333334      -0.30550784388061181     
   18.712499999999999      -0.30469643406182184     
   18.754166666666666      -0.30386068434389957     
   18.795833333333334      -0.30300074663321364     
   18.837499999999999      -0.30211677399837067     
   18.879166666666666      -0.30120892064162830     
   18.920833333333334      -0.30027734187049981     
   18.962499999999999      -0.29932219406955801     
   19.004166666666666      -0.29834363467244240     
   19.045833333333334      -0.29734182213406035     
   19.087499999999999      -0.29631691590299236     
   19.129166666666666      -0.29526907639409994     
   19.170833333333334      -0.29419846496133578     
   19.212499999999999      -0.29310524387076159     
   19.254166666666666      -0.29198957627376776     
   19.295833333333334      -0.29085162618050425     
   19.337499999999999      -0.28969155843351591     
   19.379166666666666      -0.28850953868158907     
   19.420833333333334      -0.28730573335380610     
   19.462499999999999      -0.28608030963380865     
   19.504166666666666      -0.28483343543427714     
   19.545833333333334      -0.28356527937161585     
   19.587499999999999      -0.28227601074085562     
   19.629166666666666      -0.28096579949076500     
   19.670833333333334      -0.27963481619917829     
   19.712499999999999      -0.27828323204853461     
   19.754166666666666      -0.27691121880163594     
   19.795833333333334      -0.27551894877761773     
   19.837499999999999      -0.27410659482813410     
   19.879166666666666      -0.27267433031375449     
   19.920833333333334      -0.27122232908058841     
   19.962499999999999      -0.26975076543711290     
   20.004166666666666      -0.26825981413122818     
   20.045833333333334      -0.26674965032752174     
   20.087499999999999      -0.26522044958475138     
   20.129166666666666      -0.26367238783354791     
   20.170833333333334      -0.26210564135433057     
   20.212499999999999      -0.26052038675544353     
   20.254166666666666      -0.25891680095150621     
   20.295833333333334      -0.25729506114198342     
   20.337499999999999      -0.25565534478997137     
   20.379166666666666      -0.25399782960119988     
   20.420833333333334      -0.25232269350325176     
   20.462499999999999      -0.25063011462499868     
   20.504166666666666      -0.24892027127625452     
   20.545833333333334      -0.24719334192764203     
   20.587499999999999      -0.24544950519068096     
   20.629166666666666      -0.24368893979808559     
   20.670833333333334      -0.24191182458428179     
   20.712499999999999      -0.24011833846613834     
   20.754166666666666      -0.23830866042391161     
   20.795833333333334      -0.23648296948240460     
   20.837499999999999      -0.23464144469234055     
   20.879166666666666      -0.23278426511195138     
   20.920833333333334      -0.23091160978877759     
   20.962499999999999      -0.22902365774168007     
   21.004166666666666      -0.22712058794306558     
   21.045833333333334      -0.22520257930132018     
   21.087499999999999      -0.22326981064345794     
   21.129166666666666      -0.22132246069797709     
   21.170833333333334      -0.21936070807792837     
   21.212499999999999      -0.21738473126418648     
   21.254166666666666      -0.21539470858893678     
   21.295833333333334      -0.21339081821936701     
   21.337499999999999      -0.21137323814156550     
   21.379166666666666      -0.20934214614462679     
   21.420833333333334      -0.20729771980495965     
   21.462499999999999      -0.20524013647080427     
   21.504166666666666      -0.20316957324695090     
   21.545833333333334      -0.20108620697966292     
   21.587499999999999      -0.19899021424180174     
   21.629166666666666      -0.19688177131815060     
   21.670833333333334      -0.19476105419094319     
   21.712499999999999      -0.19262823852559205     
   21.754166666666666      -0.19048349965661418     
   21.795833333333334      -0.18832701257375470     
   21.837499999999999      -0.18615895190830767     
   21.879166666666666      -0.18397949191963570     
   21.920833333333334      -0.18178880648188123     
   21.962499999999999      -0.17958706907087535     
   22.004166666666666      -0.17737445275123614     
   22.045833333333334      -0.17515113016366510     
   22.087499999999999      -0.17291727351243102     
   22.129166666666666      -0.17067305455304688     
   22.170833333333334      -0.16841864458013331     
   22.212499999999999      -0.16615421441547262     
   22.254166666666666      -0.16387993439624968     
   22.295833333333334      -0.16159597436347878     
   22.337499999999999      -0.15930250365061852     
   22.379166666666666      -0.15699969107236714     
   22.420833333333334      -0.15468770491364162     
   22.462499999999999      -0.15236671291874157     
   22.504166666666666      -0.15003688228069365     
   22.545833333333334      -0.14769837963077273     
   22.587499999999999      -0.14535137102820511     
   22.629166666666666      -0.14299602195004879     
   22.670833333333334      -0.14063249728124949     
   22.712499999999999      -0.13826096130487256     
   22.754166666666666      -0.13588157769250919     
   22.795833333333334      -0.13349450949485614     
   22.837499999999999      -0.13109991913246774     
   22.879166666666666      -0.12869796838667655     
   22.920833333333334      -0.12628881839068640     
   22.962499999999999      -0.12387262962083335     
   23.004166666666666      -0.12144956188801216     
   23.045833333333334      -0.11901977432927162     
   23.087499999999999      -0.11658342539957291     
   23.129166666666666      -0.11414067286371229     
   23.170833333333334      -0.11169167378840640     
   23.212499999999999      -0.10923658453453906     
   23.254166666666666      -0.10677556074956839     
   23.295833333333334      -0.10430875736009194     
   23.337499999999999      -0.10183632856457181     
   23.379166666666666       -9.9358427826213694E-002
   23.420833333333334       -9.6875207866002178E-002
   23.462499999999999       -9.4386820655890630E-002
   23.504166666666666       -9.1893417412143588E-002
   23.545833333333334       -8.9395148588831436E-002
   23.587499999999999       -8.6892163871474457E-002
   23.629166666666666       -8.4384612170835593E-002
   23.670833333333334       -8.1872641616863834E-002
   23.712499999999999       -7.9356399552781842E-002
   23.754166666666666       -7.6836032529320933E-002
   23.795833333333334       -7.4311686299097596E-002
   23.837499999999999       -7.1783505811135670E-002
   23.879166666666666       -6.9251635205529530E-002
   23.920833333333334       -6.6716217808247907E-002
   23.962499999999999       -6.4177396126076536E-002
   24.004166666666666       -6.1635311841698869E-002
   24.045833333333334       -5.9090105808914752E-002
   24.087499999999999       -5.6541918047993599E-002
   24.129166666666666       -5.3990887741162397E-002
   24.170833333333334       -5.1437153228226937E-002
   24.212499999999999       -4.8880852002324525E-002
   24.254166666666666       -4.6322120705808122E-002
   24.295833333333334       -4.3761095126259052E-002
   24.337499999999999       -4.1197910192628785E-002
   24.379166666666666       -3.8632699971507187E-002
   24.420833333333334       -3.6065597663516746E-002
   24.462499999999999       -3.3496735599831330E-002
   24.504166666666666       -3.0926245238818484E-002
   24.545833333333334       -2.8354257162803133E-002
   24.587499999999999       -2.5780901074952838E-002
   24.629166666666666       -2.3206305796282814E-002
   24.670833333333334       -2.0630599262778611E-002
   24.712499999999999       -1.8053908522636962E-002
   24.754166666666666       -1.5476359733622142E-002
   24.795833333333334       -1.2898078160537344E-002
   24.837499999999999       -1.0319188172809501E-002
   24.879166666666666       -7.7398132421867766E-003
   24.920833333333334       -5.1600759405472417E-003
   24.962499999999999       -2.5800979378174460E-003
  
