0.00416667 5.74674e-06
0.0458333 0.000654312
0.0875 0.00225056
0.129167 0.00464167
0.170833 0.00770602
0.2125 0.0113468
0.254167 0.0154866
0.295833 0.0200633
0.3375 0.0250262
0.379167 0.0303334
0.420833 0.0359499
0.4625 0.0418455
0.504167 0.0479941
0.545833 0.0543721
0.5875 0.0609583
0.629167 0.0677332
0.670833 0.0746783
0.7125 0.0817764
0.754167 0.0890108
0.795833 0.0963657
0.8375 0.103826
0.879167 0.111377
0.920833 0.119004
0.9625 0.126694
1.00417 0.134433
1.04583 0.142209
1.0875 0.15001
1.12917 0.157823
1.17083 0.165638
1.2125 0.173443
1.25417 0.181229
1.29583 0.188985
1.3375 0.196703
1.37917 0.204372
1.42083 0.211985
1.4625 0.219535
1.50417 0.227012
1.54583 0.234411
1.5875 0.241725
1.62917 0.248948
1.67083 0.256073
1.7125 0.263095
1.75417 0.27001
1.79583 0.276812
1.8375 0.283498
1.87917 0.290064
1.92083 0.296505
1.9625 0.302819
2.00417 0.309002
2.04583 0.315052
2.0875 0.320967
2.12917 0.326744
2.17083 0.332381
2.2125 0.337877
2.25417 0.34323
2.29583 0.34844
2.3375 0.353505
2.37917 0.358423
2.42083 0.363196
2.4625 0.367822
2.50417 0.372301
2.54583 0.376633
2.5875 0.380818
2.62917 0.384856
2.67083 0.388748
2.7125 0.392494
2.75417 0.396094
2.79583 0.39955
2.8375 0.402862
2.87917 0.406032
2.92083 0.409059
2.9625 0.411946
3.00417 0.414694
3.04583 0.417303
3.0875 0.419776
3.12917 0.422113
3.17083 0.424317
3.2125 0.426388
3.25417 0.428329
3.29583 0.43014
3.3375 0.431824
3.37917 0.433383
3.42083 0.434818
3.4625 0.436131
3.50417 0.437324
3.54583 0.438399
3.5875 0.439358
3.62917 0.440202
3.67083 0.440934
3.7125 0.441556
3.75417 0.442069
3.79583 0.442476
3.8375 0.442779
3.87917 0.442979
3.92083 0.443079
3.9625 0.443081
4.00417 0.442986
4.04583 0.442798
4.0875 0.442517
4.12917 0.442146
4.17083 0.441687
4.2125 0.441142
4.25417 0.440512
4.29583 0.439801
4.3375 0.439009
4.37917 0.438139
4.42083 0.437194
4.4625 0.436173
4.50417 0.435081
4.54583 0.433918
4.5875 0.432687
4.62917 0.431389
4.67083 0.430026
4.7125 0.4286
4.75417 0.427114
4.79583 0.425568
4.8375 0.423964
4.87917 0.422305
4.92083 0.420592
4.9625 0.418826
5.00417 0.41701
5.04583 0.415145
5.0875 0.413233
5.12917 0.411275
5.17083 0.409274
5.2125 0.407229
5.25417 0.405144
5.29583 0.40302
5.3375 0.400857
5.37917 0.398658
5.42083 0.396425
5.4625 0.394158
5.50417 0.391858
5.54583 0.389529
5.5875 0.387169
5.62917 0.384782
5.67083 0.382368
5.7125 0.379929
5.75417 0.377466
5.79583 0.37498
5.8375 0.372472
5.87917 0.369943
5.92083 0.367396
5.9625 0.36483
6.00417 0.362247
6.04583 0.359648
6.0875 0.357035
6.12917 0.354407
6.17083 0.351767
6.2125 0.349114
6.25417 0.346451
6.29583 0.343779
6.3375 0.341097
6.37917 0.338407
6.42083 0.33571
6.4625 0.333007
6.50417 0.330298
6.54583 0.327585
6.5875 0.324868
6.62917 0.322148
6.67083 0.319426
6.7125 0.316703
6.75417 0.313978
6.79583 0.311254
6.8375 0.308531
6.87917 0.305808
6.92083 0.303088
6.9625 0.300371
7.00417 0.297656
7.04583 0.294946
7.0875 0.29224
7.12917 0.289539
7.17083 0.286844
7.2125 0.284154
7.25417 0.281472
7.29583 0.278796
7.3375 0.276128
7.37917 0.273468
7.42083 0.270817
7.4625 0.268174
7.50417 0.265541
7.54583 0.262918
7.5875 0.260305
7.62917 0.257702
7.67083 0.255111
7.7125 0.25253
7.75417 0.249962
7.79583 0.247405
7.8375 0.244861
7.87917 0.242329
7.92083 0.23981
7.9625 0.237305
8.00417 0.234812
8.04583 0.232334
8.0875 0.229869
8.12917 0.227419
8.17083 0.224983
8.2125 0.222561
8.25417 0.220155
8.29583 0.217763
8.3375 0.215387
8.37917 0.213026
8.42083 0.210681
8.4625 0.208351
8.50417 0.206037
8.54583 0.203739
8.5875 0.201458
8.62917 0.199192
8.67083 0.196943
8.7125 0.19471
8.75417 0.192494
8.79583 0.190295
8.8375 0.188113
8.87917 0.185947
8.92083 0.183798
8.9625 0.181666
9.00417 0.179551
9.04583 0.177454
9.0875 0.175373
9.12917 0.173309
9.17083 0.171263
9.2125 0.169234
9.25417 0.167222
9.29583 0.165228
9.3375 0.163251
9.37917 0.161291
9.42083 0.159348
9.4625 0.157423
9.50417 0.155515
9.54583 0.153624
9.5875 0.151751
9.62917 0.149894
9.67083 0.148055
9.7125 0.146233
9.75417 0.144428
9.79583 0.142641
9.8375 0.14087
9.87917 0.139117
9.92083 0.13738
9.9625 0.13566
10.0042 0.133958
10.0458 0.132272
10.0875 0.130602
10.1292 0.12895
10.1708 0.127314
10.2125 0.125695
10.2542 0.124092
10.2958 0.122506
10.3375 0.120936
10.3792 0.119382
10.4208 0.117844
10.4625 0.116323
10.5042 0.114817
10.5458 0.113328
10.5875 0.111854
10.6292 0.110396
10.6708 0.108954
10.7125 0.107528
10.7542 0.106116
10.7958 0.104721
10.8375 0.10334
10.8792 0.101975
10.9208 0.100625
10.9625 0.0992899
11.0042 0.0979697
11.0458 0.0966643
11.0875 0.0953736
11.1292 0.0940975
11.1708 0.0928359
11.2125 0.0915887
11.2542 0.0903557
11.2958 0.089137
11.3375 0.0879322
11.3792 0.0867415
11.4208 0.0855646
11.4625 0.0844014
11.5042 0.0832518
11.5458 0.0821158
11.5875 0.0809931
11.6292 0.0798838
11.6708 0.0787877
11.7125 0.0777046
11.7542 0.0766345
11.7958 0.0755772
11.8375 0.0745327
11.8792 0.0735007
11.9208 0.0724814
11.9625 0.0714744
12.0042 0.0704797
12.0458 0.0694971
12.0875 0.0685267
12.1292 0.0675682
12.1708 0.0666215
12.2125 0.0656866
12.2542 0.0647633
12.2958 0.0638515
12.3375 0.0629511
12.3792 0.062062
12.4208 0.061184
12.4625 0.0603172
12.5042 0.0594613
12.5458 0.0586162
12.5875 0.0577819
12.6292 0.0569582
12.6708 0.0561451
12.7125 0.0553423
12.7542 0.0545499
12.7958 0.0537677
12.8375 0.0529955
12.8792 0.0522334
12.9208 0.0514811
12.9625 0.0507387
13.0042 0.0500059
13.0458 0.0492827
13.0875 0.0485689
13.1292 0.0478646
13.1708 0.0471694
13.2125 0.0464835
13.2542 0.0458066
13.2958 0.0451387
13.3375 0.0444797
13.3792 0.0438294
13.4208 0.0431878
13.4625 0.0425548
13.5042 0.0419302
13.5458 0.041314
13.5875 0.0407062
13.6292 0.0401065
13.6708 0.0395149
13.7125 0.0389313
13.7542 0.0383556
13.7958 0.0377877
13.8375 0.0372276
13.8792 0.036675
13.9208 0.0361301
13.9625 0.0355926
14.0042 0.0350625
14.0458 0.0345396
14.0875 0.034024
14.1292 0.0335154
14.1708 0.0330139
14.2125 0.0325193
14.2542 0.0320316
14.2958 0.0315507
14.3375 0.0310764
14.3792 0.0306088
14.4208 0.0301477
14.4625 0.029693
14.5042 0.0292447
14.5458 0.0288027
14.5875 0.0283669
14.6292 0.0279372
14.6708 0.0275136
14.7125 0.027096
14.7542 0.0266842
14.7958 0.0262783
14.8375 0.0258782
14.8792 0.0254838
14.9208 0.0250949
14.9625 0.0247116
15.0042 0.0243338
15.0458 0.0239614
15.0875 0.0235943
15.1292 0.0232325
15.1708 0.0228758
15.2125 0.0225243
15.2542 0.0221779
15.2958 0.0218364
15.3375 0.0214999
15.3792 0.0211683
15.4208 0.0208414
15.4625 0.0205193
15.5042 0.0202019
15.5458 0.0198891
15.5875 0.0195808
15.6292 0.019277
15.6708 0.0189777
15.7125 0.0186827
15.7542 0.0183921
15.7958 0.0181057
15.8375 0.0178235
15.8792 0.0175455
15.9208 0.0172715
15.9625 0.0170016
16.0042 0.0167357
16.0458 0.0164736
16.0875 0.0162155
16.1292 0.0159612
16.1708 0.0157106
16.2125 0.0154638
16.2542 0.0152206
16.2958 0.014981
16.3375 0.014745
16.3792 0.0145126
16.4208 0.0142836
16.4625 0.014058
16.5042 0.0138357
16.5458 0.0136168
16.5875 0.0134012
16.6292 0.0131888
16.6708 0.0129796
16.7125 0.0127736
16.7542 0.0125706
16.7958 0.0123707
16.8375 0.0121738
16.8792 0.0119799
16.9208 0.0117889
16.9625 0.0116008
17.0042 0.0114156
17.0458 0.0112331
17.0875 0.0110534
17.1292 0.0108765
17.1708 0.0107022
17.2125 0.0105306
17.2542 0.0103616
17.2958 0.0101951
17.3375 0.0100312
17.3792 0.00986981
17.4208 0.00971087
17.4625 0.00955436
17.5042 0.00940024
17.5458 0.00924848
17.5875 0.00909905
17.6292 0.0089519
17.6708 0.00880702
17.7125 0.00866435
17.7542 0.00852388
17.7958 0.00838557
17.8375 0.00824939
17.8792 0.00811531
17.9208 0.00798329
17.9625 0.00785331
18.0042 0.00772533
18.0458 0.00759933
18.0875 0.00747527
18.1292 0.00735314
18.1708 0.00723289
18.2125 0.00711451
18.2542 0.00699796
18.2958 0.00688321
18.3375 0.00677025
18.3792 0.00665904
18.4208 0.00654955
18.4625 0.00644177
18.5042 0.00633566
18.5458 0.0062312
18.5875 0.00612837
18.6292 0.00602713
18.6708 0.00592748
18.7125 0.00582938
18.7542 0.0057328
18.7958 0.00563773
18.8375 0.00554415
18.8792 0.00545202
18.9208 0.00536133
18.9625 0.00527206
19.0042 0.00518419
19.0458 0.00509768
19.0875 0.00501253
19.1292 0.00492871
19.1708 0.0048462
19.2125 0.00476498
19.2542 0.00468503
19.2958 0.00460633
19.3375 0.00452887
19.3792 0.00445261
19.4208 0.00437755
19.4625 0.00430367
19.5042 0.00423094
19.5458 0.00415935
19.5875 0.00408887
19.6292 0.00401951
19.6708 0.00395122
19.7125 0.00388401
19.7542 0.00381785
19.7958 0.00375272
19.8375 0.00368861
19.8792 0.0036255
19.9208 0.00356338
19.9625 0.00350223
20.0042 0.00344204
20.0458 0.00338279
20.0875 0.00332446
20.1292 0.00326704
20.1708 0.00321051
20.2125 0.00315487
20.2542 0.00310009
20.2958 0.00304616
20.3375 0.00299308
20.3792 0.00294082
20.4208 0.00288937
20.4625 0.00283871
20.5042 0.00278885
20.5458 0.00273975
20.5875 0.00269142
20.6292 0.00264383
20.6708 0.00259698
20.7125 0.00255084
20.7542 0.00250542
20.7958 0.0024607
20.8375 0.00241666
20.8792 0.0023733
20.9208 0.0023306
20.9625 0.00228856
21.0042 0.00224715
21.0458 0.00220638
21.0875 0.00216622
21.1292 0.00212668
21.1708 0.00208773
21.2125 0.00204937
21.2542 0.00201159
21.2958 0.00197438
21.3375 0.00193772
21.3792 0.00190161
21.4208 0.00186605
21.4625 0.00183101
21.5042 0.00179648
21.5458 0.00176247
21.5875 0.00172896
21.6292 0.00169595
21.6708 0.00166341
21.7125 0.00163135
21.7542 0.00159976
21.7958 0.00156862
21.8375 0.00153793
21.8792 0.00150768
21.9208 0.00147787
21.9625 0.00144847
22.0042 0.0014195
22.0458 0.00139093
22.0875 0.00136276
22.1292 0.00133498
22.1708 0.00130759
22.2125 0.00128057
22.2542 0.00125393
22.2958 0.00122764
22.3375 0.00120171
22.3792 0.00117613
22.4208 0.00115089
22.4625 0.00112599
22.5042 0.00110141
22.5458 0.00107715
22.5875 0.0010532
22.6292 0.00102956
22.6708 0.00100623
22.7125 0.000983179
22.7542 0.00096042
22.7958 0.000937941
22.8375 0.000915737
22.8792 0.0008938
22.9208 0.000872125
22.9625 0.000850706
23.0042 0.000829536
23.0458 0.000808609
23.0875 0.000787921
23.1292 0.000767464
23.1708 0.000747233
23.2125 0.000727222
23.2542 0.000707425
23.2958 0.000687837
23.3375 0.000668452
23.3792 0.000649265
23.4208 0.00063027
23.4625 0.000611461
23.5042 0.000592834
23.5458 0.000574382
23.5875 0.000556101
23.6292 0.000537985
23.6708 0.000520029
23.7125 0.000502227
23.7542 0.000484575
23.7958 0.000467067
23.8375 0.000449699
23.8792 0.000432465
23.9208 0.00041536
23.9625 0.000398379
24.0042 0.000381517
24.0458 0.00036477
24.0875 0.000348132
24.1292 0.000331598
24.1708 0.000315163
24.2125 0.000298823
24.2542 0.000282573
24.2958 0.000266408
24.3375 0.000250324
24.3792 0.000234314
24.4208 0.000218375
24.4625 0.000202502
24.5042 0.00018669
24.5458 0.000170935
24.5875 0.000155231
24.6292 0.000139574
24.6708 0.000123959
24.7125 0.000108382
24.7542 9.28382e-05
24.7958 7.73221e-05
24.8375 6.18295e-05
24.8792 4.63557e-05
24.9208 3.0896e-05
24.9625 1.54456e-05

0.00416667 3.54717e-06
0.0458333 0.000403862
0.0875 0.001389
0.129167 0.00286437
0.170833 0.00475448
0.2125 0.00699905
0.254167 0.00954974
0.295833 0.0123674
0.3375 0.0154202
0.379167 0.0186813
0.420833 0.0221282
0.4625 0.0257416
0.504167 0.0295042
0.545833 0.0334006
0.5875 0.0374168
0.629167 0.0415395
0.670833 0.0457564
0.7125 0.0500557
0.754167 0.0544262
0.795833 0.0588571
0.8375 0.0633377
0.879167 0.0678581
0.920833 0.0724083
0.9625 0.0769789
1.00417 0.0815606
1.04583 0.0861446
1.0875 0.0907222
1.12917 0.0952852
1.17083 0.0998257
1.2125 0.104336
1.25417 0.108809
1.29583 0.113237
1.3375 0.117614
1.37917 0.121934
1.42083 0.12619
1.4625 0.130377
1.50417 0.13449
1.54583 0.138523
1.5875 0.142471
1.62917 0.146331
1.67083 0.150097
1.7125 0.153766
1.75417 0.157335
1.79583 0.160799
1.8375 0.164157
1.87917 0.167404
1.92083 0.170538
1.9625 0.173557
2.00417 0.176459
2.04583 0.179241
2.0875 0.181902
2.12917 0.18444
2.17083 0.186855
2.2125 0.189143
2.25417 0.191306
2.29583 0.193341
2.3375 0.195249
2.37917 0.197027
2.42083 0.198677
2.4625 0.200198
2.50417 0.20159
2.54583 0.202853
2.5875 0.203986
2.62917 0.204991
2.67083 0.205867
2.7125 0.206616
2.75417 0.207237
2.79583 0.207732
2.8375 0.208101
2.87917 0.208345
2.92083 0.208465
2.9625 0.208462
3.00417 0.208337
3.04583 0.208092
3.0875 0.207727
3.12917 0.207245
3.17083 0.206645
3.2125 0.205931
3.25417 0.205102
3.29583 0.204162
3.3375 0.203111
3.37917 0.201951
3.42083 0.200683
3.4625 0.19931
3.50417 0.197834
3.54583 0.196255
3.5875 0.194576
3.62917 0.192798
3.67083 0.190924
3.7125 0.188955
3.75417 0.186893
3.79583 0.184741
3.8375 0.182499
3.87917 0.18017
3.92083 0.177757
3.9625 0.17526
4.00417 0.172682
4.04583 0.170025
4.0875 0.16729
4.12917 0.164481
4.17083 0.161598
4.2125 0.158644
4.25417 0.155621
4.29583 0.15253
4.3375 0.149375
4.37917 0.146155
4.42083 0.142875
4.4625 0.139535
4.50417 0.136138
4.54583 0.132685
4.5875 0.129179
4.62917 0.125621
4.67083 0.122013
4.7125 0.118358
4.75417 0.114656
4.79583 0.110911
4.8375 0.107123
4.87917 0.103295
4.92083 0.0994278
4.9625 0.0955242
5.00417 0.0915855
5.04583 0.0876136
5.0875 0.0836101
5.12917 0.0795769
5.17083 0.0755156
5.2125 0.0714279
5.25417 0.0673155
5.29583 0.06318
5.3375 0.059023
5.37917 0.0548462
5.42083 0.050651
5.4625 0.0464392
5.50417 0.0422121
5.54583 0.0379714
5.5875 0.0337184
5.62917 0.0294548
5.67083 0.0251818
5.7125 0.020901
5.75417 0.0166138
5.79583 0.0123214
5.8375 0.00802528
5.87917 0.00372676
5.92083 -0.00057288
5.9625 -0.00487235
6.00417 -0.0091704
6.04583 -0.0134658
6.0875 -0.0177573
6.12917 -0.0220438
6.17083 -0.026324
6.2125 -0.030597
6.25417 -0.0348614
6.29583 -0.0391163
6.3375 -0.0433605
6.37917 -0.0475931
6.42083 -0.051813
6.4625 -0.0560192
6.50417 -0.0602107
6.54583 -0.0643865
6.5875 -0.0685458
6.62917 -0.0726877
6.67083 -0.0768111
6.7125 -0.0809154
6.75417 -0.0849995
6.79583 -0.0890628
6.8375 -0.0931044
6.87917 -0.0971235
6.92083 -0.101119
6.9625 -0.105091
7.00417 -0.109038
7.04583 -0.11296
7.0875 -0.116856
7.12917 -0.120725
7.17083 -0.124567
7.2125 -0.12838
7.25417 -0.132166
7.29583 -0.135922
7.3375 -0.139648
7.37917 -0.143344
7.42083 -0.147009
7.4625 -0.150643
7.50417 -0.154245
7.54583 -0.157815
7.5875 -0.161353
7.62917 -0.164857
7.67083 -0.168328
7.7125 -0.171765
7.75417 -0.175167
7.79583 -0.178535
7.8375 -0.181868
7.87917 -0.185165
7.92083 -0.188427
7.9625 -0.191653
8.00417 -0.194842
8.04583 -0.197995
8.0875 -0.201112
8.12917 -0.204191
8.17083 -0.207233
8.2125 -0.210237
8.25417 -0.213204
8.29583 -0.216133
8.3375 -0.219024
8.37917 -0.221877
8.42083 -0.224691
8.4625 -0.227467
8.50417 -0.230204
8.54583 -0.232903
8.5875 -0.235563
8.62917 -0.238184
8.67083 -0.240766
8.7125 -0.243309
8.75417 -0.245812
8.79583 -0.248277
8.8375 -0.250703
8.87917 -0.253089
8.92083 -0.255436
8.9625 -0.257744
9.00417 -0.260013
9.04583 -0.262242
9.0875 -0.264433
9.12917 -0.266584
9.17083 -0.268696
9.2125 -0.270769
9.25417 -0.272804
9.29583 -0.274799
9.3375 -0.276755
9.37917 -0.278673
9.42083 -0.280552
9.4625 -0.282393
9.50417 -0.284195
9.54583 -0.285959
9.5875 -0.287685
9.62917 -0.289373
9.67083 -0.291023
9.7125 -0.292635
9.75417 -0.294209
9.79583 -0.295746
9.8375 -0.297246
9.87917 -0.298708
9.92083 -0.300134
9.9625 -0.301523
10.0042 -0.302875
10.0458 -0.30419
10.0875 -0.30547
10.1292 -0.306713
10.1708 -0.307921
10.2125 -0.309093
10.2542 -0.310229
10.2958 -0.311331
10.3375 -0.312397
10.3792 -0.313429
10.4208 -0.314426
10.4625 -0.315389
10.5042 -0.316317
10.5458 -0.317212
10.5875 -0.318074
10.6292 -0.318901
10.6708 -0.319696
10.7125 -0.320458
10.7542 -0.321188
10.7958 -0.321885
10.8375 -0.32255
10.8792 -0.323183
10.9208 -0.323784
10.9625 -0.324354
11.0042 -0.324893
11.0458 -0.325402
11.0875 -0.32588
11.1292 -0.326327
11.1708 -0.326745
11.2125 -0.327133
11.2542 -0.327491
11.2958 -0.327821
11.3375 -0.328121
11.3792 -0.328393
11.4208 -0.328637
11.4625 -0.328852
11.5042 -0.32904
11.5458 -0.329201
11.5875 -0.329334
11.6292 -0.32944
11.6708 -0.32952
11.7125 -0.329573
11.7542 -0.3296
11.7958 -0.329602
11.8375 -0.329578
11.8792 -0.329529
11.9208 -0.329455
11.9625 -0.329356
12.0042 -0.329234
12.0458 -0.329087
12.0875 -0.328916
12.1292 -0.328722
12.1708 -0.328504
12.2125 -0.328264
12.2542 -0.328001
12.2958 -0.327716
12.3375 -0.327408
12.3792 -0.327079
12.4208 -0.326729
12.4625 -0.326357
12.5042 -0.325964
12.5458 -0.325551
12.5875 -0.325117
12.6292 -0.324663
12.6708 -0.324189
12.7125 -0.323696
12.7542 -0.323184
12.7958 -0.322652
12.8375 -0.322102
12.8792 -0.321533
12.9208 -0.320947
12.9625 -0.320342
13.0042 -0.319719
13.0458 -0.31908
13.0875 -0.318423
13.1292 -0.317749
13.1708 -0.317059
13.2125 -0.316352
13.2542 -0.315629
13.2958 -0.314891
13.3375 -0.314137
13.3792 -0.313367
13.4208 -0.312583
13.4625 -0.311784
13.5042 -0.31097
13.5458 -0.310142
13.5875 -0.3093
13.6292 -0.308444
13.6708 -0.307575
13.7125 -0.306692
13.7542 -0.305796
13.7958 -0.304887
13.8375 -0.303966
13.8792 -0.303032
13.9208 -0.302087
13.9625 -0.301129
14.0042 -0.30016
14.0458 -0.299179
14.0875 -0.298187
14.1292 -0.297184
14.1708 -0.29617
14.2125 -0.295146
14.2542 -0.294111
14.2958 -0.293067
14.3375 -0.292012
14.3792 -0.290948
14.4208 -0.289874
14.4625 -0.288791
14.5042 -0.287699
14.5458 -0.286598
14.5875 -0.285488
14.6292 -0.28437
14.6708 -0.283244
14.7125 -0.28211
14.7542 -0.280968
14.7958 -0.279818
14.8375 -0.27866
14.8792 -0.277496
14.9208 -0.276324
14.9625 -0.275146
15.0042 -0.27396
15.0458 -0.272768
15.0875 -0.27157
15.1292 -0.270366
15.1708 -0.269155
15.2125 -0.267939
15.2542 -0.266717
15.2958 -0.26549
15.3375 -0.264257
15.3792 -0.263019
15.4208 -0.261776
15.4625 -0.260529
15.5042 -0.259276
15.5458 -0.25802
15.5875 -0.256758
15.6292 -0.255493
15.6708 -0.254223
15.7125 -0.25295
15.7542 -0.251673
15.7958 -0.250392
15.8375 -0.249108
15.8792 -0.247821
15.9208 -0.24653
15.9625 -0.245237
16.0042 -0.24394
16.0458 -0.242641
16.0875 -0.241339
16.1292 -0.240035
16.1708 -0.238728
16.2125 -0.237419
16.2542 -0.236108
16.2958 -0.234795
16.3375 -0.23348
16.3792 -0.232163
16.4208 -0.230845
16.4625 -0.229526
16.5042 -0.228205
16.5458 -0.226882
16.5875 -0.225559
16.6292 -0.224234
16.6708 -0.222909
16.7125 -0.221583
16.7542 -0.220256
16.7958 -0.218928
16.8375 -0.2176
16.8792 -0.216272
16.9208 -0.214943
16.9625 -0.213614
17.0042 -0.212285
17.0458 -0.210956
17.0875 -0.209627
17.1292 -0.208298
17.1708 -0.206969
17.2125 -0.205641
17.2542 -0.204313
17.2958 -0.202986
17.3375 -0.201659
17.3792 -0.200333
17.4208 -0.199008
17.4625 -0.197684
17.5042 -0.19636
17.5458 -0.195038
17.5875 -0.193716
17.6292 -0.192396
17.6708 -0.191077
17.7125 -0.189759
17.7542 -0.188443
17.7958 -0.187128
17.8375 -0.185815
17.8792 -0.184503
17.9208 -0.183192
17.9625 -0.181884
18.0042 -0.180577
18.0458 -0.179272
18.0875 -0.177969
18.1292 -0.176667
18.1708 -0.175368
18.2125 -0.174071
18.2542 -0.172776
18.2958 -0.171483
18.3375 -0.170192
18.3792 -0.168903
18.4208 -0.167617
18.4625 -0.166333
18.5042 -0.165051
18.5458 -0.163772
18.5875 -0.162495
18.6292 -0.16122
18.6708 -0.159949
18.7125 -0.158679
18.7542 -0.157413
18.7958 -0.156149
18.8375 -0.154888
18.8792 -0.153629
18.9208 -0.152373
18.9625 -0.15112
19.0042 -0.14987
19.0458 -0.148623
19.0875 -0.147378
19.1292 -0.146137
19.1708 -0.144898
19.2125 -0.143663
19.2542 -0.14243
19.2958 -0.1412
19.3375 -0.139974
19.3792 -0.13875
19.4208 -0.13753
19.4625 -0.136313
19.5042 -0.135098
19.5458 -0.133887
19.5875 -0.132679
19.6292 -0.131474
19.6708 -0.130273
19.7125 -0.129075
19.7542 -0.127879
19.7958 -0.126687
19.8375 -0.125499
19.8792 -0.124313
19.9208 -0.123131
19.9625 -0.121952
20.0042 -0.120777
20.0458 -0.119604
20.0875 -0.118435
20.1292 -0.11727
20.1708 -0.116107
20.2125 -0.114948
20.2542 -0.113792
20.2958 -0.11264
20.3375 -0.111491
20.3792 -0.110345
20.4208 -0.109202
20.4625 -0.108063
20.5042 -0.106927
20.5458 -0.105794
20.5875 -0.104665
20.6292 -0.103539
20.6708 -0.102417
20.7125 -0.101297
20.7542 -0.100181
20.7958 -0.0990686
20.8375 -0.0979592
20.8792 -0.096853
20.9208 -0.0957501
20.9625 -0.0946505
21.0042 -0.0935541
21.0458 -0.092461
21.0875 -0.0913711
21.1292 -0.0902844
21.1708 -0.089201
21.2125 -0.0881207
21.2542 -0.0870437
21.2958 -0.0859698
21.3375 -0.084899
21.3792 -0.0838314
21.4208 -0.082767
21.4625 -0.0817056
21.5042 -0.0806473
21.5458 -0.0795921
21.5875 -0.07854
21.6292 -0.0774909
21.6708 -0.0764449
21.7125 -0.0754018
21.7542 -0.0743617
21.7958 -0.0733246
21.8375 -0.0722905
21.8792 -0.0712592
21.9208 -0.0702309
21.9625 -0.0692054
22.0042 -0.0681828
22.0458 -0.067163
22.0875 -0.066146
22.1292 -0.0651318
22.1708 -0.0641203
22.2125 -0.0631116
22.2542 -0.0621056
22.2958 -0.0611022
22.3375 -0.0601016
22.3792 -0.0591035
22.4208 -0.058108
22.4625 -0.0571151
22.5042 -0.0561247
22.5458 -0.0551369
22.5875 -0.0541515
22.6292 -0.0531686
22.6708 -0.052188
22.7125 -0.0512099
22.7542 -0.0502341
22.7958 -0.0492607
22.8375 -0.0482895
22.8792 -0.0473206
22.9208 -0.0463539
22.9625 -0.0453894
23.0042 -0.0444271
23.0458 -0.0434669
23.0875 -0.0425087
23.1292 -0.0415527
23.1708 -0.0405986
23.2125 -0.0396465
23.2542 -0.0386964
23.2958 -0.0377481
23.3375 -0.0368017
23.3792 -0.0358572
23.4208 -0.0349145
23.4625 -0.0339735
23.5042 -0.0330342
23.5458 -0.0320966
23.5875 -0.0311606
23.6292 -0.0302262
23.6708 -0.0292934
23.7125 -0.0283621
23.7542 -0.0274322
23.7958 -0.0265038
23.8375 -0.0255768
23.8792 -0.0246511
23.9208 -0.0237267
23.9625 -0.0228036
24.0042 -0.0218817
24.0458 -0.0209609
24.0875 -0.0200413
24.1292 -0.0191228
24.1708 -0.0182053
24.2125 -0.0172888
24.2542 -0.0163732
24.2958 -0.0154585
24.3375 -0.0145447
24.3792 -0.0136317
24.4208 -0.0127195
24.4625 -0.0118079
24.5042 -0.0108971
24.5458 -0.00998679
24.5875 -0.00907708
24.6292 -0.00816789
24.6708 -0.00725917
24.7125 -0.00635086
24.7542 -0.00544291
24.7958 -0.00453528
24.8375 -0.00362791
24.8792 -0.00272074
24.9208 -0.00181374
24.9625 -0.000906844

0.00416667 3.83604e-06
0.0458333 0.000436744
0.0875 0.00150203
0.129167 0.00309722
0.170833 0.00514045
0.2125 0.00756623
0.254167 0.0103219
0.295833 0.0133649
0.3375 0.01666
0.379167 0.020178
0.420833 0.0238941
0.4625 0.0277867
0.504167 0.0318367
0.545833 0.0360269
0.5875 0.0403414
0.629167 0.0447654
0.670833 0.0492849
0.7125 0.0538867
0.754167 0.058558
0.795833 0.0632864
0.8375 0.0680599
0.879167 0.072867
0.920833 0.0776965
0.9625 0.0825375
1.00417 0.0873795
1.04583 0.0922122
1.0875 0.0970259
1.12917 0.101811
1.17083 0.106559
1.2125 0.11126
1.25417 0.115906
1.29583 0.120489
1.3375 0.125003
1.37917 0.129438
1.42083 0.133789
1.4625 0.138048
1.50417 0.142211
1.54583 0.14627
1.5875 0.15022
1.62917 0.154057
1.67083 0.157775
1.7125 0.161371
1.75417 0.164839
1.79583 0.168176
1.8375 0.171378
1.87917 0.174443
1.92083 0.177367
1.9625 0.180148
2.00417 0.182782
2.04583 0.185269
2.0875 0.187606
2.12917 0.189791
2.17083 0.191823
2.2125 0.193701
2.25417 0.195424
2.29583 0.196991
2.3375 0.198401
2.37917 0.199655
2.42083 0.200751
2.4625 0.20169
2.50417 0.202472
2.54583 0.203098
2.5875 0.203567
2.62917 0.20388
2.67083 0.204039
2.7125 0.204044
2.75417 0.203896
2.79583 0.203597
2.8375 0.203147
2.87917 0.202548
2.92083 0.201802
2.9625 0.200909
3.00417 0.199873
3.04583 0.198694
3.0875 0.197375
3.12917 0.195918
3.17083 0.194324
3.2125 0.192596
3.25417 0.190736
3.29583 0.188746
3.3375 0.186629
3.37917 0.184387
3.42083 0.182022
3.4625 0.179538
3.50417 0.176936
3.54583 0.174219
3.5875 0.17139
3.62917 0.168451
3.67083 0.165406
3.7125 0.162257
3.75417 0.159006
3.79583 0.155657
3.8375 0.152212
3.87917 0.148674
3.92083 0.145046
3.9625 0.141331
4.00417 0.137532
4.04583 0.133652
4.0875 0.129693
4.12917 0.125658
4.17083 0.121551
4.2125 0.117374
4.25417 0.11313
4.29583 0.108823
4.3375 0.104454
4.37917 0.100027
4.42083 0.0955448
4.4625 0.0910101
4.50417 0.0864259
4.54583 0.0817949
4.5875 0.0771201
4.62917 0.0724041
4.67083 0.0676498
4.7125 0.06286
4.75417 0.0580374
4.79583 0.0531848
4.8375 0.0483048
4.87917 0.0434002
4.92083 0.0384736
4.9625 0.0335276
5.00417 0.0285649
5.04583 0.0235879
5.0875 0.0185994
5.12917 0.0136018
5.17083 0.00859752
5.2125 0.00358912
5.25417 -0.00142101
5.29583 -0.00643046
5.3375 -0.0114369
5.37917 -0.0164379
5.42083 -0.0214313
5.4625 -0.0264148
5.50417 -0.0313861
5.54583 -0.036343
5.5875 -0.0412835
5.62917 -0.0462053
5.67083 -0.0511064
5.7125 -0.0559848
5.75417 -0.0608384
5.79583 -0.0656653
5.8375 -0.0704634
5.87917 -0.0752311
5.92083 -0.0799663
5.9625 -0.0846672
6.00417 -0.0893321
6.04583 -0.0939593
6.0875 -0.0985469
6.12917 -0.103093
6.17083 -0.107597
6.2125 -0.112056
6.25417 -0.11647
6.29583 -0.120836
6.3375 -0.125153
6.37917 -0.12942
6.42083 -0.133635
6.4625 -0.137796
6.50417 -0.141904
6.54583 -0.145955
6.5875 -0.14995
6.62917 -0.153887
6.67083 -0.157764
6.7125 -0.16158
6.75417 -0.165335
6.79583 -0.169028
6.8375 -0.172657
6.87917 -0.176221
6.92083 -0.179719
6.9625 -0.183151
7.00417 -0.186516
7.04583 -0.189812
7.0875 -0.193039
7.12917 -0.196197
7.17083 -0.199283
7.2125 -0.202299
7.25417 -0.205243
7.29583 -0.208114
7.3375 -0.210912
7.37917 -0.213636
7.42083 -0.216286
7.4625 -0.218861
7.50417 -0.22136
7.54583 -0.223785
7.5875 -0.226133
7.62917 -0.228404
7.67083 -0.230599
7.7125 -0.232716
7.75417 -0.234756
7.79583 -0.236719
7.8375 -0.238603
7.87917 -0.240409
7.92083 -0.242137
7.9625 -0.243787
8.00417 -0.245358
8.04583 -0.24685
8.0875 -0.248264
8.12917 -0.249599
8.17083 -0.250855
8.2125 -0.252032
8.25417 -0.253131
8.29583 -0.254151
8.3375 -0.255093
8.37917 -0.255956
8.42083 -0.25674
8.4625 -0.257447
8.50417 -0.258076
8.54583 -0.258627
8.5875 -0.2591
8.62917 -0.259496
8.67083 -0.259816
8.7125 -0.260058
8.75417 -0.260224
8.79583 -0.260314
8.8375 -0.260329
8.87917 -0.260268
8.92083 -0.260132
8.9625 -0.259921
9.00417 -0.259637
9.04583 -0.259278
9.0875 -0.258847
9.12917 -0.258343
9.17083 -0.257766
9.2125 -0.257118
9.25417 -0.256399
9.29583 -0.255609
9.3375 -0.254748
9.37917 -0.253819
9.42083 -0.25282
9.4625 -0.251753
9.50417 -0.250618
9.54583 -0.249416
9.5875 -0.248148
9.62917 -0.246814
9.67083 -0.245414
9.7125 -0.24395
9.75417 -0.242423
9.79583 -0.240832
9.8375 -0.239178
9.87917 -0.237463
9.92083 -0.235687
9.9625 -0.233851
10.0042 -0.231955
10.0458 -0.230001
10.0875 -0.227988
10.1292 -0.225918
10.1708 -0.223792
10.2125 -0.22161
10.2542 -0.219373
10.2958 -0.217082
10.3375 -0.214738
10.3792 -0.212341
10.4208 -0.209893
10.4625 -0.207394
10.5042 -0.204845
10.5458 -0.202247
10.5875 -0.1996
10.6292 -0.196906
10.6708 -0.194165
10.7125 -0.191378
10.7542 -0.188547
10.7958 -0.185671
10.8375 -0.182752
10.8792 -0.179791
10.9208 -0.176788
10.9625 -0.173745
11.0042 -0.170662
11.0458 -0.16754
11.0875 -0.16438
11.1292 -0.161183
11.1708 -0.15795
11.2125 -0.154681
11.2542 -0.151378
11.2958 -0.148041
11.3375 -0.144672
11.3792 -0.14127
11.4208 -0.137838
11.4625 -0.134375
11.5042 -0.130884
11.5458 -0.127364
11.5875 -0.123816
11.6292 -0.120242
11.6708 -0.116642
11.7125 -0.113017
11.7542 -0.109369
11.7958 -0.105697
11.8375 -0.102003
11.8792 -0.0982878
11.9208 -0.094552
11.9625 -0.0907965
12.0042 -0.0870222
12.0458 -0.08323
12.0875 -0.0794207
12.1292 -0.0755952
12.1708 -0.0717542
12.2125 -0.0678987
12.2542 -0.0640295
12.2958 -0.0601475
12.3375 -0.0562533
12.3792 -0.052348
12.4208 -0.0484322
12.4625 -0.0445068
12.5042 -0.0405727
12.5458 -0.0366306
12.5875 -0.0326813
12.6292 -0.0287257
12.6708 -0.0247645
12.7125 -0.0207985
12.7542 -0.0168284
12.7958 -0.0128552
12.8375 -0.0088795
12.8792 -0.0049021
12.9208 -0.000923782
12.9625 0.00305471
13.0042 0.00703264
13.0458 0.0110092
13.0875 0.0149838
13.1292 0.0189556
13.1708 0.0229238
13.2125 0.0268878
13.2542 0.0308469
13.2958 0.0348003
13.3375 0.0387474
13.3792 0.0426875
13.4208 0.0466198
13.4625 0.0505437
13.5042 0.0544585
13.5458 0.0583635
13.5875 0.0622582
13.6292 0.0661418
13.6708 0.0700137
13.7125 0.0738732
13.7542 0.0777198
13.7958 0.0815527
13.8375 0.0853715
13.8792 0.0891754
13.9208 0.0929638
13.9625 0.0967363
14.0042 0.100492
14.0458 0.104231
14.0875 0.107951
14.1292 0.111654
14.1708 0.115338
14.2125 0.119002
14.2542 0.122646
14.2958 0.126269
14.3375 0.129872
14.3792 0.133453
14.4208 0.137012
14.4625 0.140548
14.5042 0.144061
14.5458 0.147551
14.5875 0.151016
14.6292 0.154457
14.6708 0.157873
14.7125 0.161263
14.7542 0.164627
14.7958 0.167965
14.8375 0.171276
14.8792 0.17456
14.9208 0.177816
14.9625 0.181045
15.0042 0.184244
15.0458 0.187415
15.0875 0.190556
15.1292 0.193668
15.1708 0.196749
15.2125 0.1998
15.2542 0.202821
15.2958 0.20581
15.3375 0.208767
15.3792 0.211693
15.4208 0.214587
15.4625 0.217448
15.5042 0.220276
15.5458 0.223071
15.5875 0.225833
15.6292 0.228561
15.6708 0.231255
15.7125 0.233914
15.7542 0.236539
15.7958 0.239129
15.8375 0.241684
15.8792 0.244204
15.9208 0.246688
15.9625 0.249136
16.0042 0.251548
16.0458 0.253924
16.0875 0.256263
16.1292 0.258566
16.1708 0.260831
16.2125 0.26306
16.2542 0.265251
16.2958 0.267404
16.3375 0.26952
16.3792 0.271598
16.4208 0.273638
16.4625 0.27564
16.5042 0.277603
16.5458 0.279528
16.5875 0.281415
16.6292 0.283262
16.6708 0.285071
16.7125 0.286841
16.7542 0.288572
16.7958 0.290263
16.8375 0.291915
16.8792 0.293528
16.9208 0.295102
16.9625 0.296635
17.0042 0.29813
17.0458 0.299584
17.0875 0.300999
17.1292 0.302374
17.1708 0.303709
17.2125 0.305004
17.2542 0.306259
17.2958 0.307474
17.3375 0.30865
17.3792 0.309785
17.4208 0.31088
17.4625 0.311935
17.5042 0.31295
17.5458 0.313925
17.5875 0.31486
17.6292 0.315755
17.6708 0.31661
17.7125 0.317425
17.7542 0.3182
17.7958 0.318935
17.8375 0.31963
17.8792 0.320285
17.9208 0.320901
17.9625 0.321476
18.0042 0.322012
18.0458 0.322509
18.0875 0.322965
18.1292 0.323383
18.1708 0.32376
18.2125 0.324099
18.2542 0.324398
18.2958 0.324658
18.3375 0.324879
18.3792 0.325061
18.4208 0.325204
18.4625 0.325309
18.5042 0.325374
18.5458 0.325401
18.5875 0.32539
18.6292 0.325341
18.6708 0.325253
18.7125 0.325127
18.7542 0.324963
18.7958 0.324762
18.8375 0.324523
18.8792 0.324246
18.9208 0.323932
18.9625 0.323581
19.0042 0.323193
19.0458 0.322768
19.0875 0.322307
19.1292 0.321808
19.1708 0.321274
19.2125 0.320703
19.2542 0.320096
19.2958 0.319454
19.3375 0.318776
19.3792 0.318062
19.4208 0.317313
19.4625 0.316529
19.5042 0.31571
19.5458 0.314856
19.5875 0.313968
19.6292 0.313046
19.6708 0.31209
19.7125 0.311099
19.7542 0.310076
19.7958 0.309018
19.8375 0.307928
19.8792 0.306804
19.9208 0.305648
19.9625 0.304459
20.0042 0.303238
20.0458 0.301984
20.0875 0.300699
20.1292 0.299382
20.1708 0.298034
20.2125 0.296655
20.2542 0.295244
20.2958 0.293803
20.3375 0.292332
20.3792 0.29083
20.4208 0.289299
20.4625 0.287738
20.5042 0.286147
20.5458 0.284527
20.5875 0.282878
20.6292 0.281201
20.6708 0.279495
20.7125 0.27776
20.7542 0.275998
20.7958 0.274209
20.8375 0.272391
20.8792 0.270547
20.9208 0.268676
20.9625 0.266778
21.0042 0.264854
21.0458 0.262904
21.0875 0.260928
21.1292 0.258927
21.1708 0.2569
21.2125 0.254849
21.2542 0.252772
21.2958 0.250672
21.3375 0.248547
21.3792 0.246398
21.4208 0.244225
21.4625 0.24203
21.5042 0.239811
21.5458 0.23757
21.5875 0.235306
21.6292 0.233019
21.6708 0.230711
21.7125 0.228381
21.7542 0.22603
21.7958 0.223658
21.8375 0.221265
21.8792 0.218852
21.9208 0.216418
21.9625 0.213964
22.0042 0.211491
22.0458 0.208999
22.0875 0.206487
22.1292 0.203956
22.1708 0.201407
22.2125 0.19884
22.2542 0.196255
22.2958 0.193652
22.3375 0.191032
22.3792 0.188394
22.4208 0.18574
22.4625 0.183069
22.5042 0.180383
22.5458 0.17768
22.5875 0.174961
22.6292 0.172227
22.6708 0.169478
22.7125 0.166715
22.7542 0.163936
22.7958 0.161144
22.8375 0.158337
22.8792 0.155517
22.9208 0.152684
22.9625 0.149837
23.0042 0.146978
23.0458 0.144106
23.0875 0.141221
23.1292 0.138325
23.1708 0.135417
23.2125 0.132498
23.2542 0.129567
23.2958 0.126626
23.3375 0.123674
23.3792 0.120712
23.4208 0.11774
23.4625 0.114758
23.5042 0.111766
23.5458 0.108765
23.5875 0.105756
23.6292 0.102737
23.6708 0.0997105
23.7125 0.0966756
23.7542 0.0936329
23.7958 0.0905826
23.8375 0.087525
23.8792 0.0844603
23.9208 0.0813889
23.9625 0.078311
24.0042 0.0752268
24.0458 0.0721366
24.0875 0.0690407
24.1292 0.0659393
24.1708 0.0628327
24.2125 0.0597212
24.2542 0.056605
24.2958 0.0534844
24.3375 0.0503596
24.3792 0.0472309
24.4208 0.0440985
24.4625 0.0409627
24.5042 0.0378238
24.5458 0.0346819
24.5875 0.0315374
24.6292 0.0283905
24.6708 0.0252414
24.7125 0.0220904
24.7542 0.0189377
24.7958 0.0157836
24.8375 0.0126283
24.8792 0.00947205
24.9208 0.00631509
24.9625 0.00315766

0.00416667 3.83606e-06
0.0458333 0.000436747
0.0875 0.00150203
0.129167 0.00309724
0.170833 0.00514048
0.2125 0.00756627
0.254167 0.010322
0.295833 0.0133649
0.3375 0.0166601
0.379167 0.0201781
0.420833 0.0238942
0.4625 0.0277869
0.504167 0.0318369
0.545833 0.0360271
0.5875 0.0403416
0.629167 0.0447656
0.670833 0.0492852
0.7125 0.053887
0.754167 0.0585583
0.795833 0.0632867
0.8375 0.0680603
0.879167 0.0728674
0.920833 0.0776969
0.9625 0.082538
1.00417 0.0873799
1.04583 0.0922127
1.0875 0.0970264
1.12917 0.101812
1.17083 0.106559
1.2125 0.11126
1.25417 0.115907
1.29583 0.12049
1.3375 0.125003
1.37917 0.129439
1.42083 0.133789
1.4625 0.138049
1.50417 0.142211
1.54583 0.146271
1.5875 0.150221
1.62917 0.154058
1.67083 0.157776
1.7125 0.161371
1.75417 0.16484
1.79583 0.168177
1.8375 0.171379
1.87917 0.174444
1.92083 0.177368
1.9625 0.180148
2.00417 0.182783
2.04583 0.18527
2.0875 0.187607
2.12917 0.189792
2.17083 0.191824
2.2125 0.193702
2.25417 0.195425
2.29583 0.196992
2.3375 0.198402
2.37917 0.199656
2.42083 0.200752
2.4625 0.201691
2.50417 0.202473
2.54583 0.203099
2.5875 0.203568
2.62917 0.203881
2.67083 0.20404
2.7125 0.204045
2.75417 0.203897
2.79583 0.203598
2.8375 0.203148
2.87917 0.202549
2.92083 0.201803
2.9625 0.20091
3.00417 0.199874
3.04583 0.198695
3.0875 0.197376
3.12917 0.195919
3.17083 0.194325
3.2125 0.192597
3.25417 0.190737
3.29583 0.188747
3.3375 0.18663
3.37917 0.184388
3.42083 0.182023
3.4625 0.179539
3.50417 0.176937
3.54583 0.17422
3.5875 0.171391
3.62917 0.168452
3.67083 0.165407
3.7125 0.162257
3.75417 0.159006
3.79583 0.155657
3.8375 0.152212
3.87917 0.148675
3.92083 0.145047
3.9625 0.141332
4.00417 0.137533
4.04583 0.133652
4.0875 0.129693
4.12917 0.125659
4.17083 0.121551
4.2125 0.117375
4.25417 0.113131
4.29583 0.108823
4.3375 0.104454
4.37917 0.100027
4.42083 0.095545
4.4625 0.0910103
4.50417 0.086426
4.54583 0.081795
4.5875 0.0771201
4.62917 0.0724041
4.67083 0.0676498
4.7125 0.06286
4.75417 0.0580373
4.79583 0.0531847
4.8375 0.0483047
4.87917 0.0434
4.92083 0.0384734
4.9625 0.0335274
5.00417 0.0285646
5.04583 0.0235877
5.0875 0.0185991
5.12917 0.0136015
5.17083 0.00859718
5.2125 0.00358875
5.25417 -0.0014214
5.29583 -0.00643088
5.3375 -0.0114373
5.37917 -0.0164384
5.42083 -0.0214318
5.4625 -0.0264153
5.50417 -0.0313866
5.54583 -0.0363436
5.5875 -0.041284
5.62917 -0.0462059
5.67083 -0.051107
5.7125 -0.0559854
5.75417 -0.0608391
5.79583 -0.065666
5.8375 -0.0704642
5.87917 -0.0752318
5.92083 -0.079967
5.9625 -0.084668
6.00417 -0.0893329
6.04583 -0.0939601
6.0875 -0.0985478
6.12917 -0.103094
6.17083 -0.107598
6.2125 -0.112057
6.25417 -0.116471
6.29583 -0.120837
6.3375 -0.125154
6.37917 -0.129421
6.42083 -0.133635
6.4625 -0.137797
6.50417 -0.141905
6.54583 -0.145956
6.5875 -0.149951
6.62917 -0.153888
6.67083 -0.157765
6.7125 -0.161581
6.75417 -0.165336
6.79583 -0.169029
6.8375 -0.172658
6.87917 -0.176222
6.92083 -0.17972
6.9625 -0.183152
7.00417 -0.186517
7.04583 -0.189813
7.0875 -0.19304
7.12917 -0.196198
7.17083 -0.199285
7.2125 -0.2023
7.25417 -0.205244
7.29583 -0.208115
7.3375 -0.210913
7.37917 -0.213637
7.42083 -0.216287
7.4625 -0.218862
7.50417 -0.221362
7.54583 -0.223786
7.5875 -0.226134
7.62917 -0.228405
7.67083 -0.2306
7.7125 -0.232717
7.75417 -0.234757
7.79583 -0.23672
7.8375 -0.238604
7.87917 -0.24041
7.92083 -0.242138
7.9625 -0.243788
8.00417 -0.245359
8.04583 -0.246851
8.0875 -0.248265
8.12917 -0.2496
8.17083 -0.250856
8.2125 -0.252033
8.25417 -0.253132
8.29583 -0.254152
8.3375 -0.255094
8.37917 -0.255957
8.42083 -0.256741
8.4625 -0.257448
8.50417 -0.258077
8.54583 -0.258628
8.5875 -0.259101
8.62917 -0.259497
8.67083 -0.259817
8.7125 -0.260059
8.75417 -0.260225
8.79583 -0.260315
8.8375 -0.260329
8.87917 -0.260268
8.92083 -0.260132
8.9625 -0.259922
9.00417 -0.259637
9.04583 -0.259279
9.0875 -0.258848
9.12917 -0.258343
9.17083 -0.257767
9.2125 -0.257119
9.25417 -0.256399
9.29583 -0.255609
9.3375 -0.254749
9.37917 -0.253819
9.42083 -0.252821
9.4625 -0.251754
9.50417 -0.250619
9.54583 -0.249417
9.5875 -0.248148
9.62917 -0.246814
9.67083 -0.245415
9.7125 -0.243951
9.75417 -0.242423
9.79583 -0.240832
9.8375 -0.239179
9.87917 -0.237464
9.92083 -0.235688
9.9625 -0.233851
10.0042 -0.231955
10.0458 -0.230001
10.0875 -0.227988
10.1292 -0.225918
10.1708 -0.223792
10.2125 -0.22161
10.2542 -0.219373
10.2958 -0.217082
10.3375 -0.214738
10.3792 -0.212341
10.4208 -0.209893
10.4625 -0.207394
10.5042 -0.204845
10.5458 -0.202246
10.5875 -0.1996
10.6292 -0.196906
10.6708 -0.194165
10.7125 -0.191378
10.7542 -0.188547
10.7958 -0.185671
10.8375 -0.182752
10.8792 -0.179791
10.9208 -0.176788
10.9625 -0.173745
11.0042 -0.170662
11.0458 -0.16754
11.0875 -0.16438
11.1292 -0.161183
11.1708 -0.157949
11.2125 -0.154681
11.2542 -0.151377
11.2958 -0.148041
11.3375 -0.144671
11.3792 -0.14127
11.4208 -0.137837
11.4625 -0.134375
11.5042 -0.130883
11.5458 -0.127363
11.5875 -0.123815
11.6292 -0.120241
11.6708 -0.116641
11.7125 -0.113017
11.7542 -0.109368
11.7958 -0.105696
11.8375 -0.102002
11.8792 -0.098287
11.9208 -0.0945511
11.9625 -0.0907956
12.0042 -0.0870213
12.0458 -0.0832291
12.0875 -0.0794198
12.1292 -0.0755942
12.1708 -0.0717533
12.2125 -0.0678978
12.2542 -0.0640286
12.2958 -0.0601465
12.3375 -0.0562523
12.3792 -0.0523469
12.4208 -0.0484311
12.4625 -0.0445058
12.5042 -0.0405716
12.5458 -0.0366295
12.5875 -0.0326802
12.6292 -0.0287246
12.6708 -0.0247633
12.7125 -0.0207973
12.7542 -0.0168273
12.7958 -0.012854
12.8375 -0.00887833
12.8792 -0.00490093
12.9208 -0.000922603
12.9625 0.0030559
13.0042 0.00703383
13.0458 0.0110104
13.0875 0.014985
13.1292 0.0189568
13.1708 0.022925
13.2125 0.0268891
13.2542 0.0308481
13.2958 0.0348016
13.3375 0.0387487
13.3792 0.0426887
13.4208 0.046621
13.4625 0.0505449
13.5042 0.0544597
13.5458 0.0583648
13.5875 0.0622594
13.6292 0.066143
13.6708 0.0700149
13.7125 0.0738745
13.7542 0.077721
13.7958 0.081554
13.8375 0.0853727
13.8792 0.0891766
13.9208 0.0929651
13.9625 0.0967375
14.0042 0.100493
14.0458 0.104232
14.0875 0.107953
14.1292 0.111655
14.1708 0.115339
14.2125 0.119003
14.2542 0.122647
14.2958 0.126271
14.3375 0.129873
14.3792 0.133454
14.4208 0.137013
14.4625 0.140549
14.5042 0.144062
14.5458 0.147552
14.5875 0.151017
14.6292 0.154458
14.6708 0.157874
14.7125 0.161264
14.7542 0.164628
14.7958 0.167966
14.8375 0.171277
14.8792 0.174561
14.9208 0.177818
14.9625 0.181046
15.0042 0.184245
15.0458 0.187416
15.0875 0.190557
15.1292 0.193669
15.1708 0.19675
15.2125 0.199801
15.2542 0.202822
15.2958 0.205811
15.3375 0.208768
15.3792 0.211694
15.4208 0.214588
15.4625 0.217449
15.5042 0.220277
15.5458 0.223072
15.5875 0.225834
15.6292 0.228562
15.6708 0.231256
15.7125 0.233915
15.7542 0.23654
15.7958 0.23913
15.8375 0.241685
15.8792 0.244205
15.9208 0.246689
15.9625 0.249137
16.0042 0.251549
16.0458 0.253925
16.0875 0.256264
16.1292 0.258566
16.1708 0.260832
16.2125 0.26306
16.2542 0.265251
16.2958 0.267405
16.3375 0.269521
16.3792 0.271599
16.4208 0.273639
16.4625 0.27564
16.5042 0.277604
16.5458 0.279529
16.5875 0.281415
16.6292 0.283263
16.6708 0.285072
16.7125 0.286841
16.7542 0.288572
16.7958 0.290263
16.8375 0.291916
16.8792 0.293528
16.9208 0.295102
16.9625 0.296636
17.0042 0.29813
17.0458 0.299584
17.0875 0.300999
17.1292 0.302374
17.1708 0.303709
17.2125 0.305004
17.2542 0.306259
17.2958 0.307474
17.3375 0.30865
17.3792 0.309785
17.4208 0.31088
17.4625 0.311935
17.5042 0.31295
17.5458 0.313925
17.5875 0.31486
17.6292 0.315755
17.6708 0.31661
17.7125 0.317425
17.7542 0.3182
17.7958 0.318935
17.8375 0.31963
17.8792 0.320285
17.9208 0.3209
17.9625 0.321476
18.0042 0.322012
18.0458 0.322508
18.0875 0.322965
18.1292 0.323382
18.1708 0.32376
18.2125 0.324098
18.2542 0.324398
18.2958 0.324658
18.3375 0.324879
18.3792 0.325061
18.4208 0.325204
18.4625 0.325308
18.5042 0.325374
18.5458 0.325401
18.5875 0.32539
18.6292 0.32534
18.6708 0.325252
18.7125 0.325126
18.7542 0.324963
18.7958 0.324761
18.8375 0.324522
18.8792 0.324245
18.9208 0.323931
18.9625 0.32358
19.0042 0.323192
19.0458 0.322767
19.0875 0.322306
19.1292 0.321807
19.1708 0.321273
19.2125 0.320702
19.2542 0.320095
19.2958 0.319453
19.3375 0.318775
19.3792 0.318061
19.4208 0.317312
19.4625 0.316528
19.5042 0.315709
19.5458 0.314855
19.5875 0.313967
19.6292 0.313045
19.6708 0.312089
19.7125 0.311098
19.7542 0.310074
19.7958 0.309017
19.8375 0.307926
19.8792 0.306803
19.9208 0.305647
19.9625 0.304458
20.0042 0.303236
20.0458 0.301983
20.0875 0.300698
20.1292 0.299381
20.1708 0.298033
20.2125 0.296653
20.2542 0.295243
20.2958 0.293802
20.3375 0.292331
20.3792 0.290829
20.4208 0.289298
20.4625 0.287736
20.5042 0.286146
20.5458 0.284526
20.5875 0.282877
20.6292 0.281199
20.6708 0.279493
20.7125 0.277759
20.7542 0.275997
20.7958 0.274207
20.8375 0.27239
20.8792 0.270546
20.9208 0.268675
20.9625 0.266777
21.0042 0.264853
21.0458 0.262903
21.0875 0.260927
21.1292 0.258926
21.1708 0.256899
21.2125 0.254847
21.2542 0.252771
21.2958 0.25067
21.3375 0.248545
21.3792 0.246397
21.4208 0.244224
21.4625 0.242028
21.5042 0.23981
21.5458 0.237568
21.5875 0.235304
21.6292 0.233018
21.6708 0.23071
21.7125 0.22838
21.7542 0.226029
21.7958 0.223657
21.8375 0.221264
21.8792 0.218851
21.9208 0.216417
21.9625 0.213963
22.0042 0.21149
22.0458 0.208997
22.0875 0.206486
22.1292 0.203955
22.1708 0.201406
22.2125 0.198839
22.2542 0.196254
22.2958 0.193651
22.3375 0.19103
22.3792 0.188393
22.4208 0.185739
22.4625 0.183068
22.5042 0.180381
22.5458 0.177679
22.5875 0.17496
22.6292 0.172226
22.6708 0.169477
22.7125 0.166714
22.7542 0.163935
22.7958 0.161143
22.8375 0.158336
22.8792 0.155516
22.9208 0.152683
22.9625 0.149836
23.0042 0.146977
23.0458 0.144105
23.0875 0.141221
23.1292 0.138324
23.1708 0.135416
23.2125 0.132497
23.2542 0.129567
23.2958 0.126625
23.3375 0.123673
23.3792 0.120711
23.4208 0.117739
23.4625 0.114757
23.5042 0.111765
23.5458 0.108765
23.5875 0.105755
23.6292 0.102737
23.6708 0.0997098
23.7125 0.096675
23.7542 0.0936323
23.7958 0.090582
23.8375 0.0875244
23.8792 0.0844598
23.9208 0.0813884
23.9625 0.0783104
24.0042 0.0752263
24.0458 0.0721361
24.0875 0.0690402
24.1292 0.0659389
24.1708 0.0628323
24.2125 0.0597208
24.2542 0.0566046
24.2958 0.053484
24.3375 0.0503592
24.3792 0.0472305
24.4208 0.0440982
24.4625 0.0409624
24.5042 0.0378235
24.5458 0.0346817
24.5875 0.0315372
24.6292 0.0283903
24.6708 0.0252412
24.7125 0.0220902
24.7542 0.0189376
24.7958 0.0157835
24.8375 0.0126282
24.8792 0.00947198
24.9208 0.00631505
24.9625 0.00315764

