  0.00416667   0.03243779
  0.04583333   0.31531070
  0.08750000   0.53319207
  0.12916667   0.69890158
  0.17083333   0.82284384
  0.21250000   0.91341342
  0.25416667   0.97735800
  0.29583333   1.02009012
  0.33750000   1.04594769
  0.37916667   1.05840758
  0.42083333   1.06025870
  0.46250000   1.05374096
  0.50416667   1.04065625
  0.54583333   1.02245675
  0.58750000   1.00031501
  0.62916667   0.97517954
  0.67083333   0.94781893
  0.71250000   0.91885682
  0.75416667   0.88879973
  0.79583333   0.85805926
  0.83750000   0.82696979
  0.87916667   0.79580260
  0.92083333   0.76477735
  0.96250000   0.73407122
  1.00416667   0.70382639
  1.04583333   0.67415604
  1.08750000   0.64514934
  1.12916667   0.61687547
  1.17083333   0.58938699
  1.21250000   0.56272256
  1.25416667   0.53690925
  1.29583333   0.51196448
  1.33750000   0.48789757
  1.37916667   0.46471113
  1.42083333   0.44240217
  1.46250000   0.42096308
  1.50416667   0.40038243
  1.54583333   0.38064566
  1.58750000   0.36173570
  1.62916667   0.34363343
  1.67083333   0.32631815
  1.71250000   0.30976794
  1.75416667   0.29395993
  1.79583333   0.27887064
  1.83750000   0.26447615
  1.87916667   0.25075234
  1.92083333   0.23767501
  1.96250000   0.22522005
  2.00416667   0.21336356
  2.04583333   0.20208192
  2.08750000   0.19135192
  2.12916667   0.18115077
  2.17083333   0.17145620
  2.21250000   0.16224649
  2.25416667   0.15350049
  2.29583333   0.14519768
  2.33750000   0.13731816
  2.37916667   0.12984265
  2.42083333   0.12275255
  2.46250000   0.11602991
  2.50416667   0.10965743
  2.54583333   0.10361844
  2.58750000   0.09789693
  2.62916667   0.09247754
  2.67083333   0.08734550
  2.71250000   0.08248667
  2.75416667   0.07788750
  2.79583333   0.07353502
  2.83750000   0.06941683
  2.87916667   0.06552108
  2.92083333   0.06183645
  2.96250000   0.05835212
  3.00416667   0.05505779
  3.04583333   0.05194362
  3.08750000   0.04900025
  3.12916667   0.04621876
  3.17083333   0.04359064
  3.21250000   0.04110782
  3.25416667   0.03876260
  3.29583333   0.03654767
  3.33750000   0.03445607
  3.37916667   0.03248121
  3.42083333   0.03061680
  3.46250000   0.02885690
  3.50416667   0.02719585
  3.54583333   0.02562827
  3.58750000   0.02414910
  3.62916667   0.02275348
  3.67083333   0.02143686
  3.71250000   0.02019489
  3.75416667   0.01902346
  3.79583333   0.01791867
  3.83750000   0.01687685
  3.87916667   0.01589449
  3.92083333   0.01496829
  3.96250000   0.01409512
  4.00416667   0.01327202
  4.04583333   0.01249618
  4.08750000   0.01176495
  4.12916667   0.01107583
  4.17083333   0.01042645
  4.21250000   0.00981456
  4.25416667   0.00923804
  4.29583333   0.00869489
  4.33750000   0.00818321
  4.37916667   0.00770123
  4.42083333   0.00724724
  4.46250000   0.00681966
  4.50416667   0.00641696
  4.54583333   0.00603774
  4.58750000   0.00568065
  4.62916667   0.00534441
  4.67083333   0.00502783
  4.71250000   0.00472978
  4.75416667   0.00444919
  4.79583333   0.00418506
  4.83750000   0.00393642
  4.87916667   0.00370240
  4.92083333   0.00348213
  4.96250000   0.00327483
  5.00416667   0.00307974
  5.04583333   0.00289615
  5.08750000   0.00272340
  5.12916667   0.00256085
  5.17083333   0.00240790
  5.21250000   0.00226400
  5.25416667   0.00212862
  5.29583333   0.00200126
  5.33750000   0.00188145
  5.37916667   0.00176874
  5.42083333   0.00166273
  5.46250000   0.00156302
  5.50416667   0.00146923
  5.54583333   0.00138103
  5.58750000   0.00129807
  5.62916667   0.00122006
  5.67083333   0.00114670
  5.71250000   0.00107772
  5.75416667   0.00101285
  5.79583333   0.00095185
  5.83750000   0.00089451
  5.87916667   0.00084059
  5.92083333   0.00078990
  5.96250000   0.00074224
  6.00416667   0.00069744
  6.04583333   0.00065532
  6.08750000   0.00061573
  6.12916667   0.00057851
  6.17083333   0.00054353
  6.21250000   0.00051065
  6.25416667   0.00047974
  6.29583333   0.00045070
  6.33750000   0.00042340
  6.37916667   0.00039774
  6.42083333   0.00037363
  6.46250000   0.00035097
  6.50416667   0.00032968
  6.54583333   0.00030967
  6.58750000   0.00029087
  6.62916667   0.00027321
  6.67083333   0.00025661
  6.71250000   0.00024101
  6.75416667   0.00022636
  6.79583333   0.00021259
  6.83750000   0.00019965
  6.87916667   0.00018750
  6.92083333   0.00017608
  6.96250000   0.00016536
  7.00416667   0.00015528
  7.04583333   0.00014582
  7.08750000   0.00013693
  7.12916667   0.00012858
  7.17083333   0.00012073
  7.21250000   0.00011337
  7.25416667   0.00010645
  7.29583333   0.00009995
  7.33750000   0.00009384
  7.37916667   0.00008811
  7.42083333   0.00008272
  7.46250000   0.00007766
  7.50416667   0.00007292
  7.54583333   0.00006845
  7.58750000   0.00006427
  7.62916667   0.00006033
  7.67083333   0.00005664
  7.71250000   0.00005317
  7.75416667   0.00004991
  7.79583333   0.00004685
  7.83750000   0.00004398
  7.87916667   0.00004129
  7.92083333   0.00003875
  7.96250000   0.00003638
  8.00416667   0.00003415
  8.04583333   0.00003205
  8.08750000   0.00003008
  8.12916667   0.00002824
  8.17083333   0.00002650
  8.21250000   0.00002487
  8.25416667   0.00002335
  8.29583333   0.00002191
  8.33750000   0.00002056
  8.37916667   0.00001930
  8.42083333   0.00001811
  8.46250000   0.00001700
  8.50416667   0.00001595
  8.54583333   0.00001497
  8.58750000   0.00001405
  8.62916667   0.00001318
  8.67083333   0.00001237
  8.71250000   0.00001161
  8.75416667   0.00001089
  8.79583333   0.00001022
  8.83750000   0.00000959
  8.87916667   0.00000900
  8.92083333   0.00000845
  8.96250000   0.00000793
  9.00416667   0.00000744
  9.04583333   0.00000698
  9.08750000   0.00000655
  9.12916667   0.00000614
  9.17083333   0.00000576
  9.21250000   0.00000541
  9.25416667   0.00000507
  9.29583333   0.00000476
  9.33750000   0.00000447
  9.37916667   0.00000419
  9.42083333   0.00000393
  9.46250000   0.00000369
  9.50416667   0.00000346
  9.54583333   0.00000325
  9.58750000   0.00000305
  9.62916667   0.00000286
  9.67083333   0.00000268
  9.71250000   0.00000251
  9.75416667   0.00000236
  9.79583333   0.00000221
  9.83750000   0.00000208
  9.87916667   0.00000195
  9.92083333   0.00000183
  9.96250000   0.00000171
 10.00416667   0.00000161
 10.04583333   0.00000151
 10.08750000   0.00000141
 10.12916667   0.00000133
 10.17083333   0.00000124
 10.21250000   0.00000117
 10.25416667   0.00000109
 10.29583333   0.00000103
 10.33750000   0.00000096
 10.37916667   0.00000090
 10.42083333   0.00000085
 10.46250000   0.00000079
 10.50416667   0.00000075
 10.54583333   0.00000070
 10.58750000   0.00000066
 10.62916667   0.00000062
 10.67083333   0.00000058
 10.71250000   0.00000054
 10.75416667   0.00000051
 10.79583333   0.00000048
 10.83750000   0.00000045
 10.87916667   0.00000042
 10.92083333   0.00000039
 10.96250000   0.00000037
 11.00416667   0.00000035
 11.04583333   0.00000032
 11.08750000   0.00000030
 11.12916667   0.00000028
 11.17083333   0.00000027
 11.21250000   0.00000025
 11.25416667   0.00000023
 11.29583333   0.00000022
 11.33750000   0.00000021
 11.37916667   0.00000019
 11.42083333   0.00000018
 11.46250000   0.00000017
 11.50416667   0.00000016
 11.54583333   0.00000015
 11.58750000   0.00000014
 11.62916667   0.00000013
 11.67083333   0.00000012
 11.71250000   0.00000012
 11.75416667   0.00000011
 11.79583333   0.00000010
 11.83750000   0.00000010
 11.87916667   0.00000009
 11.92083333   0.00000008
 11.96250000   0.00000008
 12.00416667   0.00000007
 12.04583333   0.00000007
 12.08750000   0.00000006
 12.12916667   0.00000006
 12.17083333   0.00000006
 12.21250000   0.00000005
 12.25416667   0.00000005
 12.29583333   0.00000005
 12.33750000   0.00000004
 12.37916667   0.00000004
 12.42083333   0.00000004
 12.46250000   0.00000004
 12.50416667   0.00000003
 12.54583333   0.00000003
 12.58750000   0.00000003
 12.62916667   0.00000003
 12.67083333   0.00000003
 12.71250000   0.00000002
 12.75416667   0.00000002
 12.79583333   0.00000002
 12.83750000   0.00000002
 12.87916667   0.00000002
 12.92083333   0.00000002
 12.96250000   0.00000002
 13.00416667   0.00000002
 13.04583333   0.00000001
 13.08750000   0.00000001
 13.12916667   0.00000001
 13.17083333   0.00000001
 13.21250000   0.00000001
 13.25416667   0.00000001
 13.29583333   0.00000001
 13.33750000   0.00000001
 13.37916667   0.00000001
 13.42083333   0.00000001
 13.46250000   0.00000001
 13.50416667   0.00000001
 13.54583333   0.00000001
 13.58750000   0.00000001
 13.62916667   0.00000001
 13.67083333   0.00000001
 13.71250000   0.00000001
 13.75416667   0.00000000
 13.79583333   0.00000000
 13.83750000   0.00000000
 13.87916667   0.00000000
 13.92083333   0.00000000
 13.96250000   0.00000000
 14.00416667   0.00000000
 14.04583333   0.00000000
 14.08750000   0.00000000
 14.12916667   0.00000000
 14.17083333   0.00000000
 14.21250000   0.00000000
 14.25416667   0.00000000
 14.29583333   0.00000000
 14.33750000   0.00000000
 14.37916667   0.00000000
 14.42083333   0.00000000
 14.46250000   0.00000000
 14.50416667   0.00000000
 14.54583333   0.00000000
 14.58750000   0.00000000
 14.62916667   0.00000000
 14.67083333   0.00000000
 14.71250000   0.00000000
 14.75416667   0.00000000
 14.79583333   0.00000000
 14.83750000   0.00000000
 14.87916667   0.00000000
 14.92083333   0.00000000
 14.96250000   0.00000000
 15.00416667   0.00000000
 15.04583333   0.00000000
 15.08750000   0.00000000
 15.12916667   0.00000000
 15.17083333   0.00000000
 15.21250000   0.00000000
 15.25416667   0.00000000
 15.29583333   0.00000000
 15.33750000   0.00000000
 15.37916667   0.00000000
 15.42083333   0.00000000
 15.46250000   0.00000000
 15.50416667   0.00000000
 15.54583333   0.00000000
 15.58750000   0.00000000
 15.62916667   0.00000000
 15.67083333   0.00000000
 15.71250000   0.00000000
 15.75416667   0.00000000
 15.79583333   0.00000000
 15.83750000   0.00000000
 15.87916667   0.00000000
 15.92083333   0.00000000
 15.96250000   0.00000000
 16.00416667   0.00000000
 16.04583333   0.00000000
 16.08750000   0.00000000
 16.12916667   0.00000000
 16.17083333   0.00000000
 16.21250000   0.00000000
 16.25416667   0.00000000
 16.29583333   0.00000000
 16.33750000   0.00000000
 16.37916667   0.00000000
 16.42083333   0.00000000
 16.46250000   0.00000000
 16.50416667   0.00000000
 16.54583333   0.00000000
 16.58750000   0.00000000
 16.62916667   0.00000000
 16.67083333   0.00000000
 16.71250000   0.00000000
 16.75416667   0.00000000
 16.79583333   0.00000000
 16.83750000   0.00000000
 16.87916667   0.00000000
 16.92083333   0.00000000
 16.96250000   0.00000000
 17.00416667   0.00000000
 17.04583333   0.00000000
 17.08750000   0.00000000
 17.12916667   0.00000000
 17.17083333   0.00000000
 17.21250000   0.00000000
 17.25416667   0.00000000
 17.29583333   0.00000000
 17.33750000   0.00000000
 17.37916667   0.00000000
 17.42083333   0.00000000
 17.46250000   0.00000000
 17.50416667   0.00000000
 17.54583333   0.00000000
 17.58750000   0.00000000
 17.62916667   0.00000000
 17.67083333   0.00000000
 17.71250000   0.00000000
 17.75416667   0.00000000
 17.79583333   0.00000000
 17.83750000   0.00000000
 17.87916667   0.00000000
 17.92083333   0.00000000
 17.96250000   0.00000000
 18.00416667   0.00000000
 18.04583333   0.00000000
 18.08750000   0.00000000
 18.12916667   0.00000000
 18.17083333   0.00000000
 18.21250000   0.00000000
 18.25416667   0.00000000
 18.29583333   0.00000000
 18.33750000   0.00000000
 18.37916667   0.00000000
 18.42083333   0.00000000
 18.46250000   0.00000000
 18.50416667   0.00000000
 18.54583333   0.00000000
 18.58750000   0.00000000
 18.62916667   0.00000000
 18.67083333   0.00000000
 18.71250000   0.00000000
 18.75416667   0.00000000
 18.79583333   0.00000000
 18.83750000   0.00000000
 18.87916667   0.00000000
 18.92083333   0.00000000
 18.96250000   0.00000000
 19.00416667   0.00000000
 19.04583333   0.00000000
 19.08750000   0.00000000
 19.12916667   0.00000000
 19.17083333   0.00000000
 19.21250000   0.00000000
 19.25416667   0.00000000
 19.29583333   0.00000000
 19.33750000   0.00000000
 19.37916667   0.00000000
 19.42083333   0.00000000
 19.46250000   0.00000000
 19.50416667   0.00000000
 19.54583333   0.00000000
 19.58750000   0.00000000
 19.62916667   0.00000000
 19.67083333   0.00000000
 19.71250000   0.00000000
 19.75416667   0.00000000
 19.79583333   0.00000000
 19.83750000   0.00000000
 19.87916667   0.00000000
 19.92083333   0.00000000
 19.96250000   0.00000000
 20.00416667   0.00000000
 20.04583333   0.00000000
 20.08750000   0.00000000
 20.12916667   0.00000000
 20.17083333   0.00000000
 20.21250000   0.00000000
 20.25416667   0.00000000
 20.29583333   0.00000000
 20.33750000   0.00000000
 20.37916667   0.00000000
 20.42083333   0.00000000
 20.46250000   0.00000000
 20.50416667   0.00000000
 20.54583333   0.00000000
 20.58750000   0.00000000
 20.62916667   0.00000000
 20.67083333   0.00000000
 20.71250000   0.00000000
 20.75416667   0.00000000
 20.79583333   0.00000000
 20.83750000   0.00000000
 20.87916667   0.00000000
 20.92083333   0.00000000
 20.96250000   0.00000000
 21.00416667   0.00000000
 21.04583333   0.00000000
 21.08750000   0.00000000
 21.12916667   0.00000000
 21.17083333   0.00000000
 21.21250000   0.00000000
 21.25416667   0.00000000
 21.29583333   0.00000000
 21.33750000   0.00000000
 21.37916667   0.00000000
 21.42083333   0.00000000
 21.46250000   0.00000000
 21.50416667   0.00000000
 21.54583333   0.00000000
 21.58750000   0.00000000
 21.62916667   0.00000000
 21.67083333   0.00000000
 21.71250000   0.00000000
 21.75416667   0.00000000
 21.79583333   0.00000000
 21.83750000   0.00000000
 21.87916667   0.00000000
 21.92083333   0.00000000
 21.96250000   0.00000000
 22.00416667   0.00000000
 22.04583333   0.00000000
 22.08750000   0.00000000
 22.12916667   0.00000000
 22.17083333   0.00000000
 22.21250000   0.00000000
 22.25416667   0.00000000
 22.29583333   0.00000000
 22.33750000   0.00000000
 22.37916667   0.00000000
 22.42083333   0.00000000
 22.46250000   0.00000000
 22.50416667   0.00000000
 22.54583333   0.00000000
 22.58750000   0.00000000
 22.62916667   0.00000000
 22.67083333   0.00000000
 22.71250000   0.00000000
 22.75416667   0.00000000
 22.79583333   0.00000000
 22.83750000   0.00000000
 22.87916667   0.00000000
 22.92083333   0.00000000
 22.96250000   0.00000000
 23.00416667   0.00000000
 23.04583333   0.00000000
 23.08750000   0.00000000
 23.12916667   0.00000000
 23.17083333   0.00000000
 23.21250000   0.00000000
 23.25416667   0.00000000
 23.29583333   0.00000000
 23.33750000   0.00000000
 23.37916667   0.00000000
 23.42083333   0.00000000
 23.46250000   0.00000000
 23.50416667   0.00000000
 23.54583333   0.00000000
 23.58750000   0.00000000
 23.62916667   0.00000000
 23.67083333   0.00000000
 23.71250000   0.00000000
 23.75416667   0.00000000
 23.79583333   0.00000000
 23.83750000   0.00000000
 23.87916667   0.00000000
 23.92083333   0.00000000
 23.96250000   0.00000000
 24.00416667   0.00000000
 24.04583333   0.00000000
 24.08750000   0.00000000
 24.12916667   0.00000000
 24.17083333   0.00000000
 24.21250000   0.00000000
 24.25416667   0.00000000
 24.29583333   0.00000000
 24.33750000   0.00000000
 24.37916667   0.00000000
 24.42083333   0.00000000
 24.46250000   0.00000000
 24.50416667   0.00000000
 24.54583333   0.00000000
 24.58750000   0.00000000
 24.62916667   0.00000000
 24.67083333   0.00000000
 24.71250000   0.00000000
 24.75416667   0.00000000
 24.79583333   0.00000000
 24.83750000   0.00000000
 24.87916667   0.00000000
 24.92083333   0.00000000
 24.96250000   0.00000000

  0.00416667   0.00691610
  0.04583333   0.06717413
  0.08750000   0.11333574
  0.12916667   0.14797981
  0.17083333   0.17321944
  0.21250000   0.19077567
  0.25416667   0.20204543
  0.29583333   0.20816100
  0.33750000   0.21004044
  0.37916667   0.20842930
  0.42083333   0.20393481
  0.46250000   0.19705340
  0.50416667   0.18819285
  0.54583333   0.17768992
  0.58750000   0.16582443
  0.62916667   0.15283041
  0.67083333   0.13890488
  0.71250000   0.12421492
  0.75416667   0.10890317
  0.79583333   0.09309226
  0.83750000   0.07688829
  0.87916667   0.06038367
  0.92083333   0.04365925
  0.96250000   0.02678623
  1.00416667   0.00982751
  1.04583333  -0.00716110
  1.08750000  -0.02412995
  1.12916667  -0.04103472
  1.17083333  -0.05783585
  1.21250000  -0.07449792
  1.25416667  -0.09098926
  1.29583333  -0.10728155
  1.33750000  -0.12334945
  1.37916667  -0.13917041
  1.42083333  -0.15472430
  1.46250000  -0.16999330
  1.50416667  -0.18496165
  1.54583333  -0.19961551
  1.58750000  -0.21394278
  1.62916667  -0.22793296
  1.67083333  -0.24157707
  1.71250000  -0.25486747
  1.75416667  -0.26779781
  1.79583333  -0.28036288
  1.83750000  -0.29255859
  1.87916667  -0.30438181
  1.92083333  -0.31583034
  1.96250000  -0.32690285
  2.00416667  -0.33759876
  2.04583333  -0.34791823
  2.08750000  -0.35786208
  2.12916667  -0.36743173
  2.17083333  -0.37662918
  2.21250000  -0.38545691
  2.25416667  -0.39391790
  2.29583333  -0.40201554
  2.33750000  -0.40975361
  2.37916667  -0.41713625
  2.42083333  -0.42416792
  2.46250000  -0.43085336
  2.50416667  -0.43719758
  2.54583333  -0.44320580
  2.58750000  -0.44888349
  2.62916667  -0.45423625
  2.67083333  -0.45926989
  2.71250000  -0.46399032
  2.75416667  -0.46840360
  2.79583333  -0.47251588
  2.83750000  -0.47633338
  2.87916667  -0.47986242
  2.92083333  -0.48310936
  2.96250000  -0.48608060
  3.00416667  -0.48878256
  3.04583333  -0.49122171
  3.08750000  -0.49340448
  3.12916667  -0.49533734
  3.17083333  -0.49702673
  3.21250000  -0.49847905
  3.25416667  -0.49970070
  3.29583333  -0.50069802
  3.33750000  -0.50147733
  3.37916667  -0.50204487
  3.42083333  -0.50240686
  3.46250000  -0.50256941
  3.50416667  -0.50253862
  3.54583333  -0.50232049
  3.58750000  -0.50192094
  3.62916667  -0.50134583
  3.67083333  -0.50060092
  3.71250000  -0.49969192
  3.75416667  -0.49862442
  3.79583333  -0.49740393
  3.83750000  -0.49603588
  3.87916667  -0.49452560
  3.92083333  -0.49287833
  3.96250000  -0.49109922
  4.00416667  -0.48919331
  4.04583333  -0.48716556
  4.08750000  -0.48502082
  4.12916667  -0.48276385
  4.17083333  -0.48039931
  4.21250000  -0.47793177
  4.25416667  -0.47536569
  4.29583333  -0.47270542
  4.33750000  -0.46995526
  4.37916667  -0.46711936
  4.42083333  -0.46420180
  4.46250000  -0.46120656
  4.50416667  -0.45813752
  4.54583333  -0.45499848
  4.58750000  -0.45179313
  4.62916667  -0.44852506
  4.67083333  -0.44519779
  4.71250000  -0.44181474
  4.75416667  -0.43837923
  4.79583333  -0.43489450
  4.83750000  -0.43136371
  4.87916667  -0.42778991
  4.92083333  -0.42417610
  4.96250000  -0.42052515
  5.00416667  -0.41683988
  5.04583333  -0.41312302
  5.08750000  -0.40937723
  5.12916667  -0.40560506
  5.17083333  -0.40180901
  5.21250000  -0.39799150
  5.25416667  -0.39415487
  5.29583333  -0.39030138
  5.33750000  -0.38643322
  5.37916667  -0.38255253
  5.42083333  -0.37866135
  5.46250000  -0.37476167
  5.50416667  -0.37085541
  5.54583333  -0.36694442
  5.58750000  -0.36303050
  5.62916667  -0.35911535
  5.67083333  -0.35520066
  5.71250000  -0.35128803
  5.75416667  -0.34737900
  5.79583333  -0.34347506
  5.83750000  -0.33957765
  5.87916667  -0.33568814
  5.92083333  -0.33180786
  5.96250000  -0.32793808
  6.00416667  -0.32408001
  6.04583333  -0.32023485
  6.08750000  -0.31640370
  6.12916667  -0.31258764
  6.17083333  -0.30878771
  6.21250000  -0.30500488
  6.25416667  -0.30124010
  6.29583333  -0.29749428
  6.33750000  -0.29376825
  6.37916667  -0.29006286
  6.42083333  -0.28637886
  6.46250000  -0.28271700
  6.50416667  -0.27907799
  6.54583333  -0.27546249
  6.58750000  -0.27187113
  6.62916667  -0.26830451
  6.67083333  -0.26476320
  6.71250000  -0.26124771
  6.75416667  -0.25775857
  6.79583333  -0.25429624
  6.83750000  -0.25086115
  6.87916667  -0.24745373
  6.92083333  -0.24407435
  6.96250000  -0.24072338
  7.00416667  -0.23740115
  7.04583333  -0.23410797
  7.08750000  -0.23084411
  7.12916667  -0.22760985
  7.17083333  -0.22440542
  7.21250000  -0.22123103
  7.25416667  -0.21808687
  7.29583333  -0.21497312
  7.33750000  -0.21188994
  7.37916667  -0.20883746
  7.42083333  -0.20581579
  7.46250000  -0.20282503
  7.50416667  -0.19986526
  7.54583333  -0.19693655
  7.58750000  -0.19403894
  7.62916667  -0.19117247
  7.67083333  -0.18833716
  7.71250000  -0.18553301
  7.75416667  -0.18276000
  7.79583333  -0.18001812
  7.83750000  -0.17730732
  7.87916667  -0.17462757
  7.92083333  -0.17197880
  7.96250000  -0.16936094
  8.00416667  -0.16677390
  8.04583333  -0.16421760
  8.08750000  -0.16169194
  8.12916667  -0.15919679
  8.17083333  -0.15673205
  8.21250000  -0.15429758
  8.25416667  -0.15189324
  8.29583333  -0.14951889
  8.33750000  -0.14717437
  8.37916667  -0.14485953
  8.42083333  -0.14257420
  8.46250000  -0.14031821
  8.50416667  -0.13809137
  8.54583333  -0.13589351
  8.58750000  -0.13372442
  8.62916667  -0.13158392
  8.67083333  -0.12947181
  8.71250000  -0.12738787
  8.75416667  -0.12533191
  8.79583333  -0.12330370
  8.83750000  -0.12130302
  8.87916667  -0.11932967
  8.92083333  -0.11738341
  8.96250000  -0.11546401
  9.00416667  -0.11357125
  9.04583333  -0.11170490
  9.08750000  -0.10986470
  9.12916667  -0.10805044
  9.17083333  -0.10626187
  9.21250000  -0.10449875
  9.25416667  -0.10276083
  9.29583333  -0.10104787
  9.33750000  -0.09935962
  9.37916667  -0.09769584
  9.42083333  -0.09605628
  9.46250000  -0.09444068
  9.50416667  -0.09284881
  9.54583333  -0.09128040
  9.58750000  -0.08973522
  9.62916667  -0.08821300
  9.67083333  -0.08671349
  9.71250000  -0.08523645
  9.75416667  -0.08378162
  9.79583333  -0.08234875
  9.83750000  -0.08093759
  9.87916667  -0.07954790
  9.92083333  -0.07817941
  9.96250000  -0.07683188
 10.00416667  -0.07550507
 10.04583333  -0.07419871
 10.08750000  -0.07291258
 10.12916667  -0.07164641
 10.17083333  -0.07039997
 10.21250000  -0.06917301
 10.25416667  -0.06796529
 10.29583333  -0.06677656
 10.33750000  -0.06560659
 10.37916667  -0.06445513
 10.42083333  -0.06332195
 10.46250000  -0.06220681
 10.50416667  -0.06110947
 10.54583333  -0.06002971
 10.58750000  -0.05896728
 10.62916667  -0.05792197
 10.67083333  -0.05689353
 10.71250000  -0.05588175
 10.75416667  -0.05488640
 10.79583333  -0.05390725
 10.83750000  -0.05294408
 10.87916667  -0.05199668
 10.92083333  -0.05106481
 10.96250000  -0.05014828
 11.00416667  -0.04924686
 11.04583333  -0.04836034
 11.08750000  -0.04748851
 11.12916667  -0.04663116
 11.17083333  -0.04578808
 11.21250000  -0.04495908
 11.25416667  -0.04414394
 11.29583333  -0.04334246
 11.33750000  -0.04255446
 11.37916667  -0.04177972
 11.42083333  -0.04101806
 11.46250000  -0.04026928
 11.50416667  -0.03953320
 11.54583333  -0.03880961
 11.58750000  -0.03809835
 11.62916667  -0.03739922
 11.67083333  -0.03671204
 11.71250000  -0.03603662
 11.75416667  -0.03537280
 11.79583333  -0.03472039
 11.83750000  -0.03407923
 11.87916667  -0.03344913
 11.92083333  -0.03282993
 11.96250000  -0.03222146
 12.00416667  -0.03162355
 12.04583333  -0.03103604
 12.08750000  -0.03045877
 12.12916667  -0.02989158
 12.17083333  -0.02933431
 12.21250000  -0.02878680
 12.25416667  -0.02824890
 12.29583333  -0.02772045
 12.33750000  -0.02720131
 12.37916667  -0.02669133
 12.42083333  -0.02619036
 12.46250000  -0.02569826
 12.50416667  -0.02521488
 12.54583333  -0.02474008
 12.58750000  -0.02427373
 12.62916667  -0.02381569
 12.67083333  -0.02336582
 12.71250000  -0.02292399
 12.75416667  -0.02249007
 12.79583333  -0.02206392
 12.83750000  -0.02164543
 12.87916667  -0.02123446
 12.92083333  -0.02083090
 12.96250000  -0.02043461
 13.00416667  -0.02004547
 13.04583333  -0.01966338
 13.08750000  -0.01928820
 13.12916667  -0.01891983
 13.17083333  -0.01855815
 13.21250000  -0.01820305
 13.25416667  -0.01785442
 13.29583333  -0.01751215
 13.33750000  -0.01717612
 13.37916667  -0.01684624
 13.42083333  -0.01652241
 13.46250000  -0.01620451
 13.50416667  -0.01589245
 13.54583333  -0.01558612
 13.58750000  -0.01528543
 13.62916667  -0.01499029
 13.67083333  -0.01470059
 13.71250000  -0.01441624
 13.75416667  -0.01413716
 13.79583333  -0.01386324
 13.83750000  -0.01359441
 13.87916667  -0.01333056
 13.92083333  -0.01307162
 13.96250000  -0.01281750
 14.00416667  -0.01256811
 14.04583333  -0.01232338
 14.08750000  -0.01208322
 14.12916667  -0.01184755
 14.17083333  -0.01161629
 14.21250000  -0.01138936
 14.25416667  -0.01116669
 14.29583333  -0.01094820
 14.33750000  -0.01073382
 14.37916667  -0.01052348
 14.42083333  -0.01031710
 14.46250000  -0.01011461
 14.50416667  -0.00991595
 14.54583333  -0.00972104
 14.58750000  -0.00952982
 14.62916667  -0.00934222
 14.67083333  -0.00915818
 14.71250000  -0.00897763
 14.75416667  -0.00880051
 14.79583333  -0.00862677
 14.83750000  -0.00845632
 14.87916667  -0.00828913
 14.92083333  -0.00812513
 14.96250000  -0.00796425
 15.00416667  -0.00780646
 15.04583333  -0.00765168
 15.08750000  -0.00749986
 15.12916667  -0.00735096
 15.17083333  -0.00720491
 15.21250000  -0.00706166
 15.25416667  -0.00692117
 15.29583333  -0.00678338
 15.33750000  -0.00664824
 15.37916667  -0.00651571
 15.42083333  -0.00638574
 15.46250000  -0.00625827
 15.50416667  -0.00613327
 15.54583333  -0.00601068
 15.58750000  -0.00589047
 15.62916667  -0.00577258
 15.67083333  -0.00565698
 15.71250000  -0.00554363
 15.75416667  -0.00543248
 15.79583333  -0.00532348
 15.83750000  -0.00521661
 15.87916667  -0.00511182
 15.92083333  -0.00500907
 15.96250000  -0.00490832
 16.00416667  -0.00480954
 16.04583333  -0.00471269
 16.08750000  -0.00461773
 16.12916667  -0.00452463
 16.17083333  -0.00443335
 16.21250000  -0.00434386
 16.25416667  -0.00425613
 16.29583333  -0.00417011
 16.33750000  -0.00408579
 16.37916667  -0.00400312
 16.42083333  -0.00392208
 16.46250000  -0.00384263
 16.50416667  -0.00376475
 16.54583333  -0.00368841
 16.58750000  -0.00361357
 16.62916667  -0.00354020
 16.67083333  -0.00346829
 16.71250000  -0.00339779
 16.75416667  -0.00332870
 16.79583333  -0.00326096
 16.83750000  -0.00319457
 16.87916667  -0.00312950
 16.92083333  -0.00306572
 16.96250000  -0.00300320
 17.00416667  -0.00294192
 17.04583333  -0.00288186
 17.08750000  -0.00282300
 17.12916667  -0.00276531
 17.17083333  -0.00270876
 17.21250000  -0.00265335
 17.25416667  -0.00259903
 17.29583333  -0.00254581
 17.33750000  -0.00249364
 17.37916667  -0.00244251
 17.42083333  -0.00239241
 17.46250000  -0.00234331
 17.50416667  -0.00229519
 17.54583333  -0.00224804
 17.58750000  -0.00220183
 17.62916667  -0.00215654
 17.67083333  -0.00211217
 17.71250000  -0.00206868
 17.75416667  -0.00202607
 17.79583333  -0.00198431
 17.83750000  -0.00194340
 17.87916667  -0.00190330
 17.92083333  -0.00186401
 17.96250000  -0.00182552
 18.00416667  -0.00178780
 18.04583333  -0.00175084
 18.08750000  -0.00171462
 18.12916667  -0.00167914
 18.17083333  -0.00164437
 18.21250000  -0.00161030
 18.25416667  -0.00157693
 18.29583333  -0.00154422
 18.33750000  -0.00151218
 18.37916667  -0.00148079
 18.42083333  -0.00145003
 18.46250000  -0.00141990
 18.50416667  -0.00139038
 18.54583333  -0.00136145
 18.58750000  -0.00133311
 18.62916667  -0.00130535
 18.67083333  -0.00127815
 18.71250000  -0.00125150
 18.75416667  -0.00122539
 18.79583333  -0.00119982
 18.83750000  -0.00117476
 18.87916667  -0.00115022
 18.92083333  -0.00112617
 18.96250000  -0.00110261
 19.00416667  -0.00107953
 19.04583333  -0.00105693
 19.08750000  -0.00103478
 19.12916667  -0.00101308
 19.17083333  -0.00099183
 19.21250000  -0.00097101
 19.25416667  -0.00095061
 19.29583333  -0.00093064
 19.33750000  -0.00091106
 19.37916667  -0.00089189
 19.42083333  -0.00087311
 19.46250000  -0.00085472
 19.50416667  -0.00083669
 19.54583333  -0.00081904
 19.58750000  -0.00080175
 19.62916667  -0.00078481
 19.67083333  -0.00076822
 19.71250000  -0.00075197
 19.75416667  -0.00073605
 19.79583333  -0.00072045
 19.83750000  -0.00070517
 19.87916667  -0.00069021
 19.92083333  -0.00067555
 19.96250000  -0.00066120
 20.00416667  -0.00064713
 20.04583333  -0.00063336
 20.08750000  -0.00061986
 20.12916667  -0.00060664
 20.17083333  -0.00059369
 20.21250000  -0.00058101
 20.25416667  -0.00056859
 20.29583333  -0.00055642
 20.33750000  -0.00054449
 20.37916667  -0.00053282
 20.42083333  -0.00052138
 20.46250000  -0.00051017
 20.50416667  -0.00049919
 20.54583333  -0.00048844
 20.58750000  -0.00047791
 20.62916667  -0.00046759
 20.67083333  -0.00045748
 20.71250000  -0.00044758
 20.75416667  -0.00043788
 20.79583333  -0.00042837
 20.83750000  -0.00041906
 20.87916667  -0.00040994
 20.92083333  -0.00040101
 20.96250000  -0.00039225
 21.00416667  -0.00038368
 21.04583333  -0.00037527
 21.08750000  -0.00036704
 21.12916667  -0.00035897
 21.17083333  -0.00035107
 21.21250000  -0.00034332
 21.25416667  -0.00033574
 21.29583333  -0.00032830
 21.33750000  -0.00032101
 21.37916667  -0.00031387
 21.42083333  -0.00030688
 21.46250000  -0.00030002
 21.50416667  -0.00029330
 21.54583333  -0.00028671
 21.58750000  -0.00028026
 21.62916667  -0.00027393
 21.67083333  -0.00026773
 21.71250000  -0.00026165
 21.75416667  -0.00025569
 21.79583333  -0.00024985
 21.83750000  -0.00024412
 21.87916667  -0.00023851
 21.92083333  -0.00023300
 21.96250000  -0.00022760
 22.00416667  -0.00022231
 22.04583333  -0.00021712
 22.08750000  -0.00021202
 22.12916667  -0.00020703
 22.17083333  -0.00020213
 22.21250000  -0.00019733
 22.25416667  -0.00019261
 22.29583333  -0.00018799
 22.33750000  -0.00018345
 22.37916667  -0.00017900
 22.42083333  -0.00017463
 22.46250000  -0.00017034
 22.50416667  -0.00016613
 22.54583333  -0.00016199
 22.58750000  -0.00015793
 22.62916667  -0.00015395
 22.67083333  -0.00015004
 22.71250000  -0.00014619
 22.75416667  -0.00014242
 22.79583333  -0.00013871
 22.83750000  -0.00013506
 22.87916667  -0.00013148
 22.92083333  -0.00012796
 22.96250000  -0.00012450
 23.00416667  -0.00012110
 23.04583333  -0.00011775
 23.08750000  -0.00011446
 23.12916667  -0.00011122
 23.17083333  -0.00010804
 23.21250000  -0.00010490
 23.25416667  -0.00010182
 23.29583333  -0.00009878
 23.33750000  -0.00009579
 23.37916667  -0.00009284
 23.42083333  -0.00008994
 23.46250000  -0.00008708
 23.50416667  -0.00008426
 23.54583333  -0.00008148
 23.58750000  -0.00007873
 23.62916667  -0.00007603
 23.67083333  -0.00007336
 23.71250000  -0.00007073
 23.75416667  -0.00006812
 23.79583333  -0.00006556
 23.83750000  -0.00006302
 23.87916667  -0.00006051
 23.92083333  -0.00005803
 23.96250000  -0.00005558
 24.00416667  -0.00005315
 24.04583333  -0.00005075
 24.08750000  -0.00004838
 24.12916667  -0.00004602
 24.17083333  -0.00004369
 24.21250000  -0.00004138
 24.25416667  -0.00003909
 24.29583333  -0.00003681
 24.33750000  -0.00003456
 24.37916667  -0.00003232
 24.42083333  -0.00003010
 24.46250000  -0.00002789
 24.50416667  -0.00002569
 24.54583333  -0.00002351
 24.58750000  -0.00002133
 24.62916667  -0.00001917
 24.67083333  -0.00001702
 24.71250000  -0.00001487
 24.75416667  -0.00001274
 24.79583333  -0.00001060
 24.83750000  -0.00000848
 24.87916667  -0.00000635
 24.92083333  -0.00000423
 24.96250000  -0.00000212

  0.00416667   0.00344862
  0.04583333   0.03349280
  0.08750000   0.05649619
  0.12916667   0.07373715
  0.17083333   0.08626431
  0.21250000   0.09493266
  0.25416667   0.10043705
  0.29583333   0.10334147
  0.33750000   0.10410391
  0.37916667   0.10309706
  0.42083333   0.10062512
  0.46250000   0.09693749
  0.50416667   0.09223968
  0.54583333   0.08670209
  0.58750000   0.08046694
  0.62916667   0.07365379
  0.67083333   0.06636393
  0.71250000   0.05868378
  0.75416667   0.05068773
  0.79583333   0.04244019
  0.83750000   0.03399741
  0.87916667   0.02540882
  0.92083333   0.01671810
  0.96250000   0.00796409
  1.00416667  -0.00081852
  1.04583333  -0.00959863
  1.08750000  -0.01834826
  1.12916667  -0.02704215
  1.17083333  -0.03565749
  1.21250000  -0.04417364
  1.25416667  -0.05257187
  1.29583333  -0.06083527
  1.33750000  -0.06894848
  1.37916667  -0.07689766
  1.42083333  -0.08467028
  1.46250000  -0.09225507
  1.50416667  -0.09964193
  1.54583333  -0.10682180
  1.58750000  -0.11378663
  1.62916667  -0.12052929
  1.67083333  -0.12704351
  1.71250000  -0.13332383
  1.75416667  -0.13936554
  1.79583333  -0.14516462
  1.83750000  -0.15071773
  1.87916667  -0.15602213
  1.92083333  -0.16107566
  1.96250000  -0.16587670
  2.00416667  -0.17042410
  2.04583333  -0.17471724
  2.08750000  -0.17875588
  2.12916667  -0.18254022
  2.17083333  -0.18607083
  2.21250000  -0.18934865
  2.25416667  -0.19237493
  2.29583333  -0.19515124
  2.33750000  -0.19767944
  2.37916667  -0.19996164
  2.42083333  -0.20200022
  2.46250000  -0.20379776
  2.50416667  -0.20535708
  2.54583333  -0.20668115
  2.58750000  -0.20777317
  2.62916667  -0.20863647
  2.67083333  -0.20927453
  2.71250000  -0.20969098
  2.75416667  -0.20988957
  2.79583333  -0.20987415
  2.83750000  -0.20964868
  2.87916667  -0.20921721
  2.92083333  -0.20858387
  2.96250000  -0.20775287
  3.00416667  -0.20672845
  3.04583333  -0.20551493
  3.08750000  -0.20411668
  3.12916667  -0.20253809
  3.17083333  -0.20078358
  3.21250000  -0.19885761
  3.25416667  -0.19676465
  3.29583333  -0.19450917
  3.33750000  -0.19209567
  3.37916667  -0.18952863
  3.42083333  -0.18681253
  3.46250000  -0.18395185
  3.50416667  -0.18095104
  3.54583333  -0.17781455
  3.58750000  -0.17454681
  3.62916667  -0.17115221
  3.67083333  -0.16763511
  3.71250000  -0.16399986
  3.75416667  -0.16025076
  3.79583333  -0.15639207
  3.83750000  -0.15242802
  3.87916667  -0.14836280
  3.92083333  -0.14420054
  3.96250000  -0.13994534
  4.00416667  -0.13560124
  4.04583333  -0.13117225
  4.08750000  -0.12666229
  4.12916667  -0.12207527
  4.17083333  -0.11741503
  4.21250000  -0.11268534
  4.25416667  -0.10788992
  4.29583333  -0.10303245
  4.33750000  -0.09811654
  4.37916667  -0.09314573
  4.42083333  -0.08812352
  4.46250000  -0.08305334
  4.50416667  -0.07793855
  4.54583333  -0.07278246
  4.58750000  -0.06758832
  4.62916667  -0.06235931
  4.67083333  -0.05709856
  4.71250000  -0.05180912
  4.75416667  -0.04649399
  4.79583333  -0.04115610
  4.83750000  -0.03579834
  4.87916667  -0.03042351
  4.92083333  -0.02503436
  4.96250000  -0.01963357
  5.00416667  -0.01422377
  5.04583333  -0.00880753
  5.08750000  -0.00338734
  5.12916667   0.00203434
  5.17083333   0.00745515
  5.21250000   0.01287275
  5.25416667   0.01828488
  5.29583333   0.02368934
  5.33750000   0.02908399
  5.37916667   0.03446673
  5.42083333   0.03983554
  5.46250000   0.04518844
  5.50416667   0.05052352
  5.54583333   0.05583890
  5.58750000   0.06113280
  5.62916667   0.06640344
  5.67083333   0.07164914
  5.71250000   0.07686825
  5.75416667   0.08205917
  5.79583333   0.08722036
  5.83750000   0.09235033
  5.87916667   0.09744763
  5.92083333   0.10251088
  5.96250000   0.10753873
  6.00416667   0.11252989
  6.04583333   0.11748310
  6.08750000   0.12239716
  6.12916667   0.12727092
  6.17083333   0.13210327
  6.21250000   0.13689314
  6.25416667   0.14163950
  6.29583333   0.14634138
  6.33750000   0.15099783
  6.37916667   0.15560796
  6.42083333   0.16017090
  6.46250000   0.16468585
  6.50416667   0.16915201
  6.54583333   0.17356866
  6.58750000   0.17793509
  6.62916667   0.18225063
  6.67083333   0.18651465
  6.71250000   0.19072655
  6.75416667   0.19488578
  6.79583333   0.19899181
  6.83750000   0.20304414
  6.87916667   0.20704231
  6.92083333   0.21098590
  6.96250000   0.21487450
  7.00416667   0.21870774
  7.04583333   0.22248529
  7.08750000   0.22620684
  7.12916667   0.22987211
  7.17083333   0.23348083
  7.21250000   0.23703280
  7.25416667   0.24052779
  7.29583333   0.24396565
  7.33750000   0.24734621
  7.37916667   0.25066936
  7.42083333   0.25393499
  7.46250000   0.25714302
  7.50416667   0.26029341
  7.54583333   0.26338610
  7.58750000   0.26642110
  7.62916667   0.26939841
  7.67083333   0.27231805
  7.71250000   0.27518008
  7.75416667   0.27798457
  7.79583333   0.28073160
  7.83750000   0.28342126
  7.87916667   0.28605370
  7.92083333   0.28862904
  7.96250000   0.29114743
  8.00416667   0.29360906
  8.04583333   0.29601410
  8.08750000   0.29836276
  8.12916667   0.30065526
  8.17083333   0.30289182
  8.21250000   0.30507268
  8.25416667   0.30719811
  8.29583333   0.30926837
  8.33750000   0.31128375
  8.37916667   0.31324454
  8.42083333   0.31515104
  8.46250000   0.31700357
  8.50416667   0.31880245
  8.54583333   0.32054802
  8.58750000   0.32224064
  8.62916667   0.32388064
  8.67083333   0.32546841
  8.71250000   0.32700430
  8.75416667   0.32848871
  8.79583333   0.32992202
  8.83750000   0.33130463
  8.87916667   0.33263694
  8.92083333   0.33391936
  8.96250000   0.33515232
  9.00416667   0.33633623
  9.04583333   0.33747153
  9.08750000   0.33855865
  9.12916667   0.33959803
  9.17083333   0.34059011
  9.21250000   0.34153535
  9.25416667   0.34243421
  9.29583333   0.34328713
  9.33750000   0.34409459
  9.37916667   0.34485705
  9.42083333   0.34557498
  9.46250000   0.34624885
  9.50416667   0.34687914
  9.54583333   0.34746633
  9.58750000   0.34801090
  9.62916667   0.34851333
  9.67083333   0.34897410
  9.71250000   0.34939372
  9.75416667   0.34977265
  9.79583333   0.35011140
  9.83750000   0.35041046
  9.87916667   0.35067031
  9.92083333   0.35089145
  9.96250000   0.35107437
 10.00416667   0.35121957
 10.04583333   0.35132755
 10.08750000   0.35139879
 10.12916667   0.35143378
 10.17083333   0.35143304
 10.21250000   0.35139704
 10.25416667   0.35132628
 10.29583333   0.35122125
 10.33750000   0.35108245
 10.37916667   0.35091036
 10.42083333   0.35070548
 10.46250000   0.35046829
 10.50416667   0.35019928
 10.54583333   0.34989893
 10.58750000   0.34956774
 10.62916667   0.34920617
 10.67083333   0.34881472
 10.71250000   0.34839386
 10.75416667   0.34794406
 10.79583333   0.34746580
 10.83750000   0.34695956
 10.87916667   0.34642579
 10.92083333   0.34586498
 10.96250000   0.34527759
 11.00416667   0.34466407
 11.04583333   0.34402488
 11.08750000   0.34336049
 11.12916667   0.34267135
 11.17083333   0.34195791
 11.21250000   0.34122062
 11.25416667   0.34045992
 11.29583333   0.33967626
 11.33750000   0.33887007
 11.37916667   0.33804180
 11.42083333   0.33719187
 11.46250000   0.33632071
 11.50416667   0.33542876
 11.54583333   0.33451643
 11.58750000   0.33358415
 11.62916667   0.33263233
 11.67083333   0.33166138
 11.71250000   0.33067171
 11.75416667   0.32966373
 11.79583333   0.32863785
 11.83750000   0.32759445
 11.87916667   0.32653394
 11.92083333   0.32545670
 11.96250000   0.32436313
 12.00416667   0.32325360
 12.04583333   0.32212851
 12.08750000   0.32098822
 12.12916667   0.31983310
 12.17083333   0.31866353
 12.21250000   0.31747987
 12.25416667   0.31628249
 12.29583333   0.31507174
 12.33750000   0.31384796
 12.37916667   0.31261153
 12.42083333   0.31136277
 12.46250000   0.31010204
 12.50416667   0.30882966
 12.54583333   0.30754598
 12.58750000   0.30625133
 12.62916667   0.30494603
 12.67083333   0.30363040
 12.71250000   0.30230476
 12.75416667   0.30096944
 12.79583333   0.29962474
 12.83750000   0.29827096
 12.87916667   0.29690842
 12.92083333   0.29553741
 12.96250000   0.29415823
 13.00416667   0.29277116
 13.04583333   0.29137651
 13.08750000   0.28997455
 13.12916667   0.28856556
 13.17083333   0.28714982
 13.21250000   0.28572761
 13.25416667   0.28429919
 13.29583333   0.28286483
 13.33750000   0.28142480
 13.37916667   0.27997934
 13.42083333   0.27852872
 13.46250000   0.27707319
 13.50416667   0.27561299
 13.54583333   0.27414837
 13.58750000   0.27267957
 13.62916667   0.27120682
 13.67083333   0.26973036
 13.71250000   0.26825042
 13.75416667   0.26676723
 13.79583333   0.26528100
 13.83750000   0.26379195
 13.87916667   0.26230031
 13.92083333   0.26080628
 13.96250000   0.25931008
 14.00416667   0.25781190
 14.04583333   0.25631195
 14.08750000   0.25481044
 14.12916667   0.25330754
 14.17083333   0.25180347
 14.21250000   0.25029840
 14.25416667   0.24879252
 14.29583333   0.24728602
 14.33750000   0.24577907
 14.37916667   0.24427185
 14.42083333   0.24276453
 14.46250000   0.24125729
 14.50416667   0.23975029
 14.54583333   0.23824369
 14.58750000   0.23673765
 14.62916667   0.23523234
 14.67083333   0.23372790
 14.71250000   0.23222450
 14.75416667   0.23072227
 14.79583333   0.22922136
 14.83750000   0.22772193
 14.87916667   0.22622410
 14.92083333   0.22472802
 14.96250000   0.22323381
 15.00416667   0.22174163
 15.04583333   0.22025158
 15.08750000   0.21876380
 15.12916667   0.21727842
 15.17083333   0.21579555
 15.21250000   0.21431531
 15.25416667   0.21283783
 15.29583333   0.21136320
 15.33750000   0.20989156
 15.37916667   0.20842299
 15.42083333   0.20695762
 15.46250000   0.20549554
 15.50416667   0.20403685
 15.54583333   0.20258166
 15.58750000   0.20113006
 15.62916667   0.19968214
 15.67083333   0.19823800
 15.71250000   0.19679773
 15.75416667   0.19536141
 15.79583333   0.19392913
 15.83750000   0.19250098
 15.87916667   0.19107703
 15.92083333   0.18965736
 15.96250000   0.18824205
 16.00416667   0.18683117
 16.04583333   0.18542481
 16.08750000   0.18402301
 16.12916667   0.18262587
 16.17083333   0.18123344
 16.21250000   0.17984578
 16.25416667   0.17846296
 16.29583333   0.17708505
 16.33750000   0.17571209
 16.37916667   0.17434415
 16.42083333   0.17298128
 16.46250000   0.17162353
 16.50416667   0.17027096
 16.54583333   0.16892362
 16.58750000   0.16758155
 16.62916667   0.16624481
 16.67083333   0.16491343
 16.71250000   0.16358745
 16.75416667   0.16226693
 16.79583333   0.16095190
 16.83750000   0.15964240
 16.87916667   0.15833846
 16.92083333   0.15704012
 16.96250000   0.15574741
 17.00416667   0.15446037
 17.04583333   0.15317903
 17.08750000   0.15190342
 17.12916667   0.15063355
 17.17083333   0.14936947
 17.21250000   0.14811119
 17.25416667   0.14685874
 17.29583333   0.14561214
 17.33750000   0.14437142
 17.37916667   0.14313658
 17.42083333   0.14190765
 17.46250000   0.14068465
 17.50416667   0.13946760
 17.54583333   0.13825650
 17.58750000   0.13705137
 17.62916667   0.13585222
 17.67083333   0.13465907
 17.71250000   0.13347192
 17.75416667   0.13229078
 17.79583333   0.13111566
 17.83750000   0.12994657
 17.87916667   0.12878352
 17.92083333   0.12762650
 17.96250000   0.12647551
 18.00416667   0.12533058
 18.04583333   0.12419168
 18.08750000   0.12305883
 18.12916667   0.12193202
 18.17083333   0.12081126
 18.21250000   0.11969653
 18.25416667   0.11858784
 18.29583333   0.11748518
 18.33750000   0.11638855
 18.37916667   0.11529794
 18.42083333   0.11421334
 18.46250000   0.11313475
 18.50416667   0.11206216
 18.54583333   0.11099555
 18.58750000   0.10993492
 18.62916667   0.10888026
 18.67083333   0.10783156
 18.71250000   0.10678879
 18.75416667   0.10575196
 18.79583333   0.10472104
 18.83750000   0.10369602
 18.87916667   0.10267688
 18.92083333   0.10166362
 18.96250000   0.10065621
 19.00416667   0.09965463
 19.04583333   0.09865887
 19.08750000   0.09766890
 19.12916667   0.09668472
 19.17083333   0.09570630
 19.21250000   0.09473361
 19.25416667   0.09376664
 19.29583333   0.09280537
 19.33750000   0.09184977
 19.37916667   0.09089982
 19.42083333   0.08995550
 19.46250000   0.08901678
 19.50416667   0.08808364
 19.54583333   0.08715605
 19.58750000   0.08623400
 19.62916667   0.08531744
 19.67083333   0.08440636
 19.71250000   0.08350074
 19.75416667   0.08260053
 19.79583333   0.08170572
 19.83750000   0.08081627
 19.87916667   0.07993217
 19.92083333   0.07905337
 19.96250000   0.07817985
 20.00416667   0.07731158
 20.04583333   0.07644852
 20.08750000   0.07559066
 20.12916667   0.07473795
 20.17083333   0.07389037
 20.21250000   0.07304788
 20.25416667   0.07221046
 20.29583333   0.07137806
 20.33750000   0.07055066
 20.37916667   0.06972823
 20.42083333   0.06891072
 20.46250000   0.06809811
 20.50416667   0.06729036
 20.54583333   0.06648744
 20.58750000   0.06568931
 20.62916667   0.06489593
 20.67083333   0.06410728
 20.71250000   0.06332332
 20.75416667   0.06254400
 20.79583333   0.06176931
 20.83750000   0.06099918
 20.87916667   0.06023360
 20.92083333   0.05947253
 20.96250000   0.05871592
 21.00416667   0.05796374
 21.04583333   0.05721595
 21.08750000   0.05647252
 21.12916667   0.05573340
 21.17083333   0.05499856
 21.21250000   0.05426795
 21.25416667   0.05354155
 21.29583333   0.05281931
 21.33750000   0.05210119
 21.37916667   0.05138715
 21.42083333   0.05067716
 21.46250000   0.04997116
 21.50416667   0.04926913
 21.54583333   0.04857103
 21.58750000   0.04787680
 21.62916667   0.04718642
 21.67083333   0.04649983
 21.71250000   0.04581701
 21.75416667   0.04513790
 21.79583333   0.04446248
 21.83750000   0.04379068
 21.87916667   0.04312249
 21.92083333   0.04245784
 21.96250000   0.04179671
 22.00416667   0.04113904
 22.04583333   0.04048480
 22.08750000   0.03983394
 22.12916667   0.03918643
 22.17083333   0.03854221
 22.21250000   0.03790125
 22.25416667   0.03726350
 22.29583333   0.03662892
 22.33750000   0.03599746
 22.37916667   0.03536909
 22.42083333   0.03474376
 22.46250000   0.03412142
 22.50416667   0.03350204
 22.54583333   0.03288556
 22.58750000   0.03227195
 22.62916667   0.03166115
 22.67083333   0.03105313
 22.71250000   0.03044784
 22.75416667   0.02984524
 22.79583333   0.02924527
 22.83750000   0.02864790
 22.87916667   0.02805309
 22.92083333   0.02746078
 22.96250000   0.02687092
 23.00416667   0.02628349
 23.04583333   0.02569842
 23.08750000   0.02511568
 23.12916667   0.02453521
 23.17083333   0.02395698
 23.21250000   0.02338093
 23.25416667   0.02280702
 23.29583333   0.02223520
 23.33750000   0.02166543
 23.37916667   0.02109766
 23.42083333   0.02053184
 23.46250000   0.01996793
 23.50416667   0.01940587
 23.54583333   0.01884563
 23.58750000   0.01828715
 23.62916667   0.01773039
 23.67083333   0.01717530
 23.71250000   0.01662183
 23.75416667   0.01606993
 23.79583333   0.01551956
 23.83750000   0.01497066
 23.87916667   0.01442320
 23.92083333   0.01387711
 23.96250000   0.01333235
 24.00416667   0.01278888
 24.04583333   0.01224664
 24.08750000   0.01170558
 24.12916667   0.01116566
 24.17083333   0.01062682
 24.21250000   0.01008902
 24.25416667   0.00955220
 24.29583333   0.00901632
 24.33750000   0.00848133
 24.37916667   0.00794716
 24.42083333   0.00741379
 24.46250000   0.00688114
 24.50416667   0.00634918
 24.54583333   0.00581785
 24.58750000   0.00528710
 24.62916667   0.00475687
 24.67083333   0.00422713
 24.71250000   0.00369780
 24.75416667   0.00316885
 24.79583333   0.00264022
 24.83750000   0.00211185
 24.87916667   0.00158370
 24.92083333   0.00105571
 24.96250000   0.00052783

  0.00416667   0.00307654
  0.04583333   0.02987824
  0.08750000   0.05039476
  0.12916667   0.06576391
  0.17083333   0.07691944
  0.21250000   0.08462303
  0.25416667   0.08949398
  0.29583333   0.09203524
  0.33750000   0.09265549
  0.37916667   0.09168754
  0.42083333   0.08940331
  0.46250000   0.08602595
  0.50416667   0.08173960
  0.54583333   0.07669718
  0.58750000   0.07102652
  0.62916667   0.06483534
  0.67083333   0.05821507
  0.71250000   0.05124397
  0.75416667   0.04398954
  0.79583333   0.03651045
  0.83750000   0.02885807
  0.87916667   0.02107770
  0.92083333   0.01320952
  0.96250000   0.00528937
  1.00416667  -0.00265061
  1.04583333  -0.01058151
  1.08750000  -0.01847721
  1.12916667  -0.02631409
  1.17083333  -0.03407069
  1.21250000  -0.04172754
  1.25416667  -0.04926695
  1.29583333  -0.05667281
  1.33750000  -0.06393053
  1.37916667  -0.07102685
  1.42083333  -0.07794977
  1.46250000  -0.08468843
  1.50416667  -0.09123307
  1.54583333  -0.09757493
  1.58750000  -0.10370617
  1.62916667  -0.10961984
  1.67083333  -0.11530980
  1.71250000  -0.12077070
  1.75416667  -0.12599789
  1.79583333  -0.13098740
  1.83750000  -0.13573592
  1.87916667  -0.14024071
  1.92083333  -0.14449961
  1.96250000  -0.14851099
  2.00416667  -0.15227369
  2.04583333  -0.15578706
  2.08750000  -0.15905085
  2.12916667  -0.16206524
  2.17083333  -0.16483080
  2.21250000  -0.16734844
  2.25416667  -0.16961944
  2.29583333  -0.17164537
  2.33750000  -0.17342811
  2.37916667  -0.17496981
  2.42083333  -0.17627289
  2.46250000  -0.17734000
  2.50416667  -0.17817401
  2.54583333  -0.17877802
  2.58750000  -0.17915529
  2.62916667  -0.17930929
  2.67083333  -0.17924364
  2.71250000  -0.17896211
  2.75416667  -0.17846861
  2.79583333  -0.17776719
  2.83750000  -0.17686200
  2.87916667  -0.17575730
  2.92083333  -0.17445746
  2.96250000  -0.17296692
  3.00416667  -0.17129019
  3.04583333  -0.16943187
  3.08750000  -0.16739661
  3.12916667  -0.16518910
  3.17083333  -0.16281409
  3.21250000  -0.16027636
  3.25416667  -0.15758073
  3.29583333  -0.15473203
  3.33750000  -0.15173511
  3.37916667  -0.14859485
  3.42083333  -0.14531610
  3.46250000  -0.14190376
  3.50416667  -0.13836268
  3.54583333  -0.13469773
  3.58750000  -0.13091375
  3.62916667  -0.12701559
  3.67083333  -0.12300805
  3.71250000  -0.11889592
  3.75416667  -0.11468395
  3.79583333  -0.11037688
  3.83750000  -0.10597939
  3.87916667  -0.10149615
  3.92083333  -0.09693175
  3.96250000  -0.09229078
  4.00416667  -0.08757776
  4.04583333  -0.08279717
  4.08750000  -0.07795344
  4.12916667  -0.07305093
  4.17083333  -0.06809398
  4.21250000  -0.06308684
  4.25416667  -0.05803374
  4.29583333  -0.05293881
  4.33750000  -0.04780615
  4.37916667  -0.04263978
  4.42083333  -0.03744368
  4.46250000  -0.03222175
  4.50416667  -0.02697782
  4.54583333  -0.02171567
  4.58750000  -0.01643900
  4.62916667  -0.01115145
  4.67083333  -0.00585661
  4.71250000  -0.00055796
  4.75416667   0.00474105
  4.79583333   0.01003706
  4.83750000   0.01532676
  4.87916667   0.02060694
  4.92083333   0.02587442
  4.96250000   0.03112613
  5.00416667   0.03635905
  5.04583333   0.04157022
  5.08750000   0.04675676
  5.12916667   0.05191587
  5.17083333   0.05704480
  5.21250000   0.06214089
  5.25416667   0.06720153
  5.29583333   0.07222420
  5.33750000   0.07720642
  5.37916667   0.08214581
  5.42083333   0.08704003
  5.46250000   0.09188683
  5.50416667   0.09668402
  5.54583333   0.10142946
  5.58750000   0.10612111
  5.62916667   0.11075696
  5.67083333   0.11533509
  5.71250000   0.11985364
  5.75416667   0.12431080
  5.79583333   0.12870485
  5.83750000   0.13303410
  5.87916667   0.13729694
  5.92083333   0.14149184
  5.96250000   0.14561729
  6.00416667   0.14967188
  6.04583333   0.15365422
  6.08750000   0.15756302
  6.12916667   0.16139702
  6.17083333   0.16515503
  6.21250000   0.16883590
  6.25416667   0.17243856
  6.29583333   0.17596198
  6.33750000   0.17940519
  6.37916667   0.18276726
  6.42083333   0.18604733
  6.46250000   0.18924459
  6.50416667   0.19235827
  6.54583333   0.19538766
  6.58750000   0.19833210
  6.62916667   0.20119097
  6.67083333   0.20396370
  6.71250000   0.20664978
  6.75416667   0.20924872
  6.79583333   0.21176011
  6.83750000   0.21418356
  6.87916667   0.21651872
  6.92083333   0.21876531
  6.96250000   0.22092307
  7.00416667   0.22299178
  7.04583333   0.22497127
  7.08750000   0.22686141
  7.12916667   0.22866211
  7.17083333   0.23037331
  7.21250000   0.23199499
  7.25416667   0.23352718
  7.29583333   0.23496992
  7.33750000   0.23632331
  7.37916667   0.23758747
  7.42083333   0.23876255
  7.46250000   0.23984876
  7.50416667   0.24084630
  7.54583333   0.24175544
  7.58750000   0.24257645
  7.62916667   0.24330965
  7.67083333   0.24395539
  7.71250000   0.24451404
  7.75416667   0.24498598
  7.79583333   0.24537165
  7.83750000   0.24567151
  7.87916667   0.24588602
  7.92083333   0.24601568
  7.96250000   0.24606103
  8.00416667   0.24602261
  8.04583333   0.24590100
  8.08750000   0.24569678
  8.12916667   0.24541058
  8.17083333   0.24504302
  8.21250000   0.24459476
  8.25416667   0.24406649
  8.29583333   0.24345888
  8.33750000   0.24277266
  8.37916667   0.24200855
  8.42083333   0.24116730
  8.46250000   0.24024967
  8.50416667   0.23925644
  8.54583333   0.23818840
  8.58750000   0.23704637
  8.62916667   0.23583116
  8.67083333   0.23454360
  8.71250000   0.23318456
  8.75416667   0.23175488
  8.79583333   0.23025545
  8.83750000   0.22868714
  8.87916667   0.22705085
  8.92083333   0.22534748
  8.96250000   0.22357795
  9.00416667   0.22174319
  9.04583333   0.21984412
  9.08750000   0.21788169
  9.12916667   0.21585685
  9.17083333   0.21377055
  9.21250000   0.21162375
  9.25416667   0.20941743
  9.29583333   0.20715257
  9.33750000   0.20483013
  9.37916667   0.20245112
  9.42083333   0.20001652
  9.46250000   0.19752733
  9.50416667   0.19498454
  9.54583333   0.19238917
  9.58750000   0.18974221
  9.62916667   0.18704469
  9.67083333   0.18429760
  9.71250000   0.18150196
  9.75416667   0.17865880
  9.79583333   0.17576912
  9.83750000   0.17283395
  9.87916667   0.16985430
  9.92083333   0.16683120
  9.96250000   0.16376566
 10.00416667   0.16065871
 10.04583333   0.15751136
 10.08750000   0.15432462
 10.12916667   0.15109953
 10.17083333   0.14783709
 10.21250000   0.14453832
 10.25416667   0.14120422
 10.29583333   0.13783582
 10.33750000   0.13443411
 10.37916667   0.13100010
 10.42083333   0.12753479
 10.46250000   0.12403919
 10.50416667   0.12051428
 10.54583333   0.11696106
 10.58750000   0.11338052
 10.62916667   0.10977363
 10.67083333   0.10614138
 10.71250000   0.10248474
 10.75416667   0.09880468
 10.79583333   0.09510218
 10.83750000   0.09137817
 10.87916667   0.08763363
 10.92083333   0.08386950
 10.96250000   0.08008672
 11.00416667   0.07628624
 11.04583333   0.07246898
 11.08750000   0.06863587
 11.12916667   0.06478782
 11.17083333   0.06092576
 11.21250000   0.05705059
 11.25416667   0.05316320
 11.29583333   0.04926450
 11.33750000   0.04535536
 11.37916667   0.04143667
 11.42083333   0.03750929
 11.46250000   0.03357410
 11.50416667   0.02963195
 11.54583333   0.02568369
 11.58750000   0.02173016
 11.62916667   0.01777220
 11.67083333   0.01381063
 11.71250000   0.00984626
 11.75416667   0.00587993
 11.79583333   0.00191241
 11.83750000  -0.00205548
 11.87916667  -0.00602297
 11.92083333  -0.00998928
 11.96250000  -0.01395363
 12.00416667  -0.01791526
 12.04583333  -0.02187343
 12.08750000  -0.02582739
 12.12916667  -0.02977640
 12.17083333  -0.03371973
 12.21250000  -0.03765666
 12.25416667  -0.04158649
 12.29583333  -0.04550852
 12.33750000  -0.04942205
 12.37916667  -0.05332639
 12.42083333  -0.05722088
 12.46250000  -0.06110485
 12.50416667  -0.06497763
 12.54583333  -0.06883859
 12.58750000  -0.07268707
 12.62916667  -0.07652246
 12.67083333  -0.08034413
 12.71250000  -0.08415146
 12.75416667  -0.08794386
 12.79583333  -0.09172073
 12.83750000  -0.09548148
 12.87916667  -0.09922553
 12.92083333  -0.10295233
 12.96250000  -0.10666130
 13.00416667  -0.11035190
 13.04583333  -0.11402360
 13.08750000  -0.11767585
 13.12916667  -0.12130813
 13.17083333  -0.12491993
 13.21250000  -0.12851074
 13.25416667  -0.13208008
 13.29583333  -0.13562744
 13.33750000  -0.13915236
 13.37916667  -0.14265435
 13.42083333  -0.14613297
 13.46250000  -0.14958775
 13.50416667  -0.15301826
 13.54583333  -0.15642406
 13.58750000  -0.15980472
 13.62916667  -0.16315983
 13.67083333  -0.16648897
 13.71250000  -0.16979175
 13.75416667  -0.17306777
 13.79583333  -0.17631665
 13.83750000  -0.17953801
 13.87916667  -0.18273150
 13.92083333  -0.18589675
 13.96250000  -0.18903340
 14.00416667  -0.19214113
 14.04583333  -0.19521958
 14.08750000  -0.19826845
 14.12916667  -0.20128741
 14.17083333  -0.20427616
 14.21250000  -0.20723439
 14.25416667  -0.21016180
 14.29583333  -0.21305812
 14.33750000  -0.21592307
 14.37916667  -0.21875638
 14.42083333  -0.22155778
 14.46250000  -0.22432702
 14.50416667  -0.22706385
 14.54583333  -0.22976805
 14.58750000  -0.23243937
 14.62916667  -0.23507759
 14.67083333  -0.23768249
 14.71250000  -0.24025388
 14.75416667  -0.24279153
 14.79583333  -0.24529527
 14.83750000  -0.24776490
 14.87916667  -0.25020024
 14.92083333  -0.25260113
 14.96250000  -0.25496738
 15.00416667  -0.25729885
 15.04583333  -0.25959539
 15.08750000  -0.26185684
 15.12916667  -0.26408306
 15.17083333  -0.26627394
 15.21250000  -0.26842933
 15.25416667  -0.27054913
 15.29583333  -0.27263322
 15.33750000  -0.27468149
 15.37916667  -0.27669384
 15.42083333  -0.27867018
 15.46250000  -0.28061043
 15.50416667  -0.28251449
 15.54583333  -0.28438231
 15.58750000  -0.28621380
 15.62916667  -0.28800890
 15.67083333  -0.28976757
 15.71250000  -0.29148974
 15.75416667  -0.29317536
 15.79583333  -0.29482442
 15.83750000  -0.29643685
 15.87916667  -0.29801265
 15.92083333  -0.29955177
 15.96250000  -0.30105422
 16.00416667  -0.30251996
 16.04583333  -0.30394901
 16.08750000  -0.30534135
 16.12916667  -0.30669698
 16.17083333  -0.30801592
 16.21250000  -0.30929818
 16.25416667  -0.31054377
 16.29583333  -0.31175272
 16.33750000  -0.31292506
 16.37916667  -0.31406082
 16.42083333  -0.31516003
 16.46250000  -0.31622274
 16.50416667  -0.31724899
 16.54583333  -0.31823884
 16.58750000  -0.31919234
 16.62916667  -0.32010954
 16.67083333  -0.32099052
 16.71250000  -0.32183534
 16.75416667  -0.32264407
 16.79583333  -0.32341679
 16.83750000  -0.32415357
 16.87916667  -0.32485451
 16.92083333  -0.32551968
 16.96250000  -0.32614919
 17.00416667  -0.32674313
 17.04583333  -0.32730159
 17.08750000  -0.32782468
 17.12916667  -0.32831250
 17.17083333  -0.32876517
 17.21250000  -0.32918280
 17.25416667  -0.32956550
 17.29583333  -0.32991340
 17.33750000  -0.33022661
 17.37916667  -0.33050527
 17.42083333  -0.33074950
 17.46250000  -0.33095944
 17.50416667  -0.33113522
 17.54583333  -0.33127698
 17.58750000  -0.33138486
 17.62916667  -0.33145901
 17.67083333  -0.33149958
 17.71250000  -0.33150670
 17.75416667  -0.33148054
 17.79583333  -0.33142125
 17.83750000  -0.33132899
 17.87916667  -0.33120392
 17.92083333  -0.33104620
 17.96250000  -0.33085600
 18.00416667  -0.33063348
 18.04583333  -0.33037882
 18.08750000  -0.33009218
 18.12916667  -0.32977373
 18.17083333  -0.32942367
 18.21250000  -0.32904216
 18.25416667  -0.32862938
 18.29583333  -0.32818552
 18.33750000  -0.32771075
 18.37916667  -0.32720528
 18.42083333  -0.32666928
 18.46250000  -0.32610294
 18.50416667  -0.32550646
 18.54583333  -0.32488003
 18.58750000  -0.32422383
 18.62916667  -0.32353808
 18.67083333  -0.32282297
 18.71250000  -0.32207869
 18.75416667  -0.32130544
 18.79583333  -0.32050344
 18.83750000  -0.31967287
 18.87916667  -0.31881395
 18.92083333  -0.31792689
 18.96250000  -0.31701188
 19.00416667  -0.31606914
 19.04583333  -0.31509888
 19.08750000  -0.31410131
 19.12916667  -0.31307663
 19.17083333  -0.31202507
 19.21250000  -0.31094683
 19.25416667  -0.30984213
 19.29583333  -0.30871118
 19.33750000  -0.30755420
 19.37916667  -0.30637141
 19.42083333  -0.30516303
 19.46250000  -0.30392926
 19.50416667  -0.30267034
 19.54583333  -0.30138648
 19.58750000  -0.30007791
 19.62916667  -0.29874483
 19.67083333  -0.29738748
 19.71250000  -0.29600607
 19.75416667  -0.29460083
 19.79583333  -0.29317198
 19.83750000  -0.29171974
 19.87916667  -0.29024434
 19.92083333  -0.28874600
 19.96250000  -0.28722494
 20.00416667  -0.28568139
 20.04583333  -0.28411557
 20.08750000  -0.28252771
 20.12916667  -0.28091803
 20.17083333  -0.27928675
 20.21250000  -0.27763411
 20.25416667  -0.27596032
 20.29583333  -0.27426562
 20.33750000  -0.27255022
 20.37916667  -0.27081435
 20.42083333  -0.26905824
 20.46250000  -0.26728211
 20.50416667  -0.26548618
 20.54583333  -0.26367069
 20.58750000  -0.26183585
 20.62916667  -0.25998188
 20.67083333  -0.25810902
 20.71250000  -0.25621749
 20.75416667  -0.25430751
 20.79583333  -0.25237929
 20.83750000  -0.25043308
 20.87916667  -0.24846908
 20.92083333  -0.24648752
 20.96250000  -0.24448863
 21.00416667  -0.24247261
 21.04583333  -0.24043971
 21.08750000  -0.23839012
 21.12916667  -0.23632408
 21.17083333  -0.23424180
 21.21250000  -0.23214351
 21.25416667  -0.23002941
 21.29583333  -0.22789974
 21.33750000  -0.22575470
 21.37916667  -0.22359451
 21.42083333  -0.22141939
 21.46250000  -0.21922955
 21.50416667  -0.21702521
 21.54583333  -0.21480658
 21.58750000  -0.21257387
 21.62916667  -0.21032730
 21.67083333  -0.20806708
 21.71250000  -0.20579342
 21.75416667  -0.20350653
 21.79583333  -0.20120662
 21.83750000  -0.19889390
 21.87916667  -0.19656857
 21.92083333  -0.19423084
 21.96250000  -0.19188092
 22.00416667  -0.18951902
 22.04583333  -0.18714533
 22.08750000  -0.18476006
 22.12916667  -0.18236342
 22.17083333  -0.17995560
 22.21250000  -0.17753681
 22.25416667  -0.17510724
 22.29583333  -0.17266709
 22.33750000  -0.17021657
 22.37916667  -0.16775587
 22.42083333  -0.16528518
 22.46250000  -0.16280470
 22.50416667  -0.16031462
 22.54583333  -0.15781514
 22.58750000  -0.15530644
 22.62916667  -0.15278872
 22.67083333  -0.15026217
 22.71250000  -0.14772697
 22.75416667  -0.14518332
 22.79583333  -0.14263140
 22.83750000  -0.14007139
 22.87916667  -0.13750347
 22.92083333  -0.13492784
 22.96250000  -0.13234467
 23.00416667  -0.12975415
 23.04583333  -0.12715645
 23.08750000  -0.12455175
 23.12916667  -0.12194023
 23.17083333  -0.11932206
 23.21250000  -0.11669743
 23.25416667  -0.11406649
 23.29583333  -0.11142944
 23.33750000  -0.10878643
 23.37916667  -0.10613764
 23.42083333  -0.10348323
 23.46250000  -0.10082338
 23.50416667  -0.09815825
 23.54583333  -0.09548800
 23.58750000  -0.09281281
 23.62916667  -0.09013283
 23.67083333  -0.08744822
 23.71250000  -0.08475915
 23.75416667  -0.08206577
 23.79583333  -0.07936824
 23.83750000  -0.07666672
 23.87916667  -0.07396137
 23.92083333  -0.07125233
 23.96250000  -0.06853977
 24.00416667  -0.06582383
 24.04583333  -0.06310466
 24.08750000  -0.06038241
 24.12916667  -0.05765723
 24.17083333  -0.05492927
 24.21250000  -0.05219867
 24.25416667  -0.04946558
 24.29583333  -0.04673014
 24.33750000  -0.04399248
 24.37916667  -0.04125276
 24.42083333  -0.03851111
 24.46250000  -0.03576766
 24.50416667  -0.03302256
 24.54583333  -0.03027593
 24.58750000  -0.02752792
 24.62916667  -0.02477865
 24.67083333  -0.02202826
 24.71250000  -0.01927688
 24.75416667  -0.01652463
 24.79583333  -0.01377164
 24.83750000  -0.01101804
 24.87916667  -0.00826395
 24.92083333  -0.00550950
 24.96250000  -0.00275481

