  0.00416667   0.00000575
  0.04583333   0.00065431
  0.08750000   0.00225056
  0.12916667   0.00464167
  0.17083333   0.00770602
  0.21250000   0.01134679
  0.25416667   0.01548663
  0.29583333   0.02006330
  0.33750000   0.02502616
  0.37916667   0.03033339
  0.42083333   0.03594986
  0.46250000   0.04184551
  0.50416667   0.04799405
  0.54583333   0.05437209
  0.58750000   0.06095834
  0.62916667   0.06773320
  0.67083333   0.07467833
  0.71250000   0.08177636
  0.75416667   0.08901077
  0.79583333   0.09636572
  0.83750000   0.10382595
  0.87916667   0.11137676
  0.92083333   0.11900397
  0.96250000   0.12669387
  1.00416667   0.13443324
  1.04583333   0.14220936
  1.08750000   0.15000996
  1.12916667   0.15782328
  1.17083333   0.16563803
  1.21250000   0.17344341
  1.25416667   0.18122910
  1.29583333   0.18898526
  1.33750000   0.19670256
  1.37916667   0.20437210
  1.42083333   0.21198548
  1.46250000   0.21953476
  1.50416667   0.22701245
  1.54583333   0.23441149
  1.58750000   0.24172527
  1.62916667   0.24894758
  1.67083333   0.25607265
  1.71250000   0.26309507
  1.75416667   0.27000984
  1.79583333   0.27681230
  1.83750000   0.28349819
  1.87916667   0.29006354
  1.92083333   0.29650475
  1.96250000   0.30281853
  2.00416667   0.30900188
  2.04583333   0.31505209
  2.08750000   0.32096675
  2.12916667   0.32674370
  2.17083333   0.33238104
  2.21250000   0.33787710
  2.25416667   0.34323048
  2.29583333   0.34843995
  2.33750000   0.35350453
  2.37916667   0.35842343
  2.42083333   0.36319604
  2.46250000   0.36782194
  2.50416667   0.37230089
  2.54583333   0.37663279
  2.58750000   0.38081773
  2.62916667   0.38485590
  2.67083333   0.38874768
  2.71250000   0.39249354
  2.75416667   0.39609409
  2.79583333   0.39955006
  2.83750000   0.40286229
  2.87916667   0.40603170
  2.92083333   0.40905935
  2.96250000   0.41194635
  3.00416667   0.41469392
  3.04583333   0.41730335
  3.08750000   0.41977600
  3.12916667   0.42211332
  3.17083333   0.42431679
  3.21250000   0.42638799
  3.25416667   0.42832852
  3.29583333   0.43014006
  3.33750000   0.43182430
  3.37916667   0.43338302
  3.42083333   0.43481801
  3.46250000   0.43613109
  3.50416667   0.43732413
  3.54583333   0.43839903
  3.58750000   0.43935769
  3.62916667   0.44020206
  3.67083333   0.44093410
  3.71250000   0.44155579
  3.75416667   0.44206912
  3.79583333   0.44247610
  3.83750000   0.44277873
  3.87916667   0.44297904
  3.92083333   0.44307906
  3.96250000   0.44308082
  4.00416667   0.44298634
  4.04583333   0.44279767
  4.08750000   0.44251682
  4.12916667   0.44214584
  4.17083333   0.44168672
  4.21250000   0.44114150
  4.25416667   0.44051217
  4.29583333   0.43980074
  4.33750000   0.43900918
  4.37916667   0.43813947
  4.42083333   0.43719357
  4.46250000   0.43617343
  4.50416667   0.43508098
  4.54583333   0.43391813
  4.58750000   0.43268678
  4.62916667   0.43138882
  4.67083333   0.43002611
  4.71250000   0.42860049
  4.75416667   0.42711378
  4.79583333   0.42556780
  4.83750000   0.42396432
  4.87916667   0.42230511
  4.92083333   0.42059190
  4.96250000   0.41882643
  5.00416667   0.41701038
  5.04583333   0.41514542
  5.08750000   0.41323322
  5.12916667   0.41127539
  5.17083333   0.40927353
  5.21250000   0.40722924
  5.25416667   0.40514406
  5.29583333   0.40301953
  5.33750000   0.40085715
  5.37916667   0.39865841
  5.42083333   0.39642477
  5.46250000   0.39415765
  5.50416667   0.39185847
  5.54583333   0.38952861
  5.58750000   0.38716944
  5.62916667   0.38478228
  5.67083333   0.38236846
  5.71250000   0.37992925
  5.75416667   0.37746593
  5.79583333   0.37497972
  5.83750000   0.37247184
  5.87916667   0.36994348
  5.92083333   0.36739582
  5.96250000   0.36482998
  6.00416667   0.36224709
  6.04583333   0.35964824
  6.08750000   0.35703452
  6.12916667   0.35440695
  6.17083333   0.35176658
  6.21250000   0.34911441
  6.25416667   0.34645141
  6.29583333   0.34377854
  6.33750000   0.34109674
  6.37916667   0.33840693
  6.42083333   0.33571000
  6.46250000   0.33300683
  6.50416667   0.33029825
  6.54583333   0.32758510
  6.58750000   0.32486820
  6.62916667   0.32214833
  6.67083333   0.31942626
  6.71250000   0.31670274
  6.75416667   0.31397849
  6.79583333   0.31125424
  6.83750000   0.30853067
  6.87916667   0.30580845
  6.92083333   0.30308824
  6.96250000   0.30037067
  7.00416667   0.29765637
  7.04583333   0.29494593
  7.08750000   0.29223994
  7.12916667   0.28953896
  7.17083333   0.28684355
  7.21250000   0.28415422
  7.25416667   0.28147152
  7.29583333   0.27879592
  7.33750000   0.27612792
  7.37916667   0.27346799
  7.42083333   0.27081659
  7.46250000   0.26817414
  7.50416667   0.26554108
  7.54583333   0.26291782
  7.58750000   0.26030475
  7.62916667   0.25770225
  7.67083333   0.25511070
  7.71250000   0.25253045
  7.75416667   0.24996185
  7.79583333   0.24740521
  7.83750000   0.24486087
  7.87916667   0.24232913
  7.92083333   0.23981027
  7.96250000   0.23730458
  8.00416667   0.23481233
  8.04583333   0.23233378
  8.08750000   0.22986918
  8.12916667   0.22741875
  8.17083333   0.22498274
  8.21250000   0.22256134
  8.25416667   0.22015478
  8.29583333   0.21776324
  8.33750000   0.21538691
  8.37916667   0.21302596
  8.42083333   0.21068057
  8.46250000   0.20835088
  8.50416667   0.20603706
  8.54583333   0.20373923
  8.58750000   0.20145754
  8.62916667   0.19919211
  8.67083333   0.19694304
  8.71250000   0.19471046
  8.75416667   0.19249445
  8.79583333   0.19029512
  8.83750000   0.18811254
  8.87916667   0.18594680
  8.92083333   0.18379797
  8.96250000   0.18166611
  9.00416667   0.17955129
  9.04583333   0.17745354
  9.08750000   0.17537293
  9.12916667   0.17330949
  9.17083333   0.17126324
  9.21250000   0.16923423
  9.25416667   0.16722248
  9.29583333   0.16522799
  9.33750000   0.16325078
  9.37916667   0.16129087
  9.42083333   0.15934825
  9.46250000   0.15742291
  9.50416667   0.15551486
  9.54583333   0.15362407
  9.58750000   0.15175054
  9.62916667   0.14989424
  9.67083333   0.14805515
  9.71250000   0.14623323
  9.75416667   0.14442847
  9.79583333   0.14264081
  9.83750000   0.14087022
  9.87916667   0.13911665
  9.92083333   0.13738007
  9.96250000   0.13566042
 10.00416667   0.13395764
 10.04583333   0.13227168
 10.08750000   0.13060248
 10.12916667   0.12894998
 10.17083333   0.12731411
 10.21250000   0.12569481
 10.25416667   0.12409200
 10.29583333   0.12250562
 10.33750000   0.12093558
 10.37916667   0.11938182
 10.42083333   0.11784425
 10.46250000   0.11632279
 10.50416667   0.11481736
 10.54583333   0.11332787
 10.58750000   0.11185424
 10.62916667   0.11039638
 10.67083333   0.10895419
 10.71250000   0.10752759
 10.75416667   0.10611648
 10.79583333   0.10472076
 10.83750000   0.10334035
 10.87916667   0.10197514
 10.92083333   0.10062504
 10.96250000   0.09928994
 11.00416667   0.09796974
 11.04583333   0.09666434
 11.08750000   0.09537364
 11.12916667   0.09409754
 11.17083333   0.09283593
 11.21250000   0.09158870
 11.25416667   0.09035574
 11.29583333   0.08913696
 11.33750000   0.08793224
 11.37916667   0.08674148
 11.42083333   0.08556456
 11.46250000   0.08440138
 11.50416667   0.08325182
 11.54583333   0.08211578
 11.58750000   0.08099315
 11.62916667   0.07988381
 11.67083333   0.07878766
 11.71250000   0.07770458
 11.75416667   0.07663446
 11.79583333   0.07557719
 11.83750000   0.07453265
 11.87916667   0.07350075
 11.92083333   0.07248135
 11.96250000   0.07147436
 12.00416667   0.07047966
 12.04583333   0.06949714
 12.08750000   0.06852668
 12.12916667   0.06756818
 12.17083333   0.06662152
 12.21250000   0.06568659
 12.25416667   0.06476328
 12.29583333   0.06385148
 12.33750000   0.06295108
 12.37916667   0.06206197
 12.42083333   0.06118404
 12.46250000   0.06031718
 12.50416667   0.05946127
 12.54583333   0.05861622
 12.58750000   0.05778190
 12.62916667   0.05695822
 12.67083333   0.05614506
 12.71250000   0.05534232
 12.75416667   0.05454989
 12.79583333   0.05376767
 12.83750000   0.05299554
 12.87916667   0.05223340
 12.92083333   0.05148115
 12.96250000   0.05073868
 13.00416667   0.05000589
 13.04583333   0.04928267
 13.08750000   0.04856893
 13.12916667   0.04786455
 13.17083333   0.04716944
 13.21250000   0.04648350
 13.25416667   0.04580663
 13.29583333   0.04513872
 13.33750000   0.04447968
 13.37916667   0.04382940
 13.42083333   0.04318780
 13.46250000   0.04255477
 13.50416667   0.04193022
 13.54583333   0.04131404
 13.58750000   0.04070615
 13.62916667   0.04010645
 13.67083333   0.03951485
 13.71250000   0.03893125
 13.75416667   0.03835556
 13.79583333   0.03778770
 13.83750000   0.03722755
 13.87916667   0.03667505
 13.92083333   0.03613009
 13.96250000   0.03559259
 14.00416667   0.03506247
 14.04583333   0.03453962
 14.08750000   0.03402397
 14.12916667   0.03351543
 14.17083333   0.03301392
 14.21250000   0.03251934
 14.25416667   0.03203162
 14.29583333   0.03155068
 14.33750000   0.03107642
 14.37916667   0.03060877
 14.42083333   0.03014766
 14.46250000   0.02969298
 14.50416667   0.02924468
 14.54583333   0.02880267
 14.58750000   0.02836686
 14.62916667   0.02793719
 14.67083333   0.02751358
 14.71250000   0.02709595
 14.75416667   0.02668423
 14.79583333   0.02627833
 14.83750000   0.02587820
 14.87916667   0.02548375
 14.92083333   0.02509492
 14.96250000   0.02471163
 15.00416667   0.02433380
 15.04583333   0.02396138
 15.08750000   0.02359429
 15.12916667   0.02323247
 15.17083333   0.02287584
 15.21250000   0.02252433
 15.25416667   0.02217789
 15.29583333   0.02183644
 15.33750000   0.02149993
 15.37916667   0.02116828
 15.42083333   0.02084143
 15.46250000   0.02051932
 15.50416667   0.02020189
 15.54583333   0.01988907
 15.58750000   0.01958080
 15.62916667   0.01927703
 15.67083333   0.01897770
 15.71250000   0.01868273
 15.75416667   0.01839209
 15.79583333   0.01810570
 15.83750000   0.01782351
 15.87916667   0.01754547
 15.92083333   0.01727152
 15.96250000   0.01700160
 16.00416667   0.01673566
 16.04583333   0.01647364
 16.08750000   0.01621550
 16.12916667   0.01596118
 16.17083333   0.01571062
 16.21250000   0.01546378
 16.25416667   0.01522061
 16.29583333   0.01498105
 16.33750000   0.01474505
 16.37916667   0.01451257
 16.42083333   0.01428355
 16.46250000   0.01405796
 16.50416667   0.01383574
 16.54583333   0.01361684
 16.58750000   0.01340122
 16.62916667   0.01318883
 16.67083333   0.01297963
 16.71250000   0.01277358
 16.75416667   0.01257062
 16.79583333   0.01237072
 16.83750000   0.01217383
 16.87916667   0.01197991
 16.92083333   0.01178892
 16.96250000   0.01160082
 17.00416667   0.01141556
 17.04583333   0.01123311
 17.08750000   0.01105342
 17.12916667   0.01087646
 17.17083333   0.01070219
 17.21250000   0.01053057
 17.25416667   0.01036155
 17.29583333   0.01019511
 17.33750000   0.01003121
 17.37916667   0.00986981
 17.42083333   0.00971087
 17.46250000   0.00955436
 17.50416667   0.00940024
 17.54583333   0.00924848
 17.58750000   0.00909905
 17.62916667   0.00895190
 17.67083333   0.00880702
 17.71250000   0.00866435
 17.75416667   0.00852388
 17.79583333   0.00838557
 17.83750000   0.00824939
 17.87916667   0.00811531
 17.92083333   0.00798329
 17.96250000   0.00785331
 18.00416667   0.00772533
 18.04583333   0.00759933
 18.08750000   0.00747527
 18.12916667   0.00735314
 18.17083333   0.00723289
 18.21250000   0.00711451
 18.25416667   0.00699796
 18.29583333   0.00688321
 18.33750000   0.00677025
 18.37916667   0.00665904
 18.42083333   0.00654955
 18.46250000   0.00644177
 18.50416667   0.00633566
 18.54583333   0.00623120
 18.58750000   0.00612837
 18.62916667   0.00602713
 18.67083333   0.00592748
 18.71250000   0.00582938
 18.75416667   0.00573280
 18.79583333   0.00563773
 18.83750000   0.00554415
 18.87916667   0.00545202
 18.92083333   0.00536133
 18.96250000   0.00527206
 19.00416667   0.00518419
 19.04583333   0.00509768
 19.08750000   0.00501253
 19.12916667   0.00492871
 19.17083333   0.00484620
 19.21250000   0.00476498
 19.25416667   0.00468503
 19.29583333   0.00460633
 19.33750000   0.00452887
 19.37916667   0.00445261
 19.42083333   0.00437755
 19.46250000   0.00430367
 19.50416667   0.00423094
 19.54583333   0.00415935
 19.58750000   0.00408887
 19.62916667   0.00401951
 19.67083333   0.00395122
 19.71250000   0.00388401
 19.75416667   0.00381785
 19.79583333   0.00375272
 19.83750000   0.00368861
 19.87916667   0.00362550
 19.92083333   0.00356338
 19.96250000   0.00350223
 20.00416667   0.00344204
 20.04583333   0.00338279
 20.08750000   0.00332446
 20.12916667   0.00326704
 20.17083333   0.00321051
 20.21250000   0.00315487
 20.25416667   0.00310009
 20.29583333   0.00304616
 20.33750000   0.00299308
 20.37916667   0.00294082
 20.42083333   0.00288937
 20.46250000   0.00283871
 20.50416667   0.00278885
 20.54583333   0.00273975
 20.58750000   0.00269142
 20.62916667   0.00264383
 20.67083333   0.00259698
 20.71250000   0.00255084
 20.75416667   0.00250542
 20.79583333   0.00246070
 20.83750000   0.00241666
 20.87916667   0.00237330
 20.92083333   0.00233060
 20.96250000   0.00228856
 21.00416667   0.00224715
 21.04583333   0.00220638
 21.08750000   0.00216622
 21.12916667   0.00212668
 21.17083333   0.00208773
 21.21250000   0.00204937
 21.25416667   0.00201159
 21.29583333   0.00197438
 21.33750000   0.00193772
 21.37916667   0.00190161
 21.42083333   0.00186605
 21.46250000   0.00183101
 21.50416667   0.00179648
 21.54583333   0.00176247
 21.58750000   0.00172896
 21.62916667   0.00169595
 21.67083333   0.00166341
 21.71250000   0.00163135
 21.75416667   0.00159976
 21.79583333   0.00156862
 21.83750000   0.00153793
 21.87916667   0.00150768
 21.92083333   0.00147787
 21.96250000   0.00144847
 22.00416667   0.00141950
 22.04583333   0.00139093
 22.08750000   0.00136276
 22.12916667   0.00133498
 22.17083333   0.00130759
 22.21250000   0.00128057
 22.25416667   0.00125393
 22.29583333   0.00122764
 22.33750000   0.00120171
 22.37916667   0.00117613
 22.42083333   0.00115089
 22.46250000   0.00112599
 22.50416667   0.00110141
 22.54583333   0.00107715
 22.58750000   0.00105320
 22.62916667   0.00102956
 22.67083333   0.00100623
 22.71250000   0.00098318
 22.75416667   0.00096042
 22.79583333   0.00093794
 22.83750000   0.00091574
 22.87916667   0.00089380
 22.92083333   0.00087212
 22.96250000   0.00085071
 23.00416667   0.00082954
 23.04583333   0.00080861
 23.08750000   0.00078792
 23.12916667   0.00076746
 23.17083333   0.00074723
 23.21250000   0.00072722
 23.25416667   0.00070742
 23.29583333   0.00068784
 23.33750000   0.00066845
 23.37916667   0.00064926
 23.42083333   0.00063027
 23.46250000   0.00061146
 23.50416667   0.00059283
 23.54583333   0.00057438
 23.58750000   0.00055610
 23.62916667   0.00053798
 23.67083333   0.00052003
 23.71250000   0.00050223
 23.75416667   0.00048458
 23.79583333   0.00046707
 23.83750000   0.00044970
 23.87916667   0.00043246
 23.92083333   0.00041536
 23.96250000   0.00039838
 24.00416667   0.00038152
 24.04583333   0.00036477
 24.08750000   0.00034813
 24.12916667   0.00033160
 24.17083333   0.00031516
 24.21250000   0.00029882
 24.25416667   0.00028257
 24.29583333   0.00026641
 24.33750000   0.00025032
 24.37916667   0.00023431
 24.42083333   0.00021838
 24.46250000   0.00020250
 24.50416667   0.00018669
 24.54583333   0.00017093
 24.58750000   0.00015523
 24.62916667   0.00013957
 24.67083333   0.00012396
 24.71250000   0.00010838
 24.75416667   0.00009284
 24.79583333   0.00007732
 24.83750000   0.00006183
 24.87916667   0.00004636
 24.92083333   0.00003090
 24.96250000   0.00001545

  0.00416667   0.00000355
  0.04583333   0.00040386
  0.08750000   0.00138900
  0.12916667   0.00286437
  0.17083333   0.00475448
  0.21250000   0.00699905
  0.25416667   0.00954974
  0.29583333   0.01236745
  0.33750000   0.01542016
  0.37916667   0.01868127
  0.42083333   0.02212823
  0.46250000   0.02574160
  0.50416667   0.02950420
  0.54583333   0.03340063
  0.58750000   0.03741676
  0.62916667   0.04153946
  0.67083333   0.04575636
  0.71250000   0.05005570
  0.75416667   0.05442622
  0.79583333   0.05885706
  0.83750000   0.06333773
  0.87916667   0.06785810
  0.92083333   0.07240833
  0.96250000   0.07697890
  1.00416667   0.08156062
  1.04583333   0.08614458
  1.08750000   0.09072220
  1.12916667   0.09528521
  1.17083333   0.09982566
  1.21250000   0.10433592
  1.25416667   0.10880870
  1.29583333   0.11323701
  1.33750000   0.11761419
  1.37916667   0.12193391
  1.42083333   0.12619016
  1.46250000   0.13037723
  1.50416667   0.13448974
  1.54583333   0.13852259
  1.58750000   0.14247102
  1.62916667   0.14633052
  1.67083333   0.15009688
  1.71250000   0.15376619
  1.75416667   0.15733479
  1.79583333   0.16079927
  1.83750000   0.16415651
  1.87916667   0.16740361
  1.92083333   0.17053791
  1.96250000   0.17355701
  2.00416667   0.17645868
  2.04583333   0.17924096
  2.08750000   0.18190206
  2.12916667   0.18444040
  2.17083333   0.18685460
  2.21250000   0.18914345
  2.25416667   0.19130593
  2.29583333   0.19334119
  2.33750000   0.19524852
  2.37916667   0.19702739
  2.42083333   0.19867742
  2.46250000   0.20019836
  2.50416667   0.20159011
  2.54583333   0.20285268
  2.58750000   0.20398624
  2.62916667   0.20499104
  2.67083333   0.20586748
  2.71250000   0.20661604
  2.75416667   0.20723732
  2.79583333   0.20773201
  2.83750000   0.20810091
  2.87916667   0.20834489
  2.92083333   0.20846490
  2.96250000   0.20846200
  3.00416667   0.20833730
  3.04583333   0.20809199
  3.08750000   0.20772732
  3.12916667   0.20724462
  3.17083333   0.20664527
  3.21250000   0.20593069
  3.25416667   0.20510239
  3.29583333   0.20416191
  3.33750000   0.20311082
  3.37916667   0.20195077
  3.42083333   0.20068341
  3.46250000   0.19931046
  3.50416667   0.19783366
  3.54583333   0.19625478
  3.58750000   0.19457563
  3.62916667   0.19279803
  3.67083333   0.19092385
  3.71250000   0.18895494
  3.75416667   0.18689322
  3.79583333   0.18474060
  3.83750000   0.18249899
  3.87916667   0.18017036
  3.92083333   0.17775664
  3.96250000   0.17525980
  4.00416667   0.17268182
  4.04583333   0.17002467
  4.08750000   0.16729034
  4.12916667   0.16448080
  4.17083333   0.16159805
  4.21250000   0.15864406
  4.25416667   0.15562084
  4.29583333   0.15253035
  4.33750000   0.14937458
  4.37916667   0.14615550
  4.42083333   0.14287507
  4.46250000   0.13953526
  4.50416667   0.13613802
  4.54583333   0.13268528
  4.58750000   0.12917898
  4.62916667   0.12562104
  4.67083333   0.12201336
  4.71250000   0.11835783
  4.75416667   0.11465635
  4.79583333   0.11091076
  4.83750000   0.10712292
  4.87916667   0.10329467
  4.92083333   0.09942782
  4.96250000   0.09552417
  5.00416667   0.09158550
  5.04583333   0.08761358
  5.08750000   0.08361014
  5.12916667   0.07957692
  5.17083333   0.07551562
  5.21250000   0.07142793
  5.25416667   0.06731550
  5.29583333   0.06317999
  5.33750000   0.05902300
  5.37916667   0.05484616
  5.42083333   0.05065103
  5.46250000   0.04643917
  5.50416667   0.04221211
  5.54583333   0.03797137
  5.58750000   0.03371844
  5.62916667   0.02945478
  5.67083333   0.02518184
  5.71250000   0.02090103
  5.75416667   0.01661376
  5.79583333   0.01232139
  5.83750000   0.00802528
  5.87916667   0.00372676
  5.92083333  -0.00057288
  5.96250000  -0.00487235
  6.00416667  -0.00917040
  6.04583333  -0.01346579
  6.08750000  -0.01775731
  6.12916667  -0.02204379
  6.17083333  -0.02632405
  6.21250000  -0.03059696
  6.25416667  -0.03486140
  6.29583333  -0.03911628
  6.33750000  -0.04336053
  6.37916667  -0.04759310
  6.42083333  -0.05181298
  6.46250000  -0.05601916
  6.50416667  -0.06021066
  6.54583333  -0.06438653
  6.58750000  -0.06854583
  6.62916667  -0.07268766
  6.67083333  -0.07681113
  6.71250000  -0.08091537
  6.75416667  -0.08499954
  6.79583333  -0.08906281
  6.83750000  -0.09310439
  6.87916667  -0.09712349
  6.92083333  -0.10111935
  6.96250000  -0.10509124
  7.00416667  -0.10903844
  7.04583333  -0.11296026
  7.08750000  -0.11685601
  7.12916667  -0.12072505
  7.17083333  -0.12456672
  7.21250000  -0.12838043
  7.25416667  -0.13216557
  7.29583333  -0.13592156
  7.33750000  -0.13964784
  7.37916667  -0.14334388
  7.42083333  -0.14700915
  7.46250000  -0.15064315
  7.50416667  -0.15424539
  7.54583333  -0.15781541
  7.58750000  -0.16135276
  7.62916667  -0.16485700
  7.67083333  -0.16832771
  7.71250000  -0.17176451
  7.75416667  -0.17516701
  7.79583333  -0.17853483
  7.83750000  -0.18186764
  7.87916667  -0.18516511
  7.92083333  -0.18842690
  7.96250000  -0.19165273
  8.00416667  -0.19484230
  8.04583333  -0.19799534
  8.08750000  -0.20111159
  8.12916667  -0.20419082
  8.17083333  -0.20723279
  8.21250000  -0.21023729
  8.25416667  -0.21320412
  8.29583333  -0.21613309
  8.33750000  -0.21902402
  8.37916667  -0.22187676
  8.42083333  -0.22469117
  8.46250000  -0.22746709
  8.50416667  -0.23020441
  8.54583333  -0.23290303
  8.58750000  -0.23556283
  8.62916667  -0.23818374
  8.67083333  -0.24076567
  8.71250000  -0.24330857
  8.75416667  -0.24581238
  8.79583333  -0.24827705
  8.83750000  -0.25070255
  8.87916667  -0.25308887
  8.92083333  -0.25543599
  8.96250000  -0.25774391
  9.00416667  -0.26001263
  9.04583333  -0.26224218
  9.08750000  -0.26443258
  9.12916667  -0.26658386
  9.17083333  -0.26869607
  9.21250000  -0.27076927
  9.25416667  -0.27280352
  9.29583333  -0.27479887
  9.33750000  -0.27675543
  9.37916667  -0.27867326
  9.42083333  -0.28055246
  9.46250000  -0.28239314
  9.50416667  -0.28419541
  9.54583333  -0.28595937
  9.58750000  -0.28768515
  9.62916667  -0.28937288
  9.67083333  -0.29102270
  9.71250000  -0.29263474
  9.75416667  -0.29420917
  9.79583333  -0.29574612
  9.83750000  -0.29724577
  9.87916667  -0.29870827
  9.92083333  -0.30013380
  9.96250000  -0.30152254
 10.00416667  -0.30287467
 10.04583333  -0.30419038
 10.08750000  -0.30546985
 10.12916667  -0.30671329
 10.17083333  -0.30792089
 10.21250000  -0.30909287
 10.25416667  -0.31022944
 10.29583333  -0.31133080
 10.33750000  -0.31239718
 10.37916667  -0.31342879
 10.42083333  -0.31442588
 10.46250000  -0.31538866
 10.50416667  -0.31631737
 10.54583333  -0.31721224
 10.58750000  -0.31807352
 10.62916667  -0.31890145
 10.67083333  -0.31969627
 10.71250000  -0.32045823
 10.75416667  -0.32118759
 10.79583333  -0.32188460
 10.83750000  -0.32254951
 10.87916667  -0.32318258
 10.92083333  -0.32378408
 10.96250000  -0.32435427
 11.00416667  -0.32489341
 11.04583333  -0.32540177
 11.08750000  -0.32587962
 11.12916667  -0.32632722
 11.17083333  -0.32674486
 11.21250000  -0.32713280
 11.25416667  -0.32749133
 11.29583333  -0.32782071
 11.33750000  -0.32812122
 11.37916667  -0.32839315
 11.42083333  -0.32863677
 11.46250000  -0.32885236
 11.50416667  -0.32904021
 11.54583333  -0.32920060
 11.58750000  -0.32933380
 11.62916667  -0.32944011
 11.67083333  -0.32951981
 11.71250000  -0.32957317
 11.75416667  -0.32960050
 11.79583333  -0.32960207
 11.83750000  -0.32957816
 11.87916667  -0.32952907
 11.92083333  -0.32945507
 11.96250000  -0.32935646
 12.00416667  -0.32923352
 12.04583333  -0.32908654
 12.08750000  -0.32891580
 12.12916667  -0.32872158
 12.17083333  -0.32850417
 12.21250000  -0.32826385
 12.25416667  -0.32800092
 12.29583333  -0.32771564
 12.33750000  -0.32740831
 12.37916667  -0.32707921
 12.42083333  -0.32672861
 12.46250000  -0.32635681
 12.50416667  -0.32596407
 12.54583333  -0.32555068
 12.58750000  -0.32511692
 12.62916667  -0.32466306
 12.67083333  -0.32418939
 12.71250000  -0.32369617
 12.75416667  -0.32318368
 12.79583333  -0.32265220
 12.83750000  -0.32210200
 12.87916667  -0.32153334
 12.92083333  -0.32094650
 12.96250000  -0.32034176
 13.00416667  -0.31971936
 13.04583333  -0.31907959
 13.08750000  -0.31842271
 13.12916667  -0.31774898
 13.17083333  -0.31705866
 13.21250000  -0.31635201
 13.25416667  -0.31562930
 13.29583333  -0.31489078
 13.33750000  -0.31413671
 13.37916667  -0.31336735
 13.42083333  -0.31258294
 13.46250000  -0.31178374
 13.50416667  -0.31097000
 13.54583333  -0.31014196
 13.58750000  -0.30929988
 13.62916667  -0.30844401
 13.67083333  -0.30757457
 13.71250000  -0.30669182
 13.75416667  -0.30579600
 13.79583333  -0.30488735
 13.83750000  -0.30396609
 13.87916667  -0.30303248
 13.92083333  -0.30208673
 13.96250000  -0.30112908
 14.00416667  -0.30015977
 14.04583333  -0.29917902
 14.08750000  -0.29818705
 14.12916667  -0.29718409
 14.17083333  -0.29617036
 14.21250000  -0.29514609
 14.25416667  -0.29411149
 14.29583333  -0.29306677
 14.33750000  -0.29201216
 14.37916667  -0.29094786
 14.42083333  -0.28987410
 14.46250000  -0.28879106
 14.50416667  -0.28769897
 14.54583333  -0.28659803
 14.58750000  -0.28548844
 14.62916667  -0.28437040
 14.67083333  -0.28324411
 14.71250000  -0.28210978
 14.75416667  -0.28096759
 14.79583333  -0.27981774
 14.83750000  -0.27866042
 14.87916667  -0.27749582
 14.92083333  -0.27632413
 14.96250000  -0.27514554
 15.00416667  -0.27396022
 15.04583333  -0.27276836
 15.08750000  -0.27157015
 15.12916667  -0.27036575
 15.17083333  -0.26915534
 15.21250000  -0.26793911
 15.25416667  -0.26671721
 15.29583333  -0.26548983
 15.33750000  -0.26425712
 15.37916667  -0.26301926
 15.42083333  -0.26177641
 15.46250000  -0.26052874
 15.50416667  -0.25927639
 15.54583333  -0.25801954
 15.58750000  -0.25675834
 15.62916667  -0.25549294
 15.67083333  -0.25422350
 15.71250000  -0.25295016
 15.75416667  -0.25167308
 15.79583333  -0.25039241
 15.83750000  -0.24910829
 15.87916667  -0.24782085
 15.92083333  -0.24653026
 15.96250000  -0.24523664
 16.00416667  -0.24394013
 16.04583333  -0.24264087
 16.08750000  -0.24133899
 16.12916667  -0.24003462
 16.17083333  -0.23872791
 16.21250000  -0.23741897
 16.25416667  -0.23610793
 16.29583333  -0.23479491
 16.33750000  -0.23348005
 16.37916667  -0.23216346
 16.42083333  -0.23084526
 16.46250000  -0.22952558
 16.50416667  -0.22820452
 16.54583333  -0.22688220
 16.58750000  -0.22555873
 16.62916667  -0.22423424
 16.67083333  -0.22290881
 16.71250000  -0.22158257
 16.75416667  -0.22025562
 16.79583333  -0.21892806
 16.83750000  -0.21760000
 16.87916667  -0.21627154
 16.92083333  -0.21494277
 16.96250000  -0.21361380
 17.00416667  -0.21228472
 17.04583333  -0.21095562
 17.08750000  -0.20962660
 17.12916667  -0.20829776
 17.17083333  -0.20696917
 17.21250000  -0.20564093
 17.25416667  -0.20431313
 17.29583333  -0.20298585
 17.33750000  -0.20165917
 17.37916667  -0.20033317
 17.42083333  -0.19900795
 17.46250000  -0.19768357
 17.50416667  -0.19636011
 17.54583333  -0.19503765
 17.58750000  -0.19371626
 17.62916667  -0.19239603
 17.67083333  -0.19107701
 17.71250000  -0.18975928
 17.75416667  -0.18844291
 17.79583333  -0.18712796
 17.83750000  -0.18581451
 17.87916667  -0.18450261
 17.92083333  -0.18319233
 17.96250000  -0.18188374
 18.00416667  -0.18057689
 18.04583333  -0.17927183
 18.08750000  -0.17796864
 18.12916667  -0.17666737
 18.17083333  -0.17536806
 18.21250000  -0.17407078
 18.25416667  -0.17277559
 18.29583333  -0.17148252
 18.33750000  -0.17019163
 18.37916667  -0.16890296
 18.42083333  -0.16761658
 18.46250000  -0.16633252
 18.50416667  -0.16505083
 18.54583333  -0.16377155
 18.58750000  -0.16249472
 18.62916667  -0.16122040
 18.67083333  -0.15994861
 18.71250000  -0.15867940
 18.75416667  -0.15741280
 18.79583333  -0.15614886
 18.83750000  -0.15488760
 18.87916667  -0.15362907
 18.92083333  -0.15237329
 18.96250000  -0.15112031
 19.00416667  -0.14987014
 19.04583333  -0.14862283
 19.08750000  -0.14737840
 19.12916667  -0.14613688
 19.17083333  -0.14489829
 19.21250000  -0.14366267
 19.25416667  -0.14243004
 19.29583333  -0.14120042
 19.33750000  -0.13997383
 19.37916667  -0.13875031
 19.42083333  -0.13752986
 19.46250000  -0.13631251
 19.50416667  -0.13509828
 19.54583333  -0.13388719
 19.58750000  -0.13267926
 19.62916667  -0.13147450
 19.67083333  -0.13027292
 19.71250000  -0.12907455
 19.75416667  -0.12787939
 19.79583333  -0.12668746
 19.83750000  -0.12549877
 19.87916667  -0.12431333
 19.92083333  -0.12313116
 19.96250000  -0.12195226
 20.00416667  -0.12077664
 20.04583333  -0.11960430
 20.08750000  -0.11843526
 20.12916667  -0.11726952
 20.17083333  -0.11610709
 20.21250000  -0.11494797
 20.25416667  -0.11379217
 20.29583333  -0.11263968
 20.33750000  -0.11149051
 20.37916667  -0.11034466
 20.42083333  -0.10920213
 20.46250000  -0.10806293
 20.50416667  -0.10692705
 20.54583333  -0.10579448
 20.58750000  -0.10466523
 20.62916667  -0.10353930
 20.67083333  -0.10241667
 20.71250000  -0.10129735
 20.75416667  -0.10018133
 20.79583333  -0.09906860
 20.83750000  -0.09795916
 20.87916667  -0.09685300
 20.92083333  -0.09575012
 20.96250000  -0.09465049
 21.00416667  -0.09355413
 21.04583333  -0.09246100
 21.08750000  -0.09137111
 21.12916667  -0.09028445
 21.17083333  -0.08920099
 21.21250000  -0.08812073
 21.25416667  -0.08704366
 21.29583333  -0.08596976
 21.33750000  -0.08489902
 21.37916667  -0.08383142
 21.42083333  -0.08276695
 21.46250000  -0.08170559
 21.50416667  -0.08064733
 21.54583333  -0.07959214
 21.58750000  -0.07854002
 21.62916667  -0.07749093
 21.67083333  -0.07644487
 21.71250000  -0.07540181
 21.75416667  -0.07436174
 21.79583333  -0.07332462
 21.83750000  -0.07229046
 21.87916667  -0.07125921
 21.92083333  -0.07023086
 21.96250000  -0.06920538
 22.00416667  -0.06818276
 22.04583333  -0.06716297
 22.08750000  -0.06614598
 22.12916667  -0.06513177
 22.17083333  -0.06412032
 22.21250000  -0.06311160
 22.25416667  -0.06210559
 22.29583333  -0.06110225
 22.33750000  -0.06010156
 22.37916667  -0.05910349
 22.42083333  -0.05810802
 22.46250000  -0.05711511
 22.50416667  -0.05612474
 22.54583333  -0.05513688
 22.58750000  -0.05415150
 22.62916667  -0.05316856
 22.67083333  -0.05218804
 22.71250000  -0.05120991
 22.75416667  -0.05023413
 22.79583333  -0.04926068
 22.83750000  -0.04828951
 22.87916667  -0.04732061
 22.92083333  -0.04635392
 22.96250000  -0.04538943
 23.00416667  -0.04442709
 23.04583333  -0.04346687
 23.08750000  -0.04250874
 23.12916667  -0.04155266
 23.17083333  -0.04059859
 23.21250000  -0.03964651
 23.25416667  -0.03869636
 23.29583333  -0.03774812
 23.33750000  -0.03680175
 23.37916667  -0.03585721
 23.42083333  -0.03491445
 23.46250000  -0.03397345
 23.50416667  -0.03303417
 23.54583333  -0.03209656
 23.58750000  -0.03116058
 23.62916667  -0.03022620
 23.67083333  -0.02929337
 23.71250000  -0.02836205
 23.75416667  -0.02743220
 23.79583333  -0.02650379
 23.83750000  -0.02557676
 23.87916667  -0.02465107
 23.92083333  -0.02372669
 23.96250000  -0.02280356
 24.00416667  -0.02188165
 24.04583333  -0.02096091
 24.08750000  -0.02004130
 24.12916667  -0.01912277
 24.17083333  -0.01820527
 24.21250000  -0.01728876
 24.25416667  -0.01637320
 24.29583333  -0.01545854
 24.33750000  -0.01454473
 24.37916667  -0.01363172
 24.42083333  -0.01271947
 24.46250000  -0.01180793
 24.50416667  -0.01089705
 24.54583333  -0.00998679
 24.58750000  -0.00907708
 24.62916667  -0.00816789
 24.67083333  -0.00725917
 24.71250000  -0.00635086
 24.75416667  -0.00544291
 24.79583333  -0.00453528
 24.83750000  -0.00362791
 24.87916667  -0.00272074
 24.92083333  -0.00181374
 24.96250000  -0.00090684

  0.00416667   0.00000384
  0.04583333   0.00043674
  0.08750000   0.00150203
  0.12916667   0.00309722
  0.17083333   0.00514045
  0.21250000   0.00756623
  0.25416667   0.01032193
  0.29583333   0.01336487
  0.33750000   0.01665998
  0.37916667   0.02017801
  0.42083333   0.02389412
  0.46250000   0.02778671
  0.50416667   0.03183671
  0.54583333   0.03602688
  0.58750000   0.04034135
  0.62916667   0.04476536
  0.67083333   0.04928493
  0.71250000   0.05388674
  0.75416667   0.05855800
  0.79583333   0.06328637
  0.83750000   0.06805991
  0.87916667   0.07286704
  0.92083333   0.07769654
  0.96250000   0.08253753
  1.00416667   0.08737949
  1.04583333   0.09221222
  1.08750000   0.09702589
  1.12916667   0.10181104
  1.17083333   0.10655853
  1.21250000   0.11125962
  1.25416667   0.11590593
  1.29583333   0.12048944
  1.33750000   0.12500253
  1.37916667   0.12943791
  1.42083333   0.13378869
  1.46250000   0.13804832
  1.50416667   0.14221064
  1.54583333   0.14626981
  1.58750000   0.15022036
  1.62916667   0.15405716
  1.67083333   0.15777541
  1.71250000   0.16137065
  1.75416667   0.16483872
  1.79583333   0.16817578
  1.83750000   0.17137829
  1.87916667   0.17444302
  1.92083333   0.17736700
  1.96250000   0.18014755
  2.00416667   0.18278226
  2.04583333   0.18526897
  2.08750000   0.18760577
  2.12916667   0.18979100
  2.17083333   0.19182324
  2.21250000   0.19370127
  2.25416667   0.19542410
  2.29583333   0.19699097
  2.33750000   0.19840129
  2.37916667   0.19965468
  2.42083333   0.20075093
  2.46250000   0.20169004
  2.50416667   0.20247215
  2.54583333   0.20309759
  2.58750000   0.20356682
  2.62916667   0.20388048
  2.67083333   0.20403934
  2.71250000   0.20404431
  2.75416667   0.20389642
  2.79583333   0.20359687
  2.83750000   0.20314692
  2.87916667   0.20254800
  2.92083333   0.20180162
  2.96250000   0.20090939
  3.00416667   0.19987304
  3.04583333   0.19869438
  3.08750000   0.19737532
  3.12916667   0.19591784
  3.17083333   0.19432401
  3.21250000   0.19259598
  3.25416667   0.19073596
  3.29583333   0.18874622
  3.33750000   0.18662913
  3.37916667   0.18438706
  3.42083333   0.18202250
  3.46250000   0.17953793
  3.50416667   0.17693593
  3.54583333   0.17421909
  3.58750000   0.17139004
  3.62916667   0.16845148
  3.67083333   0.16540611
  3.71250000   0.16225667
  3.75416667   0.15900593
  3.79583333   0.15565669
  3.83750000   0.15221178
  3.87916667   0.14867401
  3.92083333   0.14504625
  3.96250000   0.14133137
  4.00416667   0.13753225
  4.04583333   0.13365176
  4.08750000   0.12969282
  4.12916667   0.12565832
  4.17083333   0.12155116
  4.21250000   0.11737425
  4.25416667   0.11313049
  4.29583333   0.10882277
  4.33750000   0.10445400
  4.37916667   0.10002705
  4.42083333   0.09554481
  4.46250000   0.09101014
  4.50416667   0.08642590
  4.54583333   0.08179493
  4.58750000   0.07712005
  4.62916667   0.07240408
  4.67083333   0.06764980
  4.71250000   0.06286000
  4.75416667   0.05803741
  4.79583333   0.05318478
  4.83750000   0.04830481
  4.87916667   0.04340019
  4.92083333   0.03847357
  4.96250000   0.03352759
  5.00416667   0.02856485
  5.04583333   0.02358794
  5.08750000   0.01859941
  5.12916667   0.01360177
  5.17083333   0.00859752
  5.21250000   0.00358912
  5.25416667  -0.00142101
  5.29583333  -0.00643046
  5.33750000  -0.01143687
  5.37916667  -0.01643792
  5.42083333  -0.02143130
  5.46250000  -0.02641475
  5.50416667  -0.03138605
  5.54583333  -0.03634301
  5.58750000  -0.04128346
  5.62916667  -0.04620529
  5.67083333  -0.05110641
  5.71250000  -0.05598478
  5.75416667  -0.06083838
  5.79583333  -0.06566525
  5.83750000  -0.07046345
  5.87916667  -0.07523108
  5.92083333  -0.07996627
  5.96250000  -0.08466722
  6.00416667  -0.08933214
  6.04583333  -0.09395928
  6.08750000  -0.09854693
  6.12916667  -0.10309342
  6.17083333  -0.10759713
  6.21250000  -0.11205647
  6.25416667  -0.11646988
  6.29583333  -0.12083584
  6.33750000  -0.12515288
  6.37916667  -0.12941957
  6.42083333  -0.13363450
  6.46250000  -0.13779632
  6.50416667  -0.14190369
  6.54583333  -0.14595534
  6.58750000  -0.14995001
  6.62916667  -0.15388650
  6.67083333  -0.15776364
  6.71250000  -0.16158029
  6.75416667  -0.16533535
  6.79583333  -0.16902776
  6.83750000  -0.17265650
  6.87916667  -0.17622059
  6.92083333  -0.17971907
  6.96250000  -0.18315102
  7.00416667  -0.18651557
  7.04583333  -0.18981187
  7.08750000  -0.19303912
  7.12916667  -0.19619655
  7.17083333  -0.19928340
  7.21250000  -0.20229899
  7.25416667  -0.20524264
  7.29583333  -0.20811371
  7.33750000  -0.21091160
  7.37916667  -0.21363575
  7.42083333  -0.21628561
  7.46250000  -0.21886067
  7.50416667  -0.22136048
  7.54583333  -0.22378458
  7.58750000  -0.22613258
  7.62916667  -0.22840408
  7.67083333  -0.23059874
  7.71250000  -0.23271624
  7.75416667  -0.23475631
  7.79583333  -0.23671867
  7.83750000  -0.23860310
  7.87916667  -0.24040941
  7.92083333  -0.24213741
  7.96250000  -0.24378697
  8.00416667  -0.24535796
  8.04583333  -0.24685031
  8.08750000  -0.24826394
  8.12916667  -0.24959883
  8.17083333  -0.25085496
  8.21250000  -0.25203235
  8.25416667  -0.25313104
  8.29583333  -0.25415109
  8.33750000  -0.25509260
  8.37916667  -0.25595568
  8.42083333  -0.25674047
  8.46250000  -0.25744712
  8.50416667  -0.25807583
  8.54583333  -0.25862680
  8.58750000  -0.25910026
  8.62916667  -0.25949645
  8.67083333  -0.25981565
  8.71250000  -0.26005815
  8.75416667  -0.26022425
  8.79583333  -0.26031430
  8.83750000  -0.26032865
  8.87916667  -0.26026766
  8.92083333  -0.26013172
  8.96250000  -0.25992124
  9.00416667  -0.25963665
  9.04583333  -0.25927838
  9.08750000  -0.25884691
  9.12916667  -0.25834270
  9.17083333  -0.25776625
  9.21250000  -0.25711807
  9.25416667  -0.25639868
  9.29583333  -0.25560863
  9.33750000  -0.25474846
  9.37916667  -0.25381876
  9.42083333  -0.25282009
  9.46250000  -0.25175306
  9.50416667  -0.25061828
  9.54583333  -0.24941637
  9.58750000  -0.24814797
  9.62916667  -0.24681373
  9.67083333  -0.24541430
  9.71250000  -0.24395036
  9.75416667  -0.24242260
  9.79583333  -0.24083170
  9.83750000  -0.23917837
  9.87916667  -0.23746332
  9.92083333  -0.23568729
  9.96250000  -0.23385099
 10.00416667  -0.23195519
 10.04583333  -0.23000061
 10.08750000  -0.22798804
 10.12916667  -0.22591823
 10.17083333  -0.22379197
 10.21250000  -0.22161003
 10.25416667  -0.21937320
 10.29583333  -0.21708229
 10.33750000  -0.21473810
 10.37916667  -0.21234144
 10.42083333  -0.20989313
 10.46250000  -0.20739398
 10.50416667  -0.20484483
 10.54583333  -0.20224650
 10.58750000  -0.19959985
 10.62916667  -0.19690570
 10.67083333  -0.19416491
 10.71250000  -0.19137832
 10.75416667  -0.18854679
 10.79583333  -0.18567118
 10.83750000  -0.18275235
 10.87916667  -0.17979116
 10.92083333  -0.17678848
 10.96250000  -0.17374517
 11.00416667  -0.17066211
 11.04583333  -0.16754017
 11.08750000  -0.16438023
 11.12916667  -0.16118315
 11.17083333  -0.15794983
 11.21250000  -0.15468113
 11.25416667  -0.15137793
 11.29583333  -0.14804112
 11.33750000  -0.14467157
 11.37916667  -0.14127016
 11.42083333  -0.13783778
 11.46250000  -0.13437530
 11.50416667  -0.13088359
 11.54583333  -0.12736355
 11.58750000  -0.12381604
 11.62916667  -0.12024194
 11.67083333  -0.11664213
 11.71250000  -0.11301747
 11.75416667  -0.10936885
 11.79583333  -0.10569712
 11.83750000  -0.10200315
 11.87916667  -0.09828782
 11.92083333  -0.09455198
 11.96250000  -0.09079649
 12.00416667  -0.08702221
 12.04583333  -0.08323000
 12.08750000  -0.07942070
 12.12916667  -0.07559516
 12.17083333  -0.07175423
 12.21250000  -0.06789874
 12.25416667  -0.06402954
 12.29583333  -0.06014746
 12.33750000  -0.05625333
 12.37916667  -0.05234797
 12.42083333  -0.04843220
 12.46250000  -0.04450684
 12.50416667  -0.04057271
 12.54583333  -0.03663060
 12.58750000  -0.03268133
 12.62916667  -0.02872568
 12.67083333  -0.02476446
 12.71250000  -0.02079846
 12.75416667  -0.01682844
 12.79583333  -0.01285520
 12.83750000  -0.00887950
 12.87916667  -0.00490210
 12.92083333  -0.00092378
 12.96250000   0.00305471
 13.00416667   0.00703264
 13.04583333   0.01100924
 13.08750000   0.01498379
 13.12916667   0.01895556
 13.17083333   0.02292381
 13.21250000   0.02688783
 13.25416667   0.03084691
 13.29583333   0.03480034
 13.33750000   0.03874742
 13.37916667   0.04268745
 13.42083333   0.04661976
 13.46250000   0.05054366
 13.50416667   0.05445847
 13.54583333   0.05836354
 13.58750000   0.06225819
 13.62916667   0.06614179
 13.67083333   0.07001367
 13.71250000   0.07387321
 13.75416667   0.07771977
 13.79583333   0.08155272
 13.83750000   0.08537146
 13.87916667   0.08917536
 13.92083333   0.09296382
 13.96250000   0.09673625
 14.00416667   0.10049206
 14.04583333   0.10423067
 14.08750000   0.10795150
 14.12916667   0.11165398
 14.17083333   0.11533757
 14.21250000   0.11900169
 14.25416667   0.12264582
 14.29583333   0.12626941
 14.33750000   0.12987193
 14.37916667   0.13345286
 14.42083333   0.13701169
 14.46250000   0.14054790
 14.50416667   0.14406101
 14.54583333   0.14755051
 14.58750000   0.15101592
 14.62916667   0.15445677
 14.67083333   0.15787259
 14.71250000   0.16126291
 14.75416667   0.16462728
 14.79583333   0.16796525
 14.83750000   0.17127639
 14.87916667   0.17456027
 14.92083333   0.17781645
 14.96250000   0.18104452
 15.00416667   0.18424408
 15.04583333   0.18741473
 15.08750000   0.19055606
 15.12916667   0.19366770
 15.17083333   0.19674926
 15.21250000   0.19980038
 15.25416667   0.20282069
 15.29583333   0.20580984
 15.33750000   0.20876747
 15.37916667   0.21169325
 15.42083333   0.21458684
 15.46250000   0.21744792
 15.50416667   0.22027617
 15.54583333   0.22307127
 15.58750000   0.22583293
 15.62916667   0.22856084
 15.67083333   0.23125472
 15.71250000   0.23391429
 15.75416667   0.23653926
 15.79583333   0.23912938
 15.83750000   0.24168438
 15.87916667   0.24420401
 15.92083333   0.24668802
 15.96250000   0.24913618
 16.00416667   0.25154825
 16.04583333   0.25392401
 16.08750000   0.25626324
 16.12916667   0.25856572
 16.17083333   0.26083127
 16.21250000   0.26305967
 16.25416667   0.26525074
 16.29583333   0.26740430
 16.33750000   0.26952016
 16.37916667   0.27159816
 16.42083333   0.27363814
 16.46250000   0.27563994
 16.50416667   0.27760341
 16.54583333   0.27952841
 16.58750000   0.28141479
 16.62916667   0.28326244
 16.67083333   0.28507122
 16.71250000   0.28684102
 16.75416667   0.28857173
 16.79583333   0.29026324
 16.83750000   0.29191546
 16.87916667   0.29352829
 16.92083333   0.29510165
 16.96250000   0.29663545
 17.00416667   0.29812963
 17.04583333   0.29958411
 17.08750000   0.30099884
 17.12916667   0.30237376
 17.17083333   0.30370882
 17.21250000   0.30500397
 17.25416667   0.30625918
 17.29583333   0.30747441
 17.33750000   0.30864964
 17.37916667   0.30978484
 17.42083333   0.31088000
 17.46250000   0.31193512
 17.50416667   0.31295018
 17.54583333   0.31392518
 17.58750000   0.31486014
 17.62916667   0.31575507
 17.67083333   0.31660997
 17.71250000   0.31742488
 17.75416667   0.31819981
 17.79583333   0.31893481
 17.83750000   0.31962991
 17.87916667   0.32028516
 17.92083333   0.32090059
 17.96250000   0.32147626
 18.00416667   0.32201223
 18.04583333   0.32250856
 18.08750000   0.32296532
 18.12916667   0.32338258
 18.17083333   0.32376041
 18.21250000   0.32409890
 18.25416667   0.32439812
 18.29583333   0.32465818
 18.33750000   0.32487916
 18.37916667   0.32506116
 18.42083333   0.32520428
 18.46250000   0.32530863
 18.50416667   0.32537433
 18.54583333   0.32540148
 18.58750000   0.32539021
 18.62916667   0.32534063
 18.67083333   0.32525288
 18.71250000   0.32512709
 18.75416667   0.32496339
 18.79583333   0.32476192
 18.83750000   0.32452283
 18.87916667   0.32424625
 18.92083333   0.32393234
 18.96250000   0.32358126
 19.00416667   0.32319315
 19.04583333   0.32276819
 19.08750000   0.32230653
 19.12916667   0.32180834
 19.17083333   0.32127379
 19.21250000   0.32070306
 19.25416667   0.32009632
 19.29583333   0.31945376
 19.33750000   0.31877555
 19.37916667   0.31806188
 19.42083333   0.31731295
 19.46250000   0.31652894
 19.50416667   0.31571005
 19.54583333   0.31485649
 19.58750000   0.31396844
 19.62916667   0.31304611
 19.67083333   0.31208972
 19.71250000   0.31109946
 19.75416667   0.31007555
 19.79583333   0.30901821
 19.83750000   0.30792765
 19.87916667   0.30680409
 19.92083333   0.30564776
 19.96250000   0.30445887
 20.00416667   0.30323765
 20.04583333   0.30198434
 20.08750000   0.30069915
 20.12916667   0.29938234
 20.17083333   0.29803412
 20.21250000   0.29665474
 20.25416667   0.29524443
 20.29583333   0.29380345
 20.33750000   0.29233202
 20.37916667   0.29083040
 20.42083333   0.28929883
 20.46250000   0.28773756
 20.50416667   0.28614684
 20.54583333   0.28452692
 20.58750000   0.28287805
 20.62916667   0.28120050
 20.67083333   0.27949452
 20.71250000   0.27776036
 20.75416667   0.27599828
 20.79583333   0.27420855
 20.83750000   0.27239143
 20.87916667   0.27054718
 20.92083333   0.26867607
 20.96250000   0.26677837
 21.00416667   0.26485433
 21.04583333   0.26290423
 21.08750000   0.26092834
 21.12916667   0.25892693
 21.17083333   0.25690028
 21.21250000   0.25484864
 21.25416667   0.25277231
 21.29583333   0.25067155
 21.33750000   0.24854664
 21.37916667   0.24639785
 21.42083333   0.24422547
 21.46250000   0.24202976
 21.50416667   0.23981102
 21.54583333   0.23756951
 21.58750000   0.23530553
 21.62916667   0.23301934
 21.67083333   0.23071123
 21.71250000   0.22838148
 21.75416667   0.22603038
 21.79583333   0.22365821
 21.83750000   0.22126525
 21.87916667   0.21885178
 21.92083333   0.21641808
 21.96250000   0.21396445
 22.00416667   0.21149117
 22.04583333   0.20899852
 22.08750000   0.20648678
 22.12916667   0.20395625
 22.17083333   0.20140720
 22.21250000   0.19883992
 22.25416667   0.19625470
 22.29583333   0.19365182
 22.33750000   0.19103157
 22.37916667   0.18839424
 22.42083333   0.18574011
 22.46250000   0.18306946
 22.50416667   0.18038258
 22.54583333   0.17767975
 22.58750000   0.17496127
 22.62916667   0.17222741
 22.67083333   0.16947847
 22.71250000   0.16671471
 22.75416667   0.16393644
 22.79583333   0.16114393
 22.83750000   0.15833747
 22.87916667   0.15551733
 22.92083333   0.15268381
 22.96250000   0.14983718
 23.00416667   0.14697773
 23.04583333   0.14410573
 23.08750000   0.14122148
 23.12916667   0.13832524
 23.17083333   0.13541730
 23.21250000   0.13249795
 23.25416667   0.12956745
 23.29583333   0.12662608
 23.33750000   0.12367413
 23.37916667   0.12071187
 23.42083333   0.11773957
 23.46250000   0.11475752
 23.50416667   0.11176598
 23.54583333   0.10876523
 23.58750000   0.10575555
 23.62916667   0.10273721
 23.67083333   0.09971047
 23.71250000   0.09667561
 23.75416667   0.09363290
 23.79583333   0.09058260
 23.83750000   0.08752500
 23.87916667   0.08446035
 23.92083333   0.08138891
 23.96250000   0.07831097
 24.00416667   0.07522677
 24.04583333   0.07213658
 24.08750000   0.06904068
 24.12916667   0.06593930
 24.17083333   0.06283273
 24.21250000   0.05972122
 24.25416667   0.05660501
 24.29583333   0.05348439
 24.33750000   0.05035959
 24.37916667   0.04723087
 24.42083333   0.04409849
 24.46250000   0.04096271
 24.50416667   0.03782376
 24.54583333   0.03468191
 24.58750000   0.03153740
 24.62916667   0.02839047
 24.67083333   0.02524139
 24.71250000   0.02209038
 24.75416667   0.01893771
 24.79583333   0.01578360
 24.83750000   0.01262830
 24.87916667   0.00947205
 24.92083333   0.00631509
 24.96250000   0.00315766

  0.00416667   0.00000384
  0.04583333   0.00043675
  0.08750000   0.00150203
  0.12916667   0.00309724
  0.17083333   0.00514048
  0.21250000   0.00756627
  0.25416667   0.01032199
  0.29583333   0.01336494
  0.33750000   0.01666006
  0.37916667   0.02017812
  0.42083333   0.02389424
  0.46250000   0.02778686
  0.50416667   0.03183688
  0.54583333   0.03602707
  0.58750000   0.04034157
  0.62916667   0.04476560
  0.67083333   0.04928519
  0.71250000   0.05388703
  0.75416667   0.05855831
  0.79583333   0.06328671
  0.83750000   0.06806027
  0.87916667   0.07286742
  0.92083333   0.07769694
  0.96250000   0.08253796
  1.00416667   0.08737994
  1.04583333   0.09221270
  1.08750000   0.09702640
  1.12916667   0.10181156
  1.17083333   0.10655908
  1.21250000   0.11126019
  1.25416667   0.11590653
  1.29583333   0.12049007
  1.33750000   0.12500317
  1.37916667   0.12943858
  1.42083333   0.13378938
  1.46250000   0.13804903
  1.50416667   0.14221137
  1.54583333   0.14627055
  1.58750000   0.15022112
  1.62916667   0.15405794
  1.67083333   0.15777621
  1.71250000   0.16137147
  1.75416667   0.16483955
  1.79583333   0.16817663
  1.83750000   0.17137916
  1.87916667   0.17444390
  1.92083333   0.17736789
  1.96250000   0.18014845
  2.00416667   0.18278317
  2.04583333   0.18526989
  2.08750000   0.18760670
  2.12916667   0.18979194
  2.17083333   0.19182418
  2.21250000   0.19370221
  2.25416667   0.19542505
  2.29583333   0.19699193
  2.33750000   0.19840225
  2.37916667   0.19965564
  2.42083333   0.20075189
  2.46250000   0.20169100
  2.50416667   0.20247311
  2.54583333   0.20309855
  2.58750000   0.20356778
  2.62916667   0.20388143
  2.67083333   0.20404029
  2.71250000   0.20404525
  2.75416667   0.20389736
  2.79583333   0.20359780
  2.83750000   0.20314785
  2.87916667   0.20254892
  2.92083333   0.20180252
  2.96250000   0.20091028
  3.00416667   0.19987392
  3.04583333   0.19869525
  3.08750000   0.19737618
  3.12916667   0.19591869
  3.17083333   0.19432484
  3.21250000   0.19259680
  3.25416667   0.19073676
  3.29583333   0.18874701
  3.33750000   0.18662989
  3.37916667   0.18438781
  3.42083333   0.18202323
  3.46250000   0.17953864
  3.50416667   0.17693662
  3.54583333   0.17421976
  3.58750000   0.17139069
  3.62916667   0.16845211
  3.67083333   0.16540671
  3.71250000   0.16225725
  3.75416667   0.15900649
  3.79583333   0.15565723
  3.83750000   0.15221229
  3.87916667   0.14867450
  3.92083333   0.14504672
  3.96250000   0.14133181
  4.00416667   0.13753266
  4.04583333   0.13365216
  4.08750000   0.12969319
  4.12916667   0.12565866
  4.17083333   0.12155147
  4.21250000   0.11737454
  4.25416667   0.11313075
  4.29583333   0.10882301
  4.33750000   0.10445420
  4.37916667   0.10002723
  4.42083333   0.09554496
  4.46250000   0.09101027
  4.50416667   0.08642600
  4.54583333   0.08179500
  4.58750000   0.07712009
  4.62916667   0.07240409
  4.67083333   0.06764979
  4.71250000   0.06285995
  4.75416667   0.05803734
  4.79583333   0.05318468
  4.83750000   0.04830469
  4.87916667   0.04340003
  4.92083333   0.03847339
  4.96250000   0.03352738
  5.00416667   0.02856462
  5.04583333   0.02358768
  5.08750000   0.01859912
  5.12916667   0.01360145
  5.17083333   0.00859718
  5.21250000   0.00358875
  5.25416667  -0.00142140
  5.29583333  -0.00643088
  5.33750000  -0.01143732
  5.37916667  -0.01643839
  5.42083333  -0.02143179
  5.46250000  -0.02641527
  5.50416667  -0.03138660
  5.54583333  -0.03634357
  5.58750000  -0.04128405
  5.62916667  -0.04620590
  5.67083333  -0.05110705
  5.71250000  -0.05598544
  5.75416667  -0.06083906
  5.79583333  -0.06566595
  5.83750000  -0.07046417
  5.87916667  -0.07523182
  5.92083333  -0.07996704
  5.96250000  -0.08466801
  6.00416667  -0.08933294
  6.04583333  -0.09396010
  6.08750000  -0.09854777
  6.12916667  -0.10309428
  6.17083333  -0.10759801
  6.21250000  -0.11205736
  6.25416667  -0.11647078
  6.29583333  -0.12083676
  6.33750000  -0.12515382
  6.37916667  -0.12942053
  6.42083333  -0.13363547
  6.46250000  -0.13779730
  6.50416667  -0.14190468
  6.54583333  -0.14595634
  6.58750000  -0.14995103
  6.62916667  -0.15388753
  6.67083333  -0.15776468
  6.71250000  -0.16158134
  6.75416667  -0.16533641
  6.79583333  -0.16902883
  6.83750000  -0.17265758
  6.87916667  -0.17622167
  6.92083333  -0.17972016
  6.96250000  -0.18315211
  7.00416667  -0.18651667
  7.04583333  -0.18981298
  7.08750000  -0.19304023
  7.12916667  -0.19619766
  7.17083333  -0.19928452
  7.21250000  -0.20230011
  7.25416667  -0.20524376
  7.29583333  -0.20811484
  7.33750000  -0.21091273
  7.37916667  -0.21363687
  7.42083333  -0.21628673
  7.46250000  -0.21886180
  7.50416667  -0.22136160
  7.54583333  -0.22378570
  7.58750000  -0.22613369
  7.62916667  -0.22840519
  7.67083333  -0.23059985
  7.71250000  -0.23271735
  7.75416667  -0.23475741
  7.79583333  -0.23671977
  7.83750000  -0.23860419
  7.87916667  -0.24041049
  7.92083333  -0.24213848
  7.96250000  -0.24378803
  8.00416667  -0.24535902
  8.04583333  -0.24685136
  8.08750000  -0.24826498
  8.12916667  -0.24959986
  8.17083333  -0.25085598
  8.21250000  -0.25203336
  8.25416667  -0.25313203
  8.29583333  -0.25415208
  8.33750000  -0.25509357
  8.37916667  -0.25595664
  8.42083333  -0.25674141
  8.46250000  -0.25744806
  8.50416667  -0.25807675
  8.54583333  -0.25862771
  8.58750000  -0.25910115
  8.62916667  -0.25949732
  8.67083333  -0.25981651
  8.71250000  -0.26005899
  8.75416667  -0.26022508
  8.79583333  -0.26031511
  8.83750000  -0.26032944
  8.87916667  -0.26026843
  8.92083333  -0.26013247
  8.96250000  -0.25992197
  9.00416667  -0.25963736
  9.04583333  -0.25927908
  9.08750000  -0.25884758
  9.12916667  -0.25834336
  9.17083333  -0.25776689
  9.21250000  -0.25711869
  9.25416667  -0.25639928
  9.29583333  -0.25560920
  9.33750000  -0.25474901
  9.37916667  -0.25381928
  9.42083333  -0.25282059
  9.46250000  -0.25175354
  9.50416667  -0.25061874
  9.54583333  -0.24941681
  9.58750000  -0.24814839
  9.62916667  -0.24681412
  9.67083333  -0.24541467
  9.71250000  -0.24395071
  9.75416667  -0.24242292
  9.79583333  -0.24083200
  9.83750000  -0.23917864
  9.87916667  -0.23746357
  9.92083333  -0.23568751
  9.96250000  -0.23385120
 10.00416667  -0.23195536
 10.04583333  -0.23000077
 10.08750000  -0.22798817
 10.12916667  -0.22591834
 10.17083333  -0.22379205
 10.21250000  -0.22161008
 10.25416667  -0.21937323
 10.29583333  -0.21708230
 10.33750000  -0.21473808
 10.37916667  -0.21234140
 10.42083333  -0.20989306
 10.46250000  -0.20739389
 10.50416667  -0.20484471
 10.54583333  -0.20224636
 10.58750000  -0.19959968
 10.62916667  -0.19690551
 10.67083333  -0.19416469
 10.71250000  -0.19137808
 10.75416667  -0.18854653
 10.79583333  -0.18567090
 10.83750000  -0.18275204
 10.87916667  -0.17979082
 10.92083333  -0.17678812
 10.96250000  -0.17374479
 11.00416667  -0.17066170
 11.04583333  -0.16753974
 11.08750000  -0.16437977
 11.12916667  -0.16118268
 11.17083333  -0.15794933
 11.21250000  -0.15468061
 11.25416667  -0.15137739
 11.29583333  -0.14804055
 11.33750000  -0.14467098
 11.37916667  -0.14126955
 11.42083333  -0.13783715
 11.46250000  -0.13437465
 11.50416667  -0.13088292
 11.54583333  -0.12736286
 11.58750000  -0.12381533
 11.62916667  -0.12024121
 11.67083333  -0.11664138
 11.71250000  -0.11301670
 11.75416667  -0.10936806
 11.79583333  -0.10569631
 11.83750000  -0.10200233
 11.87916667  -0.09828698
 11.92083333  -0.09455112
 11.96250000  -0.09079561
 12.00416667  -0.08702132
 12.04583333  -0.08322908
 12.08750000  -0.07941977
 12.12916667  -0.07559421
 12.17083333  -0.07175326
 12.21250000  -0.06789777
 12.25416667  -0.06402855
 12.29583333  -0.06014645
 12.33750000  -0.05625231
 12.37916667  -0.05234693
 12.42083333  -0.04843115
 12.46250000  -0.04450578
 12.50416667  -0.04057163
 12.54583333  -0.03662951
 12.58750000  -0.03268023
 12.62916667  -0.02872457
 12.67083333  -0.02476334
 12.71250000  -0.02079732
 12.75416667  -0.01682730
 12.79583333  -0.01285404
 12.83750000  -0.00887833
 12.87916667  -0.00490093
 12.92083333  -0.00092260
 12.96250000   0.00305590
 13.00416667   0.00703383
 13.04583333   0.01101044
 13.08750000   0.01498500
 13.12916667   0.01895677
 13.17083333   0.02292503
 13.21250000   0.02688905
 13.25416667   0.03084814
 13.29583333   0.03480157
 13.33750000   0.03874865
 13.37916667   0.04268869
 13.42083333   0.04662101
 13.46250000   0.05054491
 13.50416667   0.05445972
 13.54583333   0.05836479
 13.58750000   0.06225945
 13.62916667   0.06614304
 13.67083333   0.07001493
 13.71250000   0.07387447
 13.75416667   0.07772102
 13.79583333   0.08155398
 13.83750000   0.08537271
 13.87916667   0.08917661
 13.92083333   0.09296507
 13.96250000   0.09673750
 14.00416667   0.10049330
 14.04583333   0.10423191
 14.08750000   0.10795273
 14.12916667   0.11165521
 14.17083333   0.11533879
 14.21250000   0.11900291
 14.25416667   0.12264703
 14.29583333   0.12627061
 14.33750000   0.12987313
 14.37916667   0.13345405
 14.42083333   0.13701287
 14.46250000   0.14054908
 14.50416667   0.14406218
 14.54583333   0.14755167
 14.58750000   0.15101708
 14.62916667   0.15445792
 14.67083333   0.15787372
 14.71250000   0.16126403
 14.75416667   0.16462839
 14.79583333   0.16796636
 14.83750000   0.17127748
 14.87916667   0.17456134
 14.92083333   0.17781751
 14.96250000   0.18104558
 15.00416667   0.18424512
 15.04583333   0.18741575
 15.08750000   0.19055708
 15.12916667   0.19366870
 15.17083333   0.19675025
 15.21250000   0.19980135
 15.25416667   0.20282165
 15.29583333   0.20581078
 15.33750000   0.20876840
 15.37916667   0.21169416
 15.42083333   0.21458774
 15.46250000   0.21744880
 15.50416667   0.22027703
 15.54583333   0.22307212
 15.58750000   0.22583376
 15.62916667   0.22856165
 15.67083333   0.23125551
 15.71250000   0.23391506
 15.75416667   0.23654002
 15.79583333   0.23913012
 15.83750000   0.24168510
 15.87916667   0.24420471
 15.92083333   0.24668870
 15.96250000   0.24913684
 16.00416667   0.25154889
 16.04583333   0.25392463
 16.08750000   0.25626384
 16.12916667   0.25856630
 16.17083333   0.26083183
 16.21250000   0.26306021
 16.25416667   0.26525126
 16.29583333   0.26740479
 16.33750000   0.26952064
 16.37916667   0.27159862
 16.42083333   0.27363858
 16.46250000   0.27564035
 16.50416667   0.27760380
 16.54583333   0.27952877
 16.58750000   0.28141514
 16.62916667   0.28326276
 16.67083333   0.28507152
 16.71250000   0.28684130
 16.75416667   0.28857198
 16.79583333   0.29026347
 16.83750000   0.29191567
 16.87916667   0.29352848
 16.92083333   0.29510181
 16.96250000   0.29663560
 17.00416667   0.29812975
 17.04583333   0.29958421
 17.08750000   0.30099892
 17.12916667   0.30237381
 17.17083333   0.30370885
 17.21250000   0.30500398
 17.25416667   0.30625916
 17.29583333   0.30747437
 17.33750000   0.30864957
 17.37916667   0.30978475
 17.42083333   0.31087990
 17.46250000   0.31193499
 17.50416667   0.31295003
 17.54583333   0.31392501
 17.58750000   0.31485995
 17.62916667   0.31575485
 17.67083333   0.31660973
 17.71250000   0.31742461
 17.75416667   0.31819953
 17.79583333   0.31893450
 17.83750000   0.31962958
 17.87916667   0.32028480
 17.92083333   0.32090021
 17.96250000   0.32147586
 18.00416667   0.32201181
 18.04583333   0.32250812
 18.08750000   0.32296486
 18.12916667   0.32338210
 18.17083333   0.32375991
 18.21250000   0.32409837
 18.25416667   0.32439758
 18.29583333   0.32465761
 18.33750000   0.32487857
 18.37916667   0.32506055
 18.42083333   0.32520365
 18.46250000   0.32530799
 18.50416667   0.32537366
 18.54583333   0.32540079
 18.58750000   0.32538950
 18.62916667   0.32533991
 18.67083333   0.32525214
 18.71250000   0.32512633
 18.75416667   0.32496261
 18.79583333   0.32476113
 18.83750000   0.32452201
 18.87916667   0.32424542
 18.92083333   0.32393149
 18.96250000   0.32358039
 19.00416667   0.32319227
 19.04583333   0.32276729
 19.08750000   0.32230561
 19.12916667   0.32180740
 19.17083333   0.32127284
 19.21250000   0.32070209
 19.25416667   0.32009534
 19.29583333   0.31945276
 19.33750000   0.31877454
 19.37916667   0.31806086
 19.42083333   0.31731191
 19.46250000   0.31652789
 19.50416667   0.31570899
 19.54583333   0.31485541
 19.58750000   0.31396734
 19.62916667   0.31304501
 19.67083333   0.31208860
 19.71250000   0.31109833
 19.75416667   0.31007441
 19.79583333   0.30901706
 19.83750000   0.30792649
 19.87916667   0.30680292
 19.92083333   0.30564657
 19.96250000   0.30445768
 20.00416667   0.30323645
 20.04583333   0.30198313
 20.08750000   0.30069793
 20.12916667   0.29938111
 20.17083333   0.29803288
 20.21250000   0.29665349
 20.25416667   0.29524318
 20.29583333   0.29380219
 20.33750000   0.29233075
 20.37916667   0.29082913
 20.42083333   0.28929755
 20.46250000   0.28773627
 20.50416667   0.28614555
 20.54583333   0.28452563
 20.58750000   0.28287676
 20.62916667   0.28119920
 20.67083333   0.27949321
 20.71250000   0.27775905
 20.75416667   0.27599697
 20.79583333   0.27420724
 20.83750000   0.27239012
 20.87916667   0.27054587
 20.92083333   0.26867475
 20.96250000   0.26677705
 21.00416667   0.26485301
 21.04583333   0.26290291
 21.08750000   0.26092702
 21.12916667   0.25892561
 21.17083333   0.25689896
 21.21250000   0.25484733
 21.25416667   0.25277099
 21.29583333   0.25067024
 21.33750000   0.24854533
 21.37916667   0.24639654
 21.42083333   0.24422416
 21.46250000   0.24202846
 21.50416667   0.23980972
 21.54583333   0.23756822
 21.58750000   0.23530424
 21.62916667   0.23301805
 21.67083333   0.23070995
 21.71250000   0.22838021
 21.75416667   0.22602912
 21.79583333   0.22365695
 21.83750000   0.22126399
 21.87916667   0.21885053
 21.92083333   0.21641684
 21.96250000   0.21396322
 22.00416667   0.21148995
 22.04583333   0.20899730
 22.08750000   0.20648557
 22.12916667   0.20395505
 22.17083333   0.20140601
 22.21250000   0.19883874
 22.25416667   0.19625353
 22.29583333   0.19365066
 22.33750000   0.19103043
 22.37916667   0.18839310
 22.42083333   0.18573898
 22.46250000   0.18306834
 22.50416667   0.18038147
 22.54583333   0.17767866
 22.58750000   0.17496019
 22.62916667   0.17222635
 22.67083333   0.16947741
 22.71250000   0.16671367
 22.75416667   0.16393541
 22.79583333   0.16114292
 22.83750000   0.15833647
 22.87916667   0.15551635
 22.92083333   0.15268284
 22.96250000   0.14983622
 23.00416667   0.14697679
 23.04583333   0.14410481
 23.08750000   0.14122057
 23.12916667   0.13832435
 23.17083333   0.13541643
 23.21250000   0.13249709
 23.25416667   0.12956660
 23.29583333   0.12662526
 23.33750000   0.12367332
 23.37916667   0.12071108
 23.42083333   0.11773880
 23.46250000   0.11475676
 23.50416667   0.11176524
 23.54583333   0.10876452
 23.58750000   0.10575485
 23.62916667   0.10273652
 23.67083333   0.09970980
 23.71250000   0.09667496
 23.75416667   0.09363227
 23.79583333   0.09058200
 23.83750000   0.08752441
 23.87916667   0.08445978
 23.92083333   0.08138837
 23.96250000   0.07831044
 24.00416667   0.07522626
 24.04583333   0.07213610
 24.08750000   0.06904021
 24.12916667   0.06593886
 24.17083333   0.06283231
 24.21250000   0.05972081
 24.25416667   0.05660463
 24.29583333   0.05348402
 24.33750000   0.05035924
 24.37916667   0.04723055
 24.42083333   0.04409819
 24.46250000   0.04096243
 24.50416667   0.03782350
 24.54583333   0.03468167
 24.58750000   0.03153718
 24.62916667   0.02839028
 24.67083333   0.02524121
 24.71250000   0.02209023
 24.75416667   0.01893758
 24.79583333   0.01578349
 24.83750000   0.01262821
 24.87916667   0.00947198
 24.92083333   0.00631505
 24.96250000   0.00315764

