# N=  800   -0.17978323   0.23748463   0.40954764   0.84953473   1.26021413   1.79155488
  -4.9875000    0.0000014    0.0000005    0.0000125    0.0000274    0.0000534    0.0000919
  -4.9750000    0.0000056    0.0000019    0.0000499    0.0001097    0.0002137    0.0003676
  -4.9625000    0.0000127    0.0000042    0.0001122    0.0002468    0.0004806    0.0008265
  -4.9500000    0.0000225    0.0000075    0.0001995    0.0004386    0.0008540    0.0014679
  -4.9375000    0.0000352    0.0000117    0.0003117    0.0006850    0.0013334    0.0022909
  -4.9250000    0.0000508    0.0000168    0.0004489    0.0009861    0.0019184    0.0032939
  -4.9125000    0.0000692    0.0000229    0.0006110    0.0013415    0.0026084    0.0044754
  -4.9000000    0.0000905    0.0000299    0.0007982    0.0017511    0.0034027    0.0058336
  -4.8875000    0.0001146    0.0000379    0.0010103    0.0022149    0.0043007    0.0073660
  -4.8750000    0.0001417    0.0000468    0.0012475    0.0027325    0.0053014    0.0090704
  -4.8625000    0.0001717    0.0000566    0.0015097    0.0033037    0.0064039    0.0109439
  -4.8500000    0.0002047    0.0000674    0.0017971    0.0039283    0.0076071    0.0129836
  -4.8375000    0.0002406    0.0000792    0.0021095    0.0046060    0.0089100    0.0151860
  -4.8250000    0.0002796    0.0000919    0.0024471    0.0053365    0.0103111    0.0175476
  -4.8125000    0.0003216    0.0001056    0.0028099    0.0061195    0.0118093    0.0200647
  -4.8000000    0.0003667    0.0001202    0.0031979    0.0069546    0.0134030    0.0227331
  -4.7875000    0.0004149    0.0001358    0.0036112    0.0078416    0.0150908    0.0255486
  -4.7750000    0.0004663    0.0001524    0.0040498    0.0087799    0.0168711    0.0285066
  -4.7625000    0.0005209    0.0001700    0.0045138    0.0097692    0.0187422    0.0316023
  -4.7500000    0.0005788    0.0001886    0.0050032    0.0108090    0.0207023    0.0348307
  -4.7375000    0.0006399    0.0002081    0.0055181    0.0118989    0.0227495    0.0381867
  -4.7250000    0.0007044    0.0002287    0.0060585    0.0130385    0.0248819    0.0416648
  -4.7125000    0.0007724    0.0002503    0.0066246    0.0142272    0.0270975    0.0452595
  -4.7000000    0.0008438    0.0002728    0.0072163    0.0154645    0.0293941    0.0489648
  -4.6875000    0.0009187    0.0002964    0.0078337    0.0167499    0.0317697    0.0527748
  -4.6750000    0.0009972    0.0003211    0.0084769    0.0180827    0.0342218    0.0566835
  -4.6625000    0.0010794    0.0003467    0.0091460    0.0194625    0.0367483    0.0606843
  -4.6500000    0.0011653    0.0003735    0.0098410    0.0208886    0.0393466    0.0647710
  -4.6375000    0.0012550    0.0004012    0.0105621    0.0223604    0.0420144    0.0689368
  -4.6250000    0.0013486    0.0004301    0.0113093    0.0238772    0.0447490    0.0731750
  -4.6125000    0.0014462    0.0004600    0.0120826    0.0254384    0.0475478    0.0774788
  -4.6000000    0.0015477    0.0004910    0.0128822    0.0270432    0.0504082    0.0818411
  -4.5875000    0.0016535    0.0005230    0.0137082    0.0286910    0.0533274    0.0862549
  -4.5750000    0.0017634    0.0005562    0.0145605    0.0303810    0.0563026    0.0907130
  -4.5625000    0.0018776    0.0005905    0.0154394    0.0321124    0.0593309    0.0952081
  -4.5500000    0.0019962    0.0006259    0.0163449    0.0338845    0.0624094    0.0997329
  -4.5375000    0.0021194    0.0006625    0.0172771    0.0356964    0.0655351    0.1042800
  -4.5250000    0.0022471    0.0007002    0.0182360    0.0375474    0.0687050    0.1088419
  -4.5125000    0.0023795    0.0007391    0.0192218    0.0394365    0.0719160    0.1134111
  -4.5000000    0.0025168    0.0007791    0.0202345    0.0413629    0.0751649    0.1179802
  -4.4875000    0.0026590    0.0008203    0.0212742    0.0433257    0.0784485    0.1225416
  -4.4750000    0.0028062    0.0008627    0.0223411    0.0453240    0.0817637    0.1270877
  -4.4625000    0.0029586    0.0009063    0.0234351    0.0473568    0.0851070    0.1316111
  -4.4500000    0.0031163    0.0009511    0.0245565    0.0494231    0.0884753    0.1361043
  -4.4375000    0.0032794    0.0009972    0.0257052    0.0515220    0.0918652    0.1405597
  -4.4250000    0.0034480    0.0010445    0.0268813    0.0536524    0.0952732    0.1449699
  -4.4125000    0.0036223    0.0010931    0.0280849    0.0558134    0.0986960    0.1493276
  -4.4000000    0.0038025    0.0011429    0.0293161    0.0580038    0.1021301    0.1536254
  -4.3875000    0.0039886    0.0011940    0.0305749    0.0602225    0.1055720    0.1578561
  -4.3750000    0.0041808    0.0012464    0.0318615    0.0624685    0.1090181    0.1620125
  -4.3625000    0.0043794    0.0013002    0.0331759    0.0647406    0.1124651    0.1660876
  -4.3500000    0.0045843    0.0013552    0.0345180    0.0670376    0.1159093    0.1700745
  -4.3375000    0.0047958    0.0014116    0.0358881    0.0693584    0.1193472    0.1739662
  -4.3250000    0.0050140    0.0014694    0.0372861    0.0717017    0.1227752    0.1777562
  -4.3125000    0.0052392    0.0015285    0.0387121    0.0740664    0.1261896    0.1814379
  -4.3000000    0.0054715    0.0015890    0.0401661    0.0764511    0.1295870    0.1850049
  -4.2875000    0.0057110    0.0016509    0.0416482    0.0788546    0.1329637    0.1884509
  -4.2750000    0.0059580    0.0017142    0.0431583    0.0812756    0.1363161    0.1917700
  -4.2625000    0.0062126    0.0017789    0.0446965    0.0837127    0.1396406    0.1949562
  -4.2500000    0.0064750    0.0018451    0.0462628    0.0861647    0.1429337    0.1980040
  -4.2375000    0.0067455    0.0019127    0.0478572    0.0886301    0.1461917    0.2009078
  -4.2250000    0.0070241    0.0019818    0.0494797    0.0911075    0.1494110    0.2036624
  -4.2125000    0.0073112    0.0020524    0.0511302    0.0935956    0.1525882    0.2062628
  -4.2000000    0.0076069    0.0021245    0.0528087    0.0960928    0.1557197    0.2087043
  -4.1875000    0.0079115    0.0021981    0.0545153    0.0985977    0.1588019    0.2109823
  -4.1750000    0.0082252    0.0022732    0.0562497    0.1011088    0.1618314    0.2130926
  -4.1625000    0.0085481    0.0023499    0.0580121    0.1036247    0.1648048    0.2150311
  -4.1500000    0.0088805    0.0024281    0.0598023    0.1061437    0.1677185    0.2167941
  -4.1375000    0.0092227    0.0025079    0.0616201    0.1086643    0.1705693    0.2183781
  -4.1250000    0.0095749    0.0025892    0.0634656    0.1111850    0.1733537    0.2197800
  -4.1125000    0.0099373    0.0026722    0.0653386    0.1137041    0.1760685    0.2209969
  -4.1000000    0.0103102    0.0027567    0.0672389    0.1162201    0.1787105    0.2220263
  -4.0875000    0.0106939    0.0028429    0.0691665    0.1187312    0.1812763    0.2228658
  -4.0750000    0.0110885    0.0029307    0.0711211    0.1212359    0.1837629    0.2235135
  -4.0625000    0.0114944    0.0030202    0.0731026    0.1237325    0.1861672    0.2239677
  -4.0500000    0.0119117    0.0031113    0.0751109    0.1262192    0.1884862    0.2242272
  -4.0375000    0.0123409    0.0032040    0.0771455    0.1286944    0.1907170    0.2242910
  -4.0250000    0.0127822    0.0032985    0.0792065    0.1311564    0.1928565    0.2241584
  -4.0125000    0.0132358    0.0033946    0.0812935    0.1336034    0.1949022    0.2238290
  -4.0000000    0.0137021    0.0034924    0.0834062    0.1360336    0.1968511    0.2233030
  -3.9875000    0.0141813    0.0035919    0.0855443    0.1384453    0.1987007    0.2225806
  -3.9750000    0.0146737    0.0036931    0.0877076    0.1408368    0.2004485    0.2216626
  -3.9625000    0.0151796    0.0037961    0.0898958    0.1432061    0.2020919    0.2205501
  -3.9500000    0.0156994    0.0039007    0.0921084    0.1455516    0.2036286    0.2192443
  -3.9375000    0.0162334    0.0040071    0.0943451    0.1478714    0.2050563    0.2177471
  -3.9250000    0.0167818    0.0041152    0.0966056    0.1501636    0.2063730    0.2160606
  -3.9125000    0.0173450    0.0042251    0.0988893    0.1524266    0.2075764    0.2141871
  -3.9000000    0.0179233    0.0043367    0.1011959    0.1546583    0.2086648    0.2121295
  -3.8875000    0.0185170    0.0044501    0.1035248    0.1568571    0.2096361    0.2098908
  -3.8750000    0.0191266    0.0045652    0.1058757    0.1590210    0.2104889    0.2074746
  -3.8625000    0.0197522    0.0046820    0.1082480    0.1611482    0.2112213    0.2048846
  -3.8500000    0.0203944    0.0048006    0.1106411    0.1632369    0.2118321    0.2021249
  -3.8375000    0.0210533    0.0049210    0.1130545    0.1652852    0.2123198    0.1992000
  -3.8250000    0.0217294    0.0050431    0.1154875    0.1672914    0.2126832    0.1961147
  -3.8125000    0.0224230    0.0051670    0.1179397    0.1692534    0.2129213    0.1928740
  -3.8000000    0.0231345    0.0052926    0.1204102    0.1711696    0.2130331    0.1894834
  -3.7875000    0.0238643    0.0054199    0.1228985    0.1730381    0.2130179    0.1859485
  -3.7750000    0.0246126    0.0055490    0.1254037    0.1748571    0.2128750    0.1822753
  -3.7625000    0.0253800    0.0056797    0.1279253    0.1766248    0.2126040    0.1784702
  -3.7500000    0.0261667    0.0058122    0.1304624    0.1783394    0.2122044    0.1745395
  -3.7375000    0.0269731    0.0059465    0.1330142    0.1799992    0.2116761    0.1704903
  -3.7250000    0.0277997    0.0060824    0.1355799    0.1816023    0.2110190    0.1663296
  -3.7125000    0.0286468    0.0062199    0.1381586    0.1831472    0.2102333    0.1620646
  -3.7000000    0.0295147    0.0063592    0.1407495    0.1846319    0.2093192    0.1577030
  -3.6875000    0.0304039    0.0065001    0.1433517    0.1860550    0.2082772    0.1532525
  -3.6750000    0.0313148    0.0066426    0.1459640    0.1874146    0.2071079    0.1487211
  -3.6625000    0.0322478    0.0067868    0.1485857    0.1887093    0.2058121    0.1441170
  -3.6500000    0.0332032    0.0069325    0.1512157    0.1899373    0.2043907    0.1394486
  -3.6375000    0.0341815    0.0070799    0.1538529    0.1910971    0.2028448    0.1347244
  -3.6250000    0.0351831    0.0072287    0.1564962    0.1921871    0.2011756    0.1299531
  -3.6125000    0.0362083    0.0073791    0.1591446    0.1932060    0.1993847    0.1251435
  -3.6000000    0.0372575    0.0075310    0.1617969    0.1941521    0.1974736    0.1203045
  -3.5875000    0.0383312    0.0076844    0.1644519    0.1950241    0.1954441    0.1154453
  -3.5750000    0.0394298    0.0078392    0.1671085    0.1958207    0.1932982    0.1105750
  -3.5625000    0.0405536    0.0079954    0.1697653    0.1965404    0.1910380    0.1057027
  -3.5500000    0.0417031    0.0081530    0.1724211    0.1971821    0.1886658    0.1008377
  -3.5375000    0.0428787    0.0083120    0.1750746    0.1977445    0.1861840    0.0959894
  -3.5250000    0.0440807    0.0084722    0.1777245    0.1982264    0.1835952    0.0911670
  -3.5125000    0.0453096    0.0086337    0.1803694    0.1986267    0.1809024    0.0863799
  -3.5000000    0.0465657    0.0087964    0.1830078    0.1989444    0.1781083    0.0816373
  -3.4875000    0.0478495    0.0089603    0.1856385    0.1991785    0.1752163    0.0769485
  -3.4750000    0.0491613    0.0091253    0.1882599    0.1993280    0.1722294    0.0723228
  -3.4625000    0.0505016    0.0092914    0.1908706    0.1993921    0.1691512    0.0677692
  -3.4500000    0.0518707    0.0094585    0.1934689    0.1993700    0.1659853    0.0632967
  -3.4375000    0.0532690    0.0096266    0.1960535    0.1992609    0.1627354    0.0589143
  -3.4250000    0.0546969    0.0097956    0.1986227    0.1990643    0.1594055    0.0546308
  -3.4125000    0.0561547    0.0099655    0.2011749    0.1987796    0.1559995    0.0504547
  -3.4000000    0.0576428    0.0101362    0.2037085    0.1984061    0.1525217    0.0463944
  -3.3875000    0.0591617    0.0103077    0.2062219    0.1979437    0.1489764    0.0424583
  -3.3750000    0.0607116    0.0104798    0.2087133    0.1973918    0.1453681    0.0386544
  -3.3625000    0.0622928    0.0106526    0.2111812    0.1967503    0.1417013    0.0349904
  -3.3500000    0.0639058    0.0108259    0.2136237    0.1960190    0.1379808    0.0314739
  -3.3375000    0.0655509    0.0109997    0.2160392    0.1951979    0.1342113    0.0281122
  -3.3250000    0.0672284    0.0111739    0.2184258    0.1942869    0.1303979    0.0249123
  -3.3125000    0.0689386    0.0113484    0.2207819    0.1932862    0.1265456    0.0218809
  -3.3000000    0.0706819    0.0115232    0.2231056    0.1921960    0.1226595    0.0190242
  -3.2875000    0.0724585    0.0116982    0.2253951    0.1910165    0.1187449    0.0163485
  -3.2750000    0.0742687    0.0118733    0.2276486    0.1897482    0.1148071    0.0138592
  -3.2625000    0.0761128    0.0120484    0.2298643    0.1883917    0.1108515    0.0115618
  -3.2500000    0.0779911    0.0122235    0.2320403    0.1869474    0.1068837    0.0094611
  -3.2375000    0.0799038    0.0123984    0.2341747    0.1854160    0.1029090    0.0075617
  -3.2250000    0.0818512    0.0125731    0.2362658    0.1837985    0.0989332    0.0058676
  -3.2125000    0.0838335    0.0127474    0.2383116    0.1820957    0.0949619    0.0043825
  -3.2000000    0.0858510    0.0129214    0.2403102    0.1803086    0.0910008    0.0031097
  -3.1875000    0.0879038    0.0130948    0.2422598    0.1784383    0.0870555    0.0020519
  -3.1750000    0.0899921    0.0132676    0.2441585    0.1764861    0.0831319    0.0012115
  -3.1625000    0.0921161    0.0134397    0.2460045    0.1744533    0.0792356    0.0005903
  -3.1500000    0.0942759    0.0136109    0.2477958    0.1723413    0.0753725    0.0001896
  -3.1375000    0.0964717    0.0137813    0.2495307    0.1701517    0.0715483    0.0000105
  -3.1250000    0.0987037    0.0139507    0.2512071    0.1678861    0.0677687    0.0000532
  -3.1125000    0.1009719    0.0141189    0.2528234    0.1655463    0.0640394    0.0003178
  -3.1000000    0.1032764    0.0142859    0.2543776    0.1631342    0.0603661    0.0008035
  -3.0875000    0.1056173    0.0144516    0.2558680    0.1606517    0.0567544    0.0015093
  -3.0750000    0.1079946    0.0146158    0.2572927    0.1581009    0.0532099    0.0024336
  -3.0625000    0.1104083    0.0147784    0.2586499    0.1554840    0.0497380    0.0035742
  -3.0500000    0.1128586    0.0149394    0.2599380    0.1528033    0.0463443    0.0049286
  -3.0375000    0.1153452    0.0150986    0.2611551    0.1500612    0.0430340    0.0064937
  -3.0250000    0.1178683    0.0152559    0.2622995    0.1472601    0.0398125    0.0082657
  -3.0125000    0.1204278    0.0154112    0.2633696    0.1444026    0.0366847    0.0102406
  -3.0000000    0.1230235    0.0155643    0.2643637    0.1414915    0.0336558    0.0124138
  -2.9875000    0.1256553    0.0157152    0.2652803    0.1385296    0.0307306    0.0147803
  -2.9750000    0.1283233    0.0158637    0.2661176    0.1355196    0.0279139    0.0173343
  -2.9625000    0.1310270    0.0160097    0.2668743    0.1324646    0.0252103    0.0200699
  -2.9500000    0.1337665    0.0161532    0.2675487    0.1293676    0.0226242    0.0229806
  -2.9375000    0.1365415    0.0162938    0.2681395    0.1262317    0.0201600    0.0260594
  -2.9250000    0.1393517    0.0164316    0.2686452    0.1230603    0.0178217    0.0292990
  -2.9125000    0.1421969    0.0165665    0.2690646    0.1198566    0.0156132    0.0326917
  -2.9000000    0.1450768    0.0166982    0.2693962    0.1166239    0.0135382    0.0362292
  -2.8875000    0.1479911    0.0168268    0.2696389    0.1133658    0.0116003    0.0399029
  -2.8750000    0.1509394    0.0169519    0.2697914    0.1100857    0.0098028    0.0437039
  -2.8625000    0.1539214    0.0170737    0.2698528    0.1067873    0.0081488    0.0476230
  -2.8500000    0.1569366    0.0171918    0.2698218    0.1034742    0.0066410    0.0516505
  -2.8375000    0.1599847    0.0173062    0.2696975    0.1001501    0.0052822    0.0557766
  -2.8250000    0.1630651    0.0174168    0.2694790    0.0968187    0.0040746    0.0599910
  -2.8125000    0.1661773    0.0175235    0.2691655    0.0934839    0.0030204    0.0642832
  -2.8000000    0.1693209    0.0176261    0.2687561    0.0901495    0.0021215    0.0686426
  -2.7875000    0.1724952    0.0177246    0.2682502    0.0868195    0.0013794    0.0730583
  -2.7750000    0.1756998    0.0178187    0.2676471    0.0834976    0.0007955    0.0775192
  -2.7625000    0.1789339    0.0179085    0.2669464    0.0801879    0.0003708    0.0820140
  -2.7500000    0.1821968    0.0179937    0.2661475    0.0768944    0.0001061    0.0865314
  -2.7375000    0.1854880    0.0180743    0.2652501    0.0736210    0.0000018    0.0910599
  -2.7250000    0.1888067    0.0181502    0.2642539    0.0703718    0.0000581    0.0955879
  -2.7125000    0.1921522    0.0182212    0.2631587    0.0671506    0.0002750    0.1001039
  -2.7000000    0.1955235    0.0182873    0.2619644    0.0639616    0.0006520    0.1045961
  -2.6875000    0.1989201    0.0183483    0.2606711    0.0608088    0.0011885    0.1090531
  -2.6750000    0.2023409    0.0184042    0.2592788    0.0576960    0.0018834    0.1134631
  -2.6625000    0.2057851    0.0184549    0.2577876    0.0546273    0.0027355    0.1178149
  -2.6500000    0.2092518    0.0185002    0.2561980    0.0516066    0.0037431    0.1220969
  -2.6375000    0.2127401    0.0185401    0.2545102    0.0486378    0.0049044    0.1262979
  -2.6250000    0.2162489    0.0185745    0.2527248    0.0457248    0.0062171    0.1304069
  -2.6125000    0.2197773    0.0186033    0.2508424    0.0428714    0.0076789    0.1344129
  -2.6000000    0.2233242    0.0186264    0.2488636    0.0400814    0.0092869    0.1383053
  -2.5875000    0.2268885    0.0186437    0.2467893    0.0373585    0.0110380    0.1420736
  -2.5750000    0.2304691    0.0186552    0.2446203    0.0347062    0.0129289    0.1457078
  -2.5625000    0.2340648    0.0186609    0.2423578    0.0321283    0.0149559    0.1491980
  -2.5500000    0.2376746    0.0186605    0.2400028    0.0296282    0.0171151    0.1525347
  -2.5375000    0.2412972    0.0186542    0.2375565    0.0272093    0.0194023    0.1557088
  -2.5250000    0.2449313    0.0186418    0.2350204    0.0248750    0.0218130    0.1587116
  -2.5125000    0.2485757    0.0186232    0.2323958    0.0226285    0.0243426    0.1615348
  -2.5000000    0.2522292    0.0185985    0.2296842    0.0204729    0.0269860    0.1641705
  -2.4875000    0.2558903    0.0185675    0.2268875    0.0184112    0.0297380    0.1666114
  -2.4750000    0.2595578    0.0185303    0.2240073    0.0164463    0.0325931    0.1688505
  -2.4625000    0.2632302    0.0184868    0.2210456    0.0145811    0.0355457    0.1708815
  -2.4500000    0.2669062    0.0184370    0.2180042    0.0128182    0.0385899    0.1726984
  -2.4375000    0.2705843    0.0183809    0.2148854    0.0111600    0.0417195    0.1742961
  -2.4250000    0.2742630    0.0183184    0.2116913    0.0096091    0.0449282    0.1756697
  -2.4125000    0.2779410    0.0182495    0.2084243    0.0081677    0.0482096    0.1768151
  -2.4000000    0.2816166    0.0181743    0.2050866    0.0068377    0.0515570    0.1777287
  -2.3875000    0.2852885    0.0180927    0.2016809    0.0056213    0.0549635    0.1784077
  -2.3750000    0.2889549    0.0180048    0.1982098    0.0045202    0.0584222    0.1788496
  -2.3625000    0.2926144    0.0179105    0.1946759    0.0035360    0.0619261    0.1790528
  -2.3500000    0.2962653    0.0178099    0.1910821    0.0026702    0.0654678    0.1790163
  -2.3375000    0.2999061    0.0177030    0.1874312    0.0019240    0.0690401    0.1787397
  -2.3250000    0.3035351    0.0175898    0.1837263    0.0012987    0.0726355    0.1782231
  -2.3125000    0.3071507    0.0174704    0.1799703    0.0007951    0.0762466    0.1774676
  -2.3000000    0.3107513    0.0173448    0.1761666    0.0004140    0.0798659    0.1764747
  -2.2875000    0.3143351    0.0172130    0.1723182    0.0001559    0.0834857    0.1752466
  -2.2750000    0.3179005    0.0170752    0.1684287    0.0000214    0.0870984    0.1737861
  -2.2625000    0.3214458    0.0169314    0.1645012    0.0000105    0.0906965    0.1720969
  -2.2500000    0.3249693    0.0167816    0.1605394    0.0001233    0.0942723    0.1701830
  -2.2375000    0.3284692    0.0166259    0.1565467    0.0003597    0.0978182    0.1680493
  -2.2250000    0.3319439    0.0164644    0.1525268    0.0007192    0.1013267    0.1657011
  -2.2125000    0.3353917    0.0162973    0.1484833    0.0012013    0.1047903    0.1631445
  -2.2000000    0.3388107    0.0161245    0.1444200    0.0018052    0.1082015    0.1603860
  -2.1875000    0.3421993    0.0159462    0.1403406    0.0025301    0.1115531    0.1574330
  -2.1750000    0.3455558    0.0157625    0.1362491    0.0033747    0.1148377    0.1542930
  -2.1625000    0.3488783    0.0155735    0.1321492    0.0043376    0.1180483    0.1509745
  -2.1500000    0.3521652    0.0153793    0.1280448    0.0054175    0.1211779    0.1474862
  -2.1375000    0.3554148    0.0151801    0.1239401    0.0066126    0.1242197    0.1438374
  -2.1250000    0.3586252    0.0149760    0.1198388    0.0079209    0.1271670    0.1400379
  -2.1125000    0.3617949    0.0147671    0.1157451    0.0093404    0.1300134    0.1360979
  -2.1000000    0.3649220    0.0145536    0.1116630    0.0108687    0.1327527    0.1320281
  -2.0875000    0.3680049    0.0143356    0.1075966    0.0125035    0.1353787    0.1278394
  -2.0750000    0.3710419    0.0141132    0.1035499    0.0142420    0.1378856    0.1235434
  -2.0625000    0.3740313    0.0138867    0.0995269    0.0160815    0.1402679    0.1191517
  -2.0500000    0.3769714    0.0136562    0.0955319    0.0180189    0.1425203    0.1146763
  -2.0375000    0.3798607    0.0134218    0.0915688    0.0200511    0.1446377    0.1101295
  -2.0250000    0.3826974    0.0131838    0.0876417    0.0221749    0.1466153    0.1055239
  -2.0125000    0.3854799    0.0129423    0.0837547    0.0243866    0.1484486    0.1008721
  -2.0000000    0.3882067    0.0126975    0.0799117    0.0266826    0.1501336    0.0961869
  -1.9875000    0.3908762    0.0124496    0.0761169    0.0290593    0.1516663    0.0914815
  -1.9750000    0.3934869    0.0121988    0.0723742    0.0315126    0.1530431    0.0867687
  -1.9625000    0.3960371    0.0119453    0.0686876    0.0340385    0.1542610    0.0820619
  -1.9500000    0.3985255    0.0116892    0.0650608    0.0366329    0.1553171    0.0773739
  -1.9375000    0.4009506    0.0114309    0.0614979    0.0392913    0.1562088    0.0727181
  -1.9250000    0.4033108    0.0111705    0.0580026    0.0420094    0.1569340    0.0681073
  -1.9125000    0.4056049    0.0109082    0.0545786    0.0447827    0.1574910    0.0635546
  -1.9000000    0.4078315    0.0106443    0.0512297    0.0476065    0.1578783    0.0590726
  -1.8875000    0.4099892    0.0103789    0.0479595    0.0504761    0.1580948    0.0546741
  -1.8750000    0.4120766    0.0101124    0.0447715    0.0533866    0.1581400    0.0503713
  -1.8625000    0.4140927    0.0098448    0.0416692    0.0563333    0.1580134    0.0461765
  -1.8500000    0.4160360    0.0095765    0.0386559    0.0593111    0.1577153    0.0421014
  -1.8375000    0.4179055    0.0093076    0.0357351    0.0623151    0.1572461    0.0381576
  -1.8250000    0.4197000    0.0090384    0.0329099    0.0653401    0.1566066    0.0343562
  -1.8125000    0.4214184    0.0087692    0.0301834    0.0683811    0.1557982    0.0307080
  -1.8000000    0.4230597    0.0085001    0.0275586    0.0714330    0.1548223    0.0272234
  -1.7875000    0.4246227    0.0082315    0.0250385    0.0744905    0.1536810    0.0239122
  -1.7750000    0.4261066    0.0079635    0.0226259    0.0775485    0.1523766    0.0207838
  -1.7625000    0.4275105    0.0076963    0.0203234    0.0806019    0.1509119    0.0178473
  -1.7500000    0.4288334    0.0074303    0.0181336    0.0836454    0.1492900    0.0151108
  -1.7375000    0.4300746    0.0071657    0.0160590    0.0866739    0.1475142    0.0125823
  -1.7250000    0.4312332    0.0069026    0.0141019    0.0896823    0.1455885    0.0102688
  -1.7125000    0.4323085    0.0066413    0.0122645    0.0926654    0.1435169    0.0081771
  -1.7000000    0.4333000    0.0063821    0.0105488    0.0956183    0.1413038    0.0063131
  -1.6875000    0.4342069    0.0061252    0.0089569    0.0985358    0.1389542    0.0046821
  -1.6750000    0.4350286    0.0058708    0.0074905    0.1014130    0.1364729    0.0032888
  -1.6625000    0.4357648    0.0056192    0.0061512    0.1042450    0.1338656    0.0021371
  -1.6500000    0.4364148    0.0053706    0.0049406    0.1070271    0.1311377    0.0012303
  -1.6375000    0.4369784    0.0051252    0.0038600    0.1097545    0.1282953    0.0005712
  -1.6250000    0.4374551    0.0048832    0.0029108    0.1124226    0.1253446    0.0001614
  -1.6125000    0.4378447    0.0046448    0.0020938    0.1150268    0.1222920    0.0000023
  -1.6000000    0.4381469    0.0044104    0.0014102    0.1175628    0.1191443    0.0000942
  -1.5875000    0.4383616    0.0041800    0.0008606    0.1200262    0.1159083    0.0004369
  -1.5750000    0.4384886    0.0039540    0.0004457    0.1224129    0.1125912    0.0010294
  -1.5625000    0.4385279    0.0037324    0.0001659    0.1247189    0.1092001    0.0018700
  -1.5500000    0.4384794    0.0035156    0.0000216    0.1269402    0.1057427    0.0029564
  -1.5375000    0.4383431    0.0033037    0.0000129    0.1290732    0.1022265    0.0042853
  -1.5250000    0.4381193    0.0030969    0.0001399    0.1311142    0.0986593    0.0058531
  -1.5125000    0.4378080    0.0028954    0.0004023    0.1330599    0.0950489    0.0076551
  -1.5000000    0.4374095    0.0026994    0.0008000    0.1349069    0.0914032    0.0096863
  -1.4875000    0.4369240    0.0025091    0.0013324    0.1366522    0.0877304    0.0119408
  -1.4750000    0.4363518    0.0023246    0.0019990    0.1382929    0.0840385    0.0144123
  -1.4625000    0.4356934    0.0021461    0.0027989    0.1398263    0.0803356    0.0170935
  -1.4500000    0.4349491    0.0019738    0.0037313    0.1412498    0.0766300    0.0199769
  -1.4375000    0.4341195    0.0018079    0.0047952    0.1425611    0.0729298    0.0230542
  -1.4250000    0.4332051    0.0016485    0.0059893    0.1437581    0.0692431    0.0263166
  -1.4125000    0.4322065    0.0014956    0.0073122    0.1448389    0.0655781    0.0297549
  -1.4000000    0.4311244    0.0013496    0.0087626    0.1458017    0.0619429    0.0333592
  -1.3875000    0.4299593    0.0012105    0.0103387    0.1466450    0.0583454    0.0371192
  -1.3750000    0.4287122    0.0010784    0.0120388    0.1473674    0.0547937    0.0410243
  -1.3625000    0.4273838    0.0009535    0.0138610    0.1479680    0.0512954    0.0450632
  -1.3500000    0.4259749    0.0008359    0.0158032    0.1484457    0.0478583    0.0492247
  -1.3375000    0.4244864    0.0007257    0.0178633    0.1488000    0.0444900    0.0534967
  -1.3250000    0.4229194    0.0006229    0.0200389    0.1490303    0.0411978    0.0578673
  -1.3125000    0.4212747    0.0005278    0.0223278    0.1491364    0.0379890    0.0623239
  -1.3000000    0.4195535    0.0004403    0.0247273    0.1491183    0.0348706    0.0668541
  -1.2875000    0.4177567    0.0003605    0.0272347    0.1489761    0.0318495    0.0714449
  -1.2750000    0.4158856    0.0002886    0.0298474    0.1487103    0.0289322    0.0760835
  -1.2625000    0.4139413    0.0002245    0.0325624    0.1483215    0.0261251    0.0807567
  -1.2500000    0.4119249    0.0001684    0.0353767    0.1478104    0.0234343    0.0854514
  -1.2375000    0.4098378    0.0001203    0.0382874    0.1471781    0.0208658    0.0901544
  -1.2250000    0.4076812    0.0000802    0.0412912    0.1464259    0.0184251    0.0948524
  -1.2125000    0.4054565    0.0000482    0.0443849    0.1455551    0.0161175    0.0995324
  -1.2000000    0.4031649    0.0000243    0.0475651    0.1445675    0.0139480    0.1041812
  -1.1875000    0.4008079    0.0000085    0.0508284    0.1434647    0.0119213    0.1087858
  -1.1750000    0.3983870    0.0000008    0.0541713    0.1422489    0.0100419    0.1133334
  -1.1625000    0.3959034    0.0000013    0.0575903    0.1409223    0.0083138    0.1178114
  -1.1500000    0.3933588    0.0000099    0.0610817    0.1394872    0.0067407    0.1222073
  -1.1375000    0.3907546    0.0000266    0.0646419    0.1379462    0.0053260    0.1265090
  -1.1250000    0.3880924    0.0000515    0.0682670    0.1363020    0.0040727    0.1307046
  -1.1125000    0.3853736    0.0000844    0.0719533    0.1345576    0.0029836    0.1347825
  -1.1000000    0.3826000    0.0001255    0.0756970    0.1327160    0.0020609    0.1387315
  -1.0875000    0.3797730    0.0001745    0.0794941    0.1307804    0.0013067    0.1425409
  -1.0750000    0.3768944    0.0002316    0.0833408    0.1287542    0.0007225    0.1462002
  -1.0625000    0.3739656    0.0002966    0.0872332    0.1266409    0.0003097    0.1496995
  -1.0500000    0.3709885    0.0003695    0.0911671    0.1244441    0.0000690    0.1530293
  -1.0375000    0.3679647    0.0004502    0.0951387    0.1221677    0.0000010    0.1561806
  -1.0250000    0.3648957    0.0005386    0.0991441    0.1198154    0.0001058    0.1591451
  -1.0125000    0.3617834    0.0006348    0.1031790    0.1173914    0.0003833    0.1619147
  -1.0000000    0.3586295    0.0007386    0.1072397    0.1148996    0.0008327    0.1644821
  -0.9875000    0.3554355    0.0008499    0.1113220    0.1123444    0.0014533    0.1668406
  -0.9750000    0.3522033    0.0009686    0.1154220    0.1097300    0.0022436    0.1689841
  -0.9625000    0.3489347    0.0010947    0.1195356    0.1070607    0.0032020    0.1709068
  -0.9500000    0.3456312    0.0012280    0.1236590    0.1043411    0.0043266    0.1726040
  -0.9375000    0.3422946    0.0013684    0.1277882    0.1015756    0.0056150    0.1740714
  -0.9250000    0.3389267    0.0015159    0.1319192    0.0987689    0.0070645    0.1753053
  -0.9125000    0.3355291    0.0016703    0.1360482    0.0959254    0.0086722    0.1763027
  -0.9000000    0.3321037    0.0018315    0.1401713    0.0930500    0.0104346    0.1770614
  -0.8875000    0.3286521    0.0019994    0.1442848    0.0901472    0.0123483    0.1775796
  -0.8750000    0.3251760    0.0021738    0.1483848    0.0872219    0.0144093    0.1778565
  -0.8625000    0.3216772    0.0023546    0.1524677    0.0842787    0.0166133    0.1778917
  -0.8500000    0.3181573    0.0025417    0.1565298    0.0813224    0.0189559    0.1776855
  -0.8375000    0.3146181    0.0027349    0.1605675    0.0783578    0.0214323    0.1772390
  -0.8250000    0.3110611    0.0029341    0.1645772    0.0753895    0.0240376    0.1765538
  -0.8125000    0.3074882    0.0031392    0.1685555    0.0724224    0.0267665    0.1756323
  -0.8000000    0.3039009    0.0033500    0.1724989    0.0694610    0.0296135    0.1744774
  -0.7875000    0.3003008    0.0035664    0.1764042    0.0665101    0.0325729    0.1730927
  -0.7750000    0.2966897    0.0037882    0.1802681    0.0635744    0.0356389    0.1714823
  -0.7625000    0.2930690    0.0040152    0.1840874    0.0606583    0.0388052    0.1696511
  -0.7500000    0.2894404    0.0042473    0.1878589    0.0577665    0.0420658    0.1676045
  -0.7375000    0.2858055    0.0044844    0.1915797    0.0549034    0.0454142    0.1653483
  -0.7250000    0.2821658    0.0047263    0.1952469    0.0520735    0.0488437    0.1628891
  -0.7125000    0.2785228    0.0049728    0.1988575    0.0492810    0.0523477    0.1602339
  -0.7000000    0.2748781    0.0052237    0.2024088    0.0465302    0.0559195    0.1573901
  -0.6875000    0.2712330    0.0054790    0.2058982    0.0438254    0.0595520    0.1543659
  -0.6750000    0.2675892    0.0057384    0.2093232    0.0411706    0.0632383    0.1511696
  -0.6625000    0.2639479    0.0060018    0.2126811    0.0385697    0.0669713    0.1478101
  -0.6500000    0.2603107    0.0062690    0.2159697    0.0360268    0.0707439    0.1442966
  -0.6375000    0.2566788    0.0065399    0.2191867    0.0335455    0.0745490    0.1406389
  -0.6250000    0.2530537    0.0068143    0.2223299    0.0311296    0.0783792    0.1368470
  -0.6125000    0.2494367    0.0070920    0.2253972    0.0287826    0.0822275    0.1329312
  -0.6000000    0.2458290    0.0073729    0.2283867    0.0265079    0.0860865    0.1289020
  -0.5875000    0.2422320    0.0076568    0.2312965    0.0243089    0.0899493    0.1247704
  -0.5750000    0.2386469    0.0079435    0.2341248    0.0221888    0.0938085    0.1205475
  -0.5625000    0.2350748    0.0082330    0.2368700    0.0201505    0.0976570    0.1162446
  -0.5500000    0.2315171    0.0085250    0.2395305    0.0181971    0.1014880    0.1118731
  -0.5375000    0.2279747    0.0088193    0.2421049    0.0163312    0.1052943    0.1074447
  -0.5250000    0.2244489    0.0091159    0.2445918    0.0145556    0.1090690    0.1029711
  -0.5125000    0.2209407    0.0094146    0.2469900    0.0128728    0.1128056    0.0984640
  -0.5000000    0.2174512    0.0097152    0.2492984    0.0112850    0.1164971    0.0939353
  -0.4875000    0.2139813    0.0100176    0.2515159    0.0097946    0.1201372    0.0893969
  -0.4750000    0.2105322    0.0103216    0.2536415    0.0084035    0.1237193    0.0848605
  -0.4625000    0.2071047    0.0106271    0.2556745    0.0071137    0.1272373    0.0803380
  -0.4500000    0.2036998    0.0109340    0.2576142    0.0059270    0.1306851    0.0758409
  -0.4375000    0.2003183    0.0112421    0.2594598    0.0048449    0.1340566    0.0713810
  -0.4250000    0.1969611    0.0115513    0.2612109    0.0038689    0.1373463    0.0669696
  -0.4125000    0.1936291    0.0118614    0.2628671    0.0030003    0.1405484    0.0626180
  -0.4000000    0.1903231    0.0121723    0.2644279    0.0022403    0.1436577    0.0583373
  -0.3875000    0.1870438    0.0124839    0.2658933    0.0015898    0.1466690    0.0541384
  -0.3750000    0.1837919    0.0127961    0.2672630    0.0010498    0.1495773    0.0500318
  -0.3625000    0.1805681    0.0131088    0.2685369    0.0006209    0.1523780    0.0460279
  -0.3500000    0.1773731    0.0134218    0.2697151    0.0003038    0.1550665    0.0421368
  -0.3375000    0.1742076    0.0137350    0.2707978    0.0000987    0.1576386    0.0383682
  -0.3250000    0.1710721    0.0140483    0.2717851    0.0000059    0.1600903    0.0347314
  -0.3125000    0.1679672    0.0143616    0.2726774    0.0000257    0.1624177    0.0312355
  -0.3000000    0.1648934    0.0146748    0.2734750    0.0001578    0.1646174    0.0278890
  -0.2875000    0.1618513    0.0149879    0.2741784    0.0004023    0.1666861    0.0247003
  -0.2750000    0.1588414    0.0153006    0.2747880    0.0007588    0.1686208    0.0216772
  -0.2625000    0.1558640    0.0156130    0.2753046    0.0012268    0.1704188    0.0188270
  -0.2500000    0.1529196    0.0159249    0.2757288    0.0018057    0.1720774    0.0161567
  -0.2375000    0.1500086    0.0162363    0.2760614    0.0024950    0.1735946    0.0136726
  -0.2250000    0.1471314    0.0165470    0.2763032    0.0032937    0.1749683    0.0113810
  -0.2125000    0.1442882    0.0168570    0.2764551    0.0042008    0.1761969    0.0092871
  -0.2000000    0.1414794    0.0171663    0.2765180    0.0052155    0.1772788    0.0073961
  -0.1875000    0.1387052    0.0174748    0.2764929    0.0063363    0.1782131    0.0057124
  -0.1750000    0.1359660    0.0177823    0.2763810    0.0075621    0.1789986    0.0042401
  -0.1625000    0.1332619    0.0180889    0.2761834    0.0088913    0.1796349    0.0029826
  -0.1500000    0.1305930    0.0183945    0.2759012    0.0103226    0.1801215    0.0019429
  -0.1375000    0.1279597    0.0186990    0.2755357    0.0118543    0.1804583    0.0011235
  -0.1250000    0.1253620    0.0190024    0.2750882    0.0134846    0.1806454    0.0005262
  -0.1125000    0.1228000    0.0193047    0.2745599    0.0152117    0.1806833    0.0001524
  -0.1000000    0.1202739    0.0196058    0.2739524    0.0170338    0.1805725    0.0000030
  -0.0875000    0.1177837    0.0199056    0.2732669    0.0189489    0.1803140    0.0000784
  -0.0750000    0.1153295    0.0202042    0.2725050    0.0209548    0.1799088    0.0003784
  -0.0625000    0.1129112    0.0205016    0.2716682    0.0230494    0.1793584    0.0009022
  -0.0500000    0.1105290    0.0207976    0.2707579    0.0252304    0.1786644    0.0016488
  -0.0375000    0.1081827    0.0210923    0.2697757    0.0274957    0.1778284    0.0026163
  -0.0250000    0.1058724    0.0213857    0.2687233    0.0298428    0.1768527    0.0038027
  -0.0125000    0.1035979    0.0216778    0.2676021    0.0322693    0.1757393    0.0052052
   0.0000000    0.1013593    0.0219685    0.2664139    0.0347727    0.1744909    0.0068207
   0.0125000    0.0991563    0.0222579    0.2651603    0.0373505    0.1731099    0.0086456
   0.0250000    0.0969890    0.0225459    0.2638430    0.0400001    0.1715994    0.0106759
   0.0375000    0.0948572    0.0228326    0.2624637    0.0427188    0.1699622    0.0129071
   0.0500000    0.0927607    0.0231180    0.2610240    0.0455040    0.1682017    0.0153343
   0.0625000    0.0906993    0.0234020    0.2595258    0.0483530    0.1663213    0.0179521
   0.0750000    0.0886730    0.0236848    0.2579707    0.0512630    0.1643243    0.0207549
   0.0875000    0.0866814    0.0239662    0.2563604    0.0542313    0.1622147    0.0237365
   0.1000000    0.0847244    0.0242465    0.2546967    0.0572550    0.1599961    0.0268906
   0.1125000    0.0828018    0.0245254    0.2529815    0.0603314    0.1576727    0.0302103
   0.1250000    0.0809133    0.0248032    0.2512163    0.0634576    0.1552485    0.0336886
   0.1375000    0.0790588    0.0250798    0.2494029    0.0666308    0.1527277    0.0373181
   0.1500000    0.0772378    0.0253553    0.2475432    0.0698481    0.1501149    0.0410910
   0.1625000    0.0754502    0.0256297    0.2456389    0.0731066    0.1474143    0.0449994
   0.1750000    0.0736957    0.0259030    0.2436916    0.0764035    0.1446305    0.0490351
   0.1875000    0.0719739    0.0261754    0.2417031    0.0797359    0.1417683    0.0531897
   0.2000000    0.0702847    0.0264468    0.2396753    0.0831010    0.1388324    0.0574544
   0.2125000    0.0686276    0.0267173    0.2376096    0.0864958    0.1358275    0.0618206
   0.2250000    0.0670024    0.0269870    0.2355080    0.0899176    0.1327586    0.0662792
   0.2375000    0.0654087    0.0272558    0.2333720    0.0933635    0.1296305    0.0708211
   0.2500000    0.0638462    0.0275240    0.2312034    0.0968307    0.1264483    0.0754370
   0.2625000    0.0623146    0.0277915    0.2290038    0.1003164    0.1232170    0.0801175
   0.2750000    0.0608134    0.0280584    0.2267749    0.1038178    0.1199416    0.0848532
   0.2875000    0.0593424    0.0283249    0.2245182    0.1073322    0.1166271    0.0896347
   0.3000000    0.0579012    0.0285908    0.2222355    0.1108568    0.1132787    0.0944523
   0.3125000    0.0564895    0.0288564    0.2199282    0.1143890    0.1099016    0.0992964
   0.3250000    0.0551067    0.0291217    0.2175980    0.1179261    0.1065007    0.1041576
   0.3375000    0.0537527    0.0293868    0.2152464    0.1214654    0.1030811    0.1090262
   0.3500000    0.0524269    0.0296518    0.2128750    0.1250043    0.0996480    0.1138928
   0.3625000    0.0511291    0.0299167    0.2104851    0.1285403    0.0962064    0.1187478
   0.3750000    0.0498588    0.0301817    0.2080784    0.1320709    0.0927614    0.1235819
   0.3875000    0.0486157    0.0304468    0.2056563    0.1355936    0.0893178    0.1283858
   0.4000000    0.0473993    0.0307122    0.2032201    0.1391060    0.0858808    0.1331503
   0.4125000    0.0462093    0.0309779    0.2007713    0.1426056    0.0824551    0.1378664
   0.4250000    0.0450452    0.0312440    0.1983113    0.1460901    0.0790457    0.1425251
   0.4375000    0.0439067    0.0315106    0.1958414    0.1495572    0.0756573    0.1471177
   0.4500000    0.0427934    0.0317779    0.1933630    0.1530048    0.0722946    0.1516356
   0.4625000    0.0417049    0.0320458    0.1908773    0.1564304    0.0689624    0.1560704
   0.4750000    0.0406408    0.0323147    0.1883855    0.1598321    0.0656652    0.1604141
   0.4875000    0.0396007    0.0325844    0.1858890    0.1632077    0.0624074    0.1646585
   0.5000000    0.0385841    0.0328552    0.1833888    0.1665551    0.0591936    0.1687961
   0.5125000    0.0375908    0.0331272    0.1808863    0.1698725    0.0560279    0.1728193
   0.5250000    0.0366203    0.0334005    0.1783825    0.1731577    0.0529147    0.1767210
   0.5375000    0.0356721    0.0336751    0.1758786    0.1764090    0.0498581    0.1804941
   0.5500000    0.0347461    0.0339513    0.1733756    0.1796245    0.0468621    0.1841321
   0.5625000    0.0338416    0.0342291    0.1708746    0.1828023    0.0439305    0.1876286
   0.5750000    0.0329584    0.0345087    0.1683766    0.1859409    0.0410673    0.1909776
   0.5875000    0.0320960    0.0347902    0.1658826    0.1890385    0.0382760    0.1941732
   0.6000000    0.0312542    0.0350736    0.1633937    0.1920936    0.0355603    0.1972101
   0.6125000    0.0304324    0.0353592    0.1609106    0.1951044    0.0329236    0.2000831
   0.6250000    0.0296303    0.0356471    0.1584344    0.1980697    0.0303692    0.2027875
   0.6375000    0.0288476    0.0359374    0.1559658    0.2009878    0.0279004    0.2053188
   0.6500000    0.0280838    0.0362302    0.1535059    0.2038574    0.0255201    0.2076730
   0.6625000    0.0273387    0.0365256    0.1510553    0.2066772    0.0232314    0.2098463
   0.6750000    0.0266118    0.0368239    0.1486148    0.2094459    0.0210370    0.2118353
   0.6875000    0.0259027    0.0371251    0.1461854    0.2121622    0.0189397    0.2136370
   0.7000000    0.0252112    0.0374294    0.1437675    0.2148251    0.0169418    0.2152487
   0.7125000    0.0245368    0.0377369    0.1413621    0.2174332    0.0150460    0.2166681
   0.7250000    0.0238792    0.0380479    0.1389696    0.2199857    0.0132544    0.2178931
   0.7375000    0.0232381    0.0383623    0.1365909    0.2224814    0.0115691    0.2189223
   0.7500000    0.0226131    0.0386804    0.1342265    0.2249195    0.0099921    0.2197544
   0.7625000    0.0220039    0.0390023    0.1318771    0.2272989    0.0085254    0.2203884
   0.7750000    0.0214101    0.0393282    0.1295431    0.2296188    0.0071705    0.2208239
   0.7875000    0.0208315    0.0396582    0.1272252    0.2318785    0.0059291    0.2210607
   0.8000000    0.0202676    0.0399926    0.1249239    0.2340771    0.0048026    0.2210991
   0.8125000    0.0197182    0.0403313    0.1226396    0.2362140    0.0037922    0.2209394
   0.8250000    0.0191829    0.0406747    0.1203729    0.2382884    0.0028992    0.2205826
   0.8375000    0.0186615    0.0410228    0.1181242    0.2402997    0.0021245    0.2200300
   0.8500000    0.0181535    0.0413759    0.1158939    0.2422474    0.0014690    0.2192831
   0.8625000    0.0176589    0.0417341    0.1136824    0.2441309    0.0009335    0.2183438
   0.8750000    0.0171771    0.0420975    0.1114901    0.2459498    0.0005184    0.2172142
   0.8875000    0.0167080    0.0424664    0.1093174    0.2477036    0.0002244    0.2158970
   0.9000000    0.0162512    0.0428409    0.1071646    0.2493918    0.0000516    0.2143951
   0.9125000    0.0158064    0.0432212    0.1050320    0.2510142    0.0000004    0.2127114
   0.9250000    0.0153735    0.0436074    0.1029199    0.2525704    0.0000707    0.2108496
   0.9375000    0.0149520    0.0439998    0.1008287    0.2540601    0.0002624    0.2088134
   0.9500000    0.0145418    0.0443986    0.0987585    0.2554831    0.0005755    0.2066067
   0.9625000    0.0141425    0.0448038    0.0967096    0.2568392    0.0010094    0.2042340
   0.9750000    0.0137539    0.0452158    0.0946822    0.2581281    0.0015639    0.2016996
   0.9875000    0.0133758    0.0456346    0.0926765    0.2593499    0.0022382    0.1990086
   1.0000000    0.0130078    0.0460605    0.0906928    0.2605043    0.0030317    0.1961659
   1.0125000    0.0126499    0.0464937    0.0887312    0.2615913    0.0039435    0.1931768
   1.0250000    0.0123016    0.0469344    0.0867918    0.2626108    0.0049728    0.1900469
   1.0375000    0.0119627    0.0473828    0.0848747    0.2635629    0.0061184    0.1867818
   1.0500000    0.0116332    0.0478390    0.0829802    0.2644477    0.0073792    0.1833876
   1.0625000    0.0113126    0.0483033    0.0811083    0.2652650    0.0087538    0.1798704
   1.0750000    0.0110008    0.0487759    0.0792592    0.2660151    0.0102409    0.1762364
   1.0875000    0.0106975    0.0492570    0.0774328    0.2666980    0.0118390    0.1724922
   1.1000000    0.0104026    0.0497469    0.0756293    0.2673139    0.0135464    0.1686443
   1.1125000    0.0101158    0.0502456    0.0738488    0.2678630    0.0153614    0.1646996
   1.1250000    0.0098370    0.0507535    0.0720912    0.2683454    0.0172822    0.1606651
   1.1375000    0.0095658    0.0512707    0.0703567    0.2687614    0.0193070    0.1565476
   1.1500000    0.0093022    0.0517976    0.0686452    0.2691111    0.0214335    0.1523545
   1.1625000    0.0090459    0.0523342    0.0669567    0.2693950    0.0236599    0.1480929
   1.1750000    0.0087968    0.0528809    0.0652913    0.2696131    0.0259838    0.1437702
   1.1875000    0.0085546    0.0534379    0.0636490    0.2697660    0.0284030    0.1393938
   1.2000000    0.0083192    0.0540054    0.0620297    0.2698538    0.0309151    0.1349712
   1.2125000    0.0080904    0.0545836    0.0604335    0.2698769    0.0335177    0.1305099
   1.2250000    0.0078680    0.0551729    0.0588602    0.2698357    0.0362082    0.1260175
   1.2375000    0.0076518    0.0557733    0.0573099    0.2697306    0.0389840    0.1215016
   1.2500000    0.0074418    0.0563853    0.0557825    0.2695620    0.0418424    0.1169698
   1.2625000    0.0072377    0.0570090    0.0542780    0.2693302    0.0447807    0.1124296
   1.2750000    0.0070393    0.0576447    0.0527963    0.2690358    0.0477960    0.1078889
   1.2875000    0.0068465    0.0582926    0.0513373    0.2686792    0.0508855    0.1033550
   1.3000000    0.0066592    0.0589531    0.0499010    0.2682608    0.0540461    0.0988355
   1.3125000    0.0064773    0.0596263    0.0484873    0.2677811    0.0572748    0.0943381
   1.3250000    0.0063005    0.0603126    0.0470961    0.2672406    0.0605687    0.0898700
   1.3375000    0.0061287    0.0610121    0.0457274    0.2666399    0.0639244    0.0854388
   1.3500000    0.0059618    0.0617253    0.0443810    0.2659793    0.0673389    0.0810517
   1.3625000    0.0057996    0.0624523    0.0430568    0.2652596    0.0708089    0.0767160
   1.3750000    0.0056421    0.0631934    0.0417549    0.2644812    0.0743311    0.0724387
   1.3875000    0.0054891    0.0639490    0.0404750    0.2636446    0.0779022    0.0682270
   1.4000000    0.0053405    0.0647193    0.0392170    0.2627505    0.0815188    0.0640877
   1.4125000    0.0051961    0.0655046    0.0379809    0.2617995    0.0851775    0.0600275
   1.4250000    0.0050559    0.0663051    0.0367666    0.2607920    0.0888747    0.0560531
   1.4375000    0.0049196    0.0671213    0.0355740    0.2597288    0.0926072    0.0521710
   1.4500000    0.0047873    0.0679533    0.0344028    0.2586104    0.0963712    0.0483875
   1.4625000    0.0046588    0.0688015    0.0332532    0.2574374    0.1001633    0.0447087
   1.4750000    0.0045340    0.0696663    0.0321248    0.2562106    0.1039799    0.0411407
   1.4875000    0.0044127    0.0705478    0.0310177    0.2549304    0.1078174    0.0376891
   1.5000000    0.0042950    0.0714464    0.0299316    0.2535977    0.1116722    0.0343597
   1.5125000    0.0041806    0.0723625    0.0288666    0.2522130    0.1155406    0.0311578
   1.5250000    0.0040696    0.0732963    0.0278224    0.2507770    0.1194190    0.0280885
   1.5375000    0.0039617    0.0742482    0.0267990    0.2492904    0.1233037    0.0251569
   1.5500000    0.0038570    0.0752184    0.0257963    0.2477539    0.1271911    0.0223676
   1.5625000    0.0037552    0.0762074    0.0248141    0.2461681    0.1310774    0.0197253
   1.5750000    0.0036564    0.0772154    0.0238523    0.2445339    0.1349590    0.0172340
   1.5875000    0.0035605    0.0782428    0.0229109    0.2428518    0.1388322    0.0148980
   1.6000000    0.0034673    0.0792899    0.0219897    0.2411227    0.1426933    0.0127209
   1.6125000    0.0033768    0.0803571    0.0210886    0.2393472    0.1465387    0.0107063
   1.6250000    0.0032889    0.0814446    0.0202076    0.2375262    0.1503646    0.0088573
   1.6375000    0.0032035    0.0825529    0.0193464    0.2356603    0.1541673    0.0071771
   1.6500000    0.0031207    0.0836822    0.0185050    0.2337503    0.1579433    0.0056683
   1.6625000    0.0030402    0.0848329    0.0176834    0.2317970    0.1616889    0.0043333
   1.6750000    0.0029620    0.0860054    0.0168814    0.2298012    0.1654005    0.0031743
   1.6875000    0.0028861    0.0872000    0.0160988    0.2277636    0.1690744    0.0021931
   1.7000000    0.0028124    0.0884171    0.0153357    0.2256851    0.1727071    0.0013914
   1.7125000    0.0027408    0.0896570    0.0145920    0.2235665    0.1762951    0.0007705
   1.7250000    0.0026712    0.0909200    0.0138675    0.2214086    0.1798348    0.0003314
   1.7375000    0.0026037    0.0922066    0.0131621    0.2192121    0.1833227    0.0000747
   1.7500000    0.0025381    0.0935170    0.0124758    0.2169781    0.1867553    0.0000009
   1.7625000    0.0024744    0.0948517    0.0118086    0.2147072    0.1901294    0.0001101
   1.7750000    0.0024125    0.0962109    0.0111602    0.2124004    0.1934414    0.0004021
   1.7875000    0.0023525    0.0975951    0.0105307    0.2100586    0.1966880    0.0008765
   1.8000000    0.0022941    0.0990046    0.0099200    0.2076825    0.1998661    0.0015324
   1.8125000    0.0022374    0.1004397    0.0093280    0.2052732    0.2029722    0.0023689
   1.8250000    0.0021824    0.1019008    0.0087546    0.2028315    0.2060032    0.0033845
   1.8375000    0.0021289    0.1033883    0.0081998    0.2003584    0.2089561    0.0045776
   1.8500000    0.0020770    0.1049025    0.0076635    0.1978547    0.2118276    0.0059462
   1.8625000    0.0020265    0.1064438    0.0071457    0.1953214    0.2146149    0.0074881
   1.8750000    0.0019775    0.1080125    0.0066463    0.1927596    0.2173148    0.0092008
   1.8875000    0.0019299    0.1096089    0.0061652    0.1901700    0.2199247    0.0110814
   1.9000000    0.0018837    0.1112335    0.0057025    0.1875538    0.2224416    0.0131268
   1.9125000    0.0018387    0.1128865    0.0052580    0.1849118    0.2248627    0.0153336
   1.9250000    0.0017951    0.1145683    0.0048318    0.1822452    0.2271855    0.0176982
   1.9375000    0.0017527    0.1162793    0.0044237    0.1795550    0.2294074    0.0202167
   1.9500000    0.0017115    0.1180197    0.0040338    0.1768420    0.2315257    0.0228848
   1.9625000    0.0016715    0.1197899    0.0036620    0.1741076    0.2335381    0.0256981
   1.9750000    0.0016326    0.1215903    0.0033083    0.1713526    0.2354422    0.0286519
   1.9875000    0.0015948    0.1234210    0.0029727    0.1685781    0.2372358    0.0317413
   2.0000000    0.0015581    0.1252826    0.0026551    0.1657853    0.2389167    0.0349610
   2.0125000    0.0015224    0.1271752    0.0023555    0.1629753    0.2404829    0.0383057
   2.0250000    0.0014877    0.1290991    0.0020739    0.1601492    0.2419323    0.0417696
   2.0375000    0.0014541    0.1310548    0.0018102    0.1573080    0.2432631    0.0453469
   2.0500000    0.0014213    0.1330423    0.0015645    0.1544530    0.2444735    0.0490315
   2.0625000    0.0013895    0.1350622    0.0013368    0.1515854    0.2455618    0.0528171
   2.0750000    0.0013586    0.1371145    0.0011270    0.1487063    0.2465266    0.0566973
   2.0875000    0.0013285    0.1391996    0.0009351    0.1458168    0.2473663    0.0606654
   2.1000000    0.0012993    0.1413177    0.0007611    0.1429183    0.2480796    0.0647145
   2.1125000    0.0012709    0.1434691    0.0006050    0.1400119    0.2486652    0.0688377
   2.1250000    0.0012433    0.1456539    0.0004668    0.1370990    0.2491222    0.0730278
   2.1375000    0.0012164    0.1478726    0.0003465    0.1341806    0.2494494    0.0772776
   2.1500000    0.0011903    0.1501251    0.0002441    0.1312582    0.2496461    0.0815795
   2.1625000    0.0011649    0.1524118    0.0001596    0.1283330    0.2497115    0.0859261
   2.1750000    0.0011403    0.1547328    0.0000930    0.1254063    0.2496450    0.0903096
   2.1875000    0.0011163    0.1570883    0.0000443    0.1224794    0.2494461    0.0947225
   2.2000000    0.0010929    0.1594784    0.0000134    0.1195537    0.2491145    0.0991567
   2.2125000    0.0010702    0.1619034    0.0000005    0.1166305    0.2486499    0.1036045
   2.2250000    0.0010482    0.1643632    0.0000054    0.1137111    0.2480523    0.1080579
   2.2375000    0.0010267    0.1668581    0.0000282    0.1107970    0.2473218    0.1125088
   2.2500000    0.0010058    0.1693881    0.0000689    0.1078895    0.2464584    0.1169492
   2.2625000    0.0009855    0.1719534    0.0001275    0.1049901    0.2454627    0.1213712
   2.2750000    0.0009658    0.1745538    0.0002040    0.1021000    0.2443350    0.1257666
   2.2875000    0.0009465    0.1771896    0.0002983    0.0992208    0.2430759    0.1301273
   2.3000000    0.0009278    0.1798607    0.0004106    0.0963540    0.2416863    0.1344454
   2.3125000    0.0009096    0.1825671    0.0005407    0.0935008    0.2401671    0.1387129
   2.3250000    0.0008919    0.1853088    0.0006886    0.0906629    0.2385192    0.1429218
   2.3375000    0.0008747    0.1880858    0.0008544    0.0878417    0.2367440    0.1470642
   2.3500000    0.0008579    0.1908979    0.0010381    0.0850386    0.2348427    0.1511324
   2.3625000    0.0008416    0.1937451    0.0012396    0.0822551    0.2328169    0.1551187
   2.3750000    0.0008257    0.1966272    0.0014589    0.0794928    0.2306682    0.1590155
   2.3875000    0.0008102    0.1995442    0.0016960    0.0767531    0.2283984    0.1628153
   2.4000000    0.0007951    0.2024958    0.0019508    0.0740376    0.2260095    0.1665108
   2.4125000    0.0007805    0.2054819    0.0022234    0.0713477    0.2235035    0.1700948
   2.4250000    0.0007662    0.2085022    0.0025137    0.0686850    0.2208828    0.1735603
   2.4375000    0.0007523    0.2115565    0.0028217    0.0660509    0.2181496    0.1769005
   2.4500000    0.0007387    0.2146444    0.0031473    0.0634471    0.2153066    0.1801088
   2.4625000    0.0007255    0.2177657    0.0034905    0.0608751    0.2123564    0.1831786
   2.4750000    0.0007126    0.2209201    0.0038513    0.0583363    0.2093019    0.1861039
   2.4875000    0.0007001    0.2241071    0.0042295    0.0558323    0.2061460    0.1888786
   2.5000000    0.0006879    0.2273263    0.0046251    0.0533647    0.2028918    0.1914969
   2.5125000    0.0006760    0.2305774    0.0050381    0.0509348    0.1995427    0.1939535
   2.5250000    0.0006644    0.2338597    0.0054684    0.0485444    0.1961020    0.1962432
   2.5375000    0.0006531    0.2371729    0.0059158    0.0461948    0.1925733    0.1983610
   2.5500000    0.0006421    0.2405162    0.0063804    0.0438875    0.1889602    0.2003022
   2.5625000    0.0006314    0.2438893    0.0068620    0.0416241    0.1852666    0.2020627
   2.5750000    0.0006209    0.2472914    0.0073605    0.0394061    0.1814963    0.2036384
   2.5875000    0.0006107    0.2507219    0.0078758    0.0372349    0.1776534    0.2050257
   2.6000000    0.0006007    0.2541800    0.0084078    0.0351119    0.1737422    0.2062211
   2.6125000    0.0005910    0.2576651    0.0089564    0.0330386    0.1697668    0.2072219
   2.6250000    0.0005815    0.2611763    0.0095214    0.0310165    0.1657318    0.2080253
   2.6375000    0.0005723    0.2647128    0.0101027    0.0290470    0.1616417    0.2086290
   2.6500000    0.0005633    0.2682738    0.0107001    0.0271313    0.1575011    0.2090313
   2.6625000    0.0005544    0.2718583    0.0113135    0.0252710    0.1533147    0.2092307
   2.6750000    0.0005459    0.2754654    0.0119427    0.0234673    0.1490873    0.2092259
   2.6875000    0.0005375    0.2790941    0.0125875    0.0217216    0.1448240    0.2090163
   2.7000000    0.0005293    0.2827434    0.0132477    0.0200351    0.1405297    0.2086016
   2.7125000    0.0005213    0.2864121    0.0139231    0.0184091    0.1362095    0.2079818
   2.7250000    0.0005134    0.2900992    0.0146135    0.0168449    0.1318686    0.2071575
   2.7375000    0.0005058    0.2938034    0.0153187    0.0153435    0.1275123    0.2061295
   2.7500000    0.0004984    0.2975236    0.0160384    0.0139063    0.1231458    0.2048991
   2.7625000    0.0004911    0.3012585    0.0167724    0.0125344    0.1187745    0.2034681
   2.7750000    0.0004839    0.3050067    0.0175204    0.0112287    0.1144039    0.2018386
   2.7875000    0.0004770    0.3087669    0.0182821    0.0099904    0.1100394    0.2000131
   2.8000000    0.0004702    0.3125377    0.0190573    0.0088204    0.1056865    0.1979946
   2.8125000    0.0004635    0.3163176    0.0198457    0.0077198    0.1013508    0.1957864
   2.8250000    0.0004570    0.3201052    0.0206469    0.0066894    0.0970377    0.1933924
   2.8375000    0.0004506    0.3238988    0.0214606    0.0057301    0.0927529    0.1908166
   2.8500000    0.0004444    0.3276969    0.0222864    0.0048427    0.0885020    0.1880636
   2.8625000    0.0004383    0.3314979    0.0231241    0.0040280    0.0842905    0.1851384
   2.8750000    0.0004323    0.3353000    0.0239733    0.0032866    0.0801240    0.1820463
   2.8875000    0.0004265    0.3391014    0.0248335    0.0026192    0.0760081    0.1787931
   2.9000000    0.0004207    0.3429005    0.0257044    0.0020265    0.0719482    0.1753848
   2.9125000    0.0004151    0.3466953    0.0265856    0.0015089    0.0679499    0.1718278
   2.9250000    0.0004096    0.3504840    0.0274766    0.0010669    0.0640186    0.1681289
   2.9375000    0.0004042    0.3542647    0.0283771    0.0007009    0.0601598    0.1642954
   2.9500000    0.0003989    0.3580353    0.0292865    0.0004113    0.0563787    0.1603345
   2.9625000    0.0003938    0.3617939    0.0302044    0.0001983    0.0526806    0.1562541
   2.9750000    0.0003887    0.3655384    0.0311303    0.0000621    0.0490707    0.1520622
   2.9875000    0.0003837    0.3692667    0.0320638    0.0000028    0.0455541    0.1477673
   3.0000000    0.0003788    0.3729766    0.0330043    0.0000205    0.0421359    0.1433777
   3.0125000    0.0003740    0.3766659    0.0339513    0.0001153    0.0388209    0.1389026
   3.0250000    0.0003693    0.3803325    0.0349042    0.0002869    0.0356139    0.1343509
   3.0375000    0.0003647    0.3839739    0.0358626    0.0005353    0.0325195    0.1297319
   3.0500000    0.0003601    0.3875880    0.0368258    0.0008601    0.0295423    0.1250552
   3.0625000    0.0003557    0.3911724    0.0377933    0.0012610    0.0266868    0.1203305
   3.0750000    0.0003513    0.3947246    0.0387645    0.0017378    0.0239570    0.1155676
   3.0875000    0.0003469    0.3982423    0.0397388    0.0022897    0.0213571    0.1107765
   3.1000000    0.0003427    0.4017229    0.0407156    0.0029163    0.0188911    0.1059673
   3.1125000    0.0003385    0.4051641    0.0416942    0.0036170    0.0165626    0.1011502
   3.1250000    0.0003344    0.4085633    0.0426740    0.0043909    0.0143751    0.0963355
   3.1375000    0.0003304    0.4119178    0.0436544    0.0052373    0.0123321    0.0915335
   3.1500000    0.0003264    0.4152253    0.0446347    0.0061552    0.0104367    0.0867545
   3.1625000    0.0003225    0.4184830    0.0456141    0.0071437    0.0086918    0.0820090
   3.1750000    0.0003186    0.4216883    0.0465921    0.0082016    0.0071002    0.0773073
   3.1875000    0.0003148    0.4248386    0.0475680    0.0093278    0.0056643    0.0726596
   3.2000000    0.0003110    0.4279313    0.0485410    0.0105210    0.0043865    0.0680762
   3.2125000    0.0003073    0.4309635    0.0495103    0.0117799    0.0032687    0.0635673
   3.2250000    0.0003037    0.4339327    0.0504754    0.0131030    0.0023128    0.0591427
   3.2375000    0.0003000    0.4368362    0.0514354    0.0144889    0.0015203    0.0548125
   3.2500000    0.0002965    0.4396711    0.0523896    0.0159359    0.0008925    0.0505864
   3.2625000    0.0002930    0.4424349    0.0533372    0.0174424    0.0004304    0.0464738
   3.2750000    0.0002895    0.4451247    0.0542776    0.0190065    0.0001348    0.0424842
   3.2875000    0.0002860    0.4477378    0.0552098    0.0206264    0.0000061    0.0386265
   3.3000000    0.0002827    0.4502716    0.0561333    0.0223003    0.0000446    0.0349095
   3.3125000    0.0002793    0.4527232    0.0570471    0.0240259    0.0002502    0.0313419
   3.3250000    0.0002760    0.4550899    0.0579505    0.0258014    0.0006225    0.0279318
   3.3375000    0.0002727    0.4573691    0.0588427    0.0276244    0.0011610    0.0246872
   3.3500000    0.0002694    0.4595581    0.0597230    0.0294927    0.0018647    0.0216156
   3.3625000    0.0002662    0.4616541    0.0605905    0.0314041    0.0027324    0.0187241
   3.3750000    0.0002630    0.4636546    0.0614445    0.0333560    0.0037626    0.0160195
   3.3875000    0.0002599    0.4655568    0.0622841    0.0353461    0.0049535    0.0135083
   3.4000000    0.0002567    0.4673582    0.0631086    0.0373718    0.0063032    0.0111963
   3.4125000    0.0002536    0.4690562    0.0639172    0.0394304    0.0078091    0.0090890
   3.4250000    0.0002506    0.4706482    0.0647092    0.0415194    0.0094687    0.0071915
   3.4375000    0.0002475    0.4721317    0.0654836    0.0436360    0.0112791    0.0055084
   3.4500000    0.0002445    0.4735043    0.0662398    0.0457774    0.0132370    0.0040435
   3.4625000    0.0002415    0.4747636    0.0669769    0.0479407    0.0153389    0.0028006
   3.4750000    0.0002385    0.4759071    0.0676943    0.0501232    0.0175810    0.0017825
   3.4875000    0.0002355    0.4769325    0.0683911    0.0523217    0.0199594    0.0009919
   3.5000000    0.0002326    0.4778376    0.0690666    0.0545335    0.0224697    0.0004305
   3.5125000    0.0002297    0.4786202    0.0697201    0.0567554    0.0251073    0.0000998
   3.5250000    0.0002268    0.4792780    0.0703507    0.0589843    0.0278674    0.0000006
   3.5375000    0.0002239    0.4798090    0.0709579    0.0612173    0.0307450    0.0001331
   3.5500000    0.0002210    0.4802113    0.0715408    0.0634511    0.0337347    0.0004971
   3.5625000    0.0002181    0.4804827    0.0720988    0.0656827    0.0368309    0.0010915
   3.5750000    0.0002153    0.4806216    0.0726312    0.0679088    0.0400278    0.0019150
   3.5875000    0.0002125    0.4806261    0.0731374    0.0701264    0.0433196    0.0029654
   3.6000000    0.0002097    0.4804944    0.0736166    0.0723321    0.0466998    0.0042401
   3.6125000    0.0002069    0.4802250    0.0740683    0.0745228    0.0501623    0.0057359
   3.6250000    0.0002041    0.4798164    0.0744919    0.0766954    0.0537003    0.0074491
   3.6375000    0.0002013    0.4792671    0.0748866    0.0788466    0.0573071    0.0093752
   3.6500000    0.0001986    0.4785759    0.0752520    0.0809732    0.0609757    0.0115093
   3.6625000    0.0001958    0.4777414    0.0755876    0.0830721    0.0646992    0.0138461
   3.6750000    0.0001931    0.4767625    0.0758927    0.0851401    0.0684702    0.0163794
   3.6875000    0.0001903    0.4756383    0.0761669    0.0871741    0.0722813    0.0191029
   3.7000000    0.0001876    0.4743679    0.0764096    0.0891710    0.0761253    0.0220094
   3.7125000    0.0001849    0.4729504    0.0766205    0.0911276    0.0799944    0.0250914
   3.7250000    0.0001822    0.4713852    0.0767991    0.0930411    0.0838810    0.0283409
   3.7375000    0.0001795    0.4696717    0.0769450    0.0949084    0.0877774    0.0317495
   3.7500000    0.0001768    0.4678096    0.0770578    0.0967265    0.0916759    0.0353082
   3.7625000    0.0001742    0.4657985    0.0771372    0.0984926    0.0955687    0.0390077
   3.7750000    0.0001715    0.4636382    0.0771828    0.1002039    0.0994478    0.0428382
   3.7875000    0.0001688    0.4613288    0.0771944    0.1018575    0.1033055    0.0467897
   3.8000000    0.0001662    0.4588703    0.0771718    0.1034509    0.1071339    0.0508517
   3.8125000    0.0001635    0.4562629    0.0771146    0.1049813    0.1109253    0.0550134
   3.8250000    0.0001609    0.4535070    0.0770228    0.1064464    0.1146718    0.0592637
   3.8375000    0.0001583    0.4506032    0.0768961    0.1078435    0.1183657    0.0635912
   3.8500000    0.0001557    0.4475521    0.0767345    0.1091703    0.1219995    0.0679845
   3.8625000    0.0001531    0.4443545    0.0765378    0.1104247    0.1255655    0.0724315
   3.8750000    0.0001505    0.4410112    0.0763061    0.1116043    0.1290563    0.0769205
   3.8875000    0.0001479    0.4375236    0.0760392    0.1127072    0.1324647    0.0814391
   3.9000000    0.0001453    0.4338926    0.0757374    0.1137314    0.1357833    0.0859753
   3.9125000    0.0001427    0.4301199    0.0754005    0.1146750    0.1390052    0.0905166
   3.9250000    0.0001401    0.4262068    0.0750287    0.1155364    0.1421236    0.0950507
   3.9375000    0.0001376    0.4221550    0.0746223    0.1163138    0.1451317    0.0995651
   3.9500000    0.0001350    0.4179665    0.0741812    0.1170058    0.1480231    0.1040476
   3.9625000    0.0001325    0.4136431    0.0737058    0.1176110    0.1507916    0.1084857
   3.9750000    0.0001299    0.4091871    0.0731964    0.1181283    0.1534311    0.1128673
   3.9875000    0.0001274    0.4046007    0.0726531    0.1185564    0.1559358    0.1171802
   4.0000000    0.0001249    0.3998863    0.0720765    0.1188945    0.1583003    0.1214124
   4.0125000    0.0001224    0.3950465    0.0714668    0.1191418    0.1605192    0.1255522
   4.0250000    0.0001199    0.3900841    0.0708244    0.1192974    0.1625877    0.1295880
   4.0375000    0.0001174    0.3850019    0.0701499    0.1193610    0.1645011    0.1335086
   4.0500000    0.0001149    0.3798029    0.0694437    0.1193321    0.1662551    0.1373029
   4.0625000    0.0001125    0.3744904    0.0687064    0.1192104    0.1678455    0.1409602
   4.0750000    0.0001100    0.3690676    0.0679385    0.1189960    0.1692688    0.1444702
   4.0875000    0.0001076    0.3635379    0.0671407    0.1186887    0.1705216    0.1478231
   4.1000000    0.0001051    0.3579051    0.0663136    0.1182889    0.1716009    0.1510091
   4.1125000    0.0001027    0.3521727    0.0654579    0.1177969    0.1725040    0.1540193
   4.1250000    0.0001003    0.3463446    0.0645744    0.1172132    0.1732287    0.1568449
   4.1375000    0.0000979    0.3404249    0.0636637    0.1165384    0.1737730    0.1594780
   4.1500000    0.0000956    0.3344176    0.0627268    0.1157735    0.1741356    0.1619108
   4.1625000    0.0000932    0.3283270    0.0617644    0.1149193    0.1743152    0.1641364
   4.1750000    0.0000909    0.3221575    0.0607775    0.1139770    0.1743111    0.1661481
   4.1875000    0.0000885    0.3159134    0.0597669    0.1129479    0.1741229    0.1679401
   4.2000000    0.0000862    0.3095995    0.0587336    0.1118333    0.1737508    0.1695072
   4.2125000    0.0000839    0.3032203    0.0576785    0.1106349    0.1731951    0.1708445
   4.2250000    0.0000816    0.2967807    0.0566027    0.1093544    0.1724568    0.1719480
   4.2375000    0.0000794    0.2902857    0.0555072    0.1079936    0.1715370    0.1728144
   4.2500000    0.0000771    0.2837401    0.0543931    0.1065545    0.1704375    0.1734410
   4.2625000    0.0000749    0.2771491    0.0532614    0.1050393    0.1691602    0.1738256
   4.2750000    0.0000727    0.2705178    0.0521133    0.1034503    0.1677076    0.1739669
   4.2875000    0.0000705    0.2638515    0.0509499    0.1017898    0.1660825    0.1738641
   4.3000000    0.0000684    0.2571556    0.0497724    0.1000604    0.1642881    0.1735174
   4.3125000    0.0000662    0.2504354    0.0485821    0.0982648    0.1623281    0.1729275
   4.3250000    0.0000641    0.2436963    0.0473800    0.0964057    0.1602064    0.1720956
   4.3375000    0.0000620    0.2369440    0.0461675    0.0944860    0.1579272    0.1710238
   4.3500000    0.0000600    0.2301840    0.0449458    0.0925089    0.1554954    0.1697151
   4.3625000    0.0000579    0.2234218    0.0437162    0.0904773    0.1529158    0.1681727
   4.3750000    0.0000559    0.2166632    0.0424799    0.0883945    0.1501939    0.1664009
   4.3875000    0.0000539    0.2099139    0.0412383    0.0862638    0.1473354    0.1644044
   4.4000000    0.0000519    0.2031795    0.0399927    0.0840887    0.1443463    0.1621887
   4.4125000    0.0000500    0.1964659    0.0387445    0.0818726    0.1412328    0.1597598
   4.4250000    0.0000481    0.1897787    0.0374949    0.0796191    0.1380016    0.1571245
   4.4375000    0.0000462    0.1831237    0.0362452    0.0773319    0.1346595    0.1542900
   4.4500000    0.0000444    0.1765068    0.0349969    0.0750146    0.1312137    0.1512642
   4.4625000    0.0000425    0.1699336    0.0337514    0.0726711    0.1276715    0.1480555
   4.4750000    0.0000407    0.1634100    0.0325099    0.0703052    0.1240405    0.1446730
   4.4875000    0.0000390    0.1569416    0.0312737    0.0679207    0.1203285    0.1411261
   4.5000000    0.0000372    0.1505342    0.0300444    0.0655216    0.1165435    0.1374248
   4.5125000    0.0000355    0.1441934    0.0288232    0.0631118    0.1126937    0.1335795
   4.5250000    0.0000339    0.1379250    0.0276115    0.0606954    0.1087874    0.1296011
   4.5375000    0.0000322    0.1317344    0.0264105    0.0582763    0.1048331    0.1255008
   4.5500000    0.0000306    0.1256273    0.0252218    0.0558585    0.1008393    0.1212903
   4.5625000    0.0000291    0.1196092    0.0240465    0.0534461    0.0968147    0.1169814
   4.5750000    0.0000276    0.1136853    0.0228860    0.0510430    0.0927682    0.1125864
   4.5875000    0.0000261    0.1078613    0.0217415    0.0486533    0.0887085    0.1081178
   4.6000000    0.0000246    0.1021422    0.0206145    0.0462810    0.0846444    0.1035883
   4.6125000    0.0000232    0.0965333    0.0195060    0.0439300    0.0805849    0.0990108
   4.6250000    0.0000218    0.0910397    0.0184175    0.0416044    0.0765389    0.0943984
   4.6375000    0.0000205    0.0856665    0.0173501    0.0393078    0.0725152    0.0897643
   4.6500000    0.0000192    0.0804184    0.0163049    0.0370444    0.0685226    0.0851216
   4.6625000    0.0000179    0.0753005    0.0152833    0.0348177    0.0645699    0.0804836
   4.6750000    0.0000167    0.0703172    0.0142864    0.0326317    0.0606658    0.0758637
   4.6875000    0.0000155    0.0654733    0.0133152    0.0304899    0.0568188    0.0712749
   4.7000000    0.0000143    0.0607732    0.0123709    0.0283960    0.0530374    0.0667305
   4.7125000    0.0000132    0.0562212    0.0114545    0.0263534    0.0493299    0.0622434
   4.7250000    0.0000122    0.0518214    0.0105672    0.0243658    0.0457045    0.0578266
   4.7375000    0.0000112    0.0475780    0.0097099    0.0224363    0.0421691    0.0534925
   4.7500000    0.0000102    0.0434949    0.0088835    0.0205683    0.0387316    0.0492538
   4.7625000    0.0000092    0.0395758    0.0080891    0.0187649    0.0353994    0.0451224
   4.7750000    0.0000084    0.0358244    0.0073275    0.0170292    0.0321800    0.0411103
   4.7875000    0.0000075    0.0322441    0.0065996    0.0153640    0.0290804    0.0372290
   4.8000000    0.0000067    0.0288382    0.0059063    0.0137722    0.0261074    0.0334895
   4.8125000    0.0000059    0.0256099    0.0052482    0.0122566    0.0232676    0.0299025
   4.8250000    0.0000052    0.0225621    0.0046262    0.0108195    0.0205672    0.0264785
   4.8375000    0.0000046    0.0196976    0.0040410    0.0094635    0.0180122    0.0232271
   4.8500000    0.0000039    0.0170192    0.0034932    0.0081909    0.0156082    0.0201576
   4.8625000    0.0000034    0.0145292    0.0029835    0.0070037    0.0133605    0.0172789
   4.8750000    0.0000028    0.0122299    0.0025124    0.0059041    0.0112739    0.0145992
   4.8875000    0.0000023    0.0101235    0.0020804    0.0048938    0.0093532    0.0121261
   4.9000000    0.0000019    0.0082118    0.0016882    0.0039745    0.0076024    0.0098668
   4.9125000    0.0000015    0.0064967    0.0013360    0.0031478    0.0060255    0.0078276
   4.9250000    0.0000011    0.0049797    0.0010243    0.0024151    0.0046259    0.0060145
   4.9375000    0.0000008    0.0036621    0.0007535    0.0017776    0.0034067    0.0044325
   4.9500000    0.0000006    0.0025452    0.0005238    0.0012363    0.0023705    0.0030861
   4.9625000    0.0000004    0.0016301    0.0003355    0.0007922    0.0015196    0.0019794
   4.9750000    0.0000002    0.0009174    0.0001888    0.0004461    0.0008559    0.0011152
   4.9875000    0.0000001    0.0004079    0.0000840    0.0001984    0.0003807    0.0004962
   5.0000000    0.0000000    0.0001020    0.0000210    0.0000496    0.0000952    0.0001242
