# N=  800    0.53017181   1.89977023   3.72762480   5.82184654   8.12990348  10.61747894
  -4.9875000    0.0000000    0.0000000    0.0000000    0.0000000    0.0000000    0.0000000
  -4.9750000    0.0000000    0.0000000    0.0000000    0.0000000    0.0000000    0.0000000
  -4.9625000    0.0000000    0.0000000    0.0000000    0.0000000    0.0000000    0.0000000
  -4.9500000    0.0000000    0.0000000    0.0000000    0.0000000    0.0000000    0.0000000
  -4.9375000    0.0000000    0.0000000    0.0000000    0.0000000    0.0000000    0.0000000
  -4.9250000    0.0000000    0.0000000    0.0000000    0.0000000    0.0000000    0.0000000
  -4.9125000    0.0000000    0.0000000    0.0000000    0.0000000    0.0000000    0.0000000
  -4.9000000    0.0000000    0.0000000    0.0000000    0.0000000    0.0000000    0.0000000
  -4.8875000    0.0000000    0.0000000    0.0000000    0.0000000    0.0000000    0.0000000
  -4.8750000    0.0000000    0.0000000    0.0000000    0.0000000    0.0000000    0.0000000
  -4.8625000    0.0000000    0.0000000    0.0000000    0.0000000    0.0000000    0.0000000
  -4.8500000    0.0000000    0.0000000    0.0000000    0.0000000    0.0000000    0.0000000
  -4.8375000    0.0000000    0.0000000    0.0000000    0.0000000    0.0000000    0.0000000
  -4.8250000    0.0000000    0.0000000    0.0000000    0.0000000    0.0000000    0.0000000
  -4.8125000    0.0000000    0.0000000    0.0000000    0.0000000    0.0000000    0.0000000
  -4.8000000    0.0000000    0.0000000    0.0000000    0.0000000    0.0000000    0.0000000
  -4.7875000    0.0000000    0.0000000    0.0000000    0.0000000    0.0000000    0.0000000
  -4.7750000    0.0000000    0.0000000    0.0000000    0.0000000    0.0000000    0.0000000
  -4.7625000    0.0000000    0.0000000    0.0000000    0.0000000    0.0000000    0.0000000
  -4.7500000    0.0000000    0.0000000    0.0000000    0.0000000    0.0000000    0.0000000
  -4.7375000    0.0000000    0.0000000    0.0000000    0.0000000    0.0000000    0.0000000
  -4.7250000    0.0000000    0.0000000    0.0000000    0.0000000    0.0000000    0.0000000
  -4.7125000    0.0000000    0.0000000    0.0000000    0.0000000    0.0000000    0.0000000
  -4.7000000    0.0000000    0.0000000    0.0000000    0.0000000    0.0000000    0.0000000
  -4.6875000    0.0000000    0.0000000    0.0000000    0.0000000    0.0000000    0.0000000
  -4.6750000    0.0000000    0.0000000    0.0000000    0.0000000    0.0000000    0.0000000
  -4.6625000    0.0000000    0.0000000    0.0000000    0.0000000    0.0000000    0.0000000
  -4.6500000    0.0000000    0.0000000    0.0000000    0.0000000    0.0000000    0.0000000
  -4.6375000    0.0000000    0.0000000    0.0000000    0.0000000    0.0000000    0.0000000
  -4.6250000    0.0000000    0.0000000    0.0000000    0.0000000    0.0000000    0.0000000
  -4.6125000    0.0000000    0.0000000    0.0000000    0.0000000    0.0000000    0.0000000
  -4.6000000    0.0000000    0.0000000    0.0000000    0.0000000    0.0000000    0.0000000
  -4.5875000    0.0000000    0.0000000    0.0000000    0.0000000    0.0000000    0.0000000
  -4.5750000    0.0000000    0.0000000    0.0000000    0.0000000    0.0000000    0.0000000
  -4.5625000    0.0000000    0.0000000    0.0000000    0.0000000    0.0000000    0.0000000
  -4.5500000    0.0000000    0.0000000    0.0000000    0.0000000    0.0000000    0.0000000
  -4.5375000    0.0000000    0.0000000    0.0000000    0.0000000    0.0000000    0.0000000
  -4.5250000    0.0000000    0.0000000    0.0000000    0.0000000    0.0000000    0.0000000
  -4.5125000    0.0000000    0.0000000    0.0000000    0.0000000    0.0000000    0.0000000
  -4.5000000    0.0000000    0.0000000    0.0000000    0.0000000    0.0000000    0.0000000
  -4.4875000    0.0000000    0.0000000    0.0000000    0.0000000    0.0000000    0.0000000
  -4.4750000    0.0000000    0.0000000    0.0000000    0.0000000    0.0000000    0.0000000
  -4.4625000    0.0000000    0.0000000    0.0000000    0.0000000    0.0000000    0.0000000
  -4.4500000    0.0000000    0.0000000    0.0000000    0.0000000    0.0000000    0.0000000
  -4.4375000    0.0000000    0.0000000    0.0000000    0.0000000    0.0000000    0.0000000
  -4.4250000    0.0000000    0.0000000    0.0000000    0.0000000    0.0000000    0.0000000
  -4.4125000    0.0000000    0.0000000    0.0000000    0.0000000    0.0000000    0.0000000
  -4.4000000    0.0000000    0.0000000    0.0000000    0.0000000    0.0000000    0.0000000
  -4.3875000    0.0000000    0.0000000    0.0000000    0.0000000    0.0000000    0.0000000
  -4.3750000    0.0000000    0.0000000    0.0000000    0.0000000    0.0000000    0.0000000
  -4.3625000    0.0000000    0.0000000    0.0000000    0.0000000    0.0000000    0.0000000
  -4.3500000    0.0000000    0.0000000    0.0000000    0.0000000    0.0000000    0.0000000
  -4.3375000    0.0000000    0.0000000    0.0000000    0.0000000    0.0000000    0.0000000
  -4.3250000    0.0000000    0.0000000    0.0000000    0.0000000    0.0000000    0.0000000
  -4.3125000    0.0000000    0.0000000    0.0000000    0.0000000    0.0000000    0.0000000
  -4.3000000    0.0000000    0.0000000    0.0000000    0.0000000    0.0000000    0.0000000
  -4.2875000    0.0000000    0.0000000    0.0000000    0.0000000    0.0000000    0.0000000
  -4.2750000    0.0000000    0.0000000    0.0000000    0.0000000    0.0000000    0.0000000
  -4.2625000    0.0000000    0.0000000    0.0000000    0.0000000    0.0000000    0.0000000
  -4.2500000    0.0000000    0.0000000    0.0000000    0.0000000    0.0000000    0.0000000
  -4.2375000    0.0000000    0.0000000    0.0000000    0.0000000    0.0000000    0.0000000
  -4.2250000    0.0000000    0.0000000    0.0000000    0.0000000    0.0000000    0.0000000
  -4.2125000    0.0000000    0.0000000    0.0000000    0.0000000    0.0000000    0.0000000
  -4.2000000    0.0000000    0.0000000    0.0000000    0.0000000    0.0000000    0.0000000
  -4.1875000    0.0000000    0.0000000    0.0000000    0.0000000    0.0000000    0.0000000
  -4.1750000    0.0000000    0.0000000    0.0000000    0.0000000    0.0000000    0.0000000
  -4.1625000    0.0000000    0.0000000    0.0000000    0.0000000    0.0000000    0.0000000
  -4.1500000    0.0000000    0.0000000    0.0000000    0.0000000    0.0000000    0.0000000
  -4.1375000    0.0000000    0.0000000    0.0000000    0.0000000    0.0000000    0.0000000
  -4.1250000    0.0000000    0.0000000    0.0000000    0.0000000    0.0000000    0.0000000
  -4.1125000    0.0000000    0.0000000    0.0000000    0.0000000    0.0000000    0.0000000
  -4.1000000    0.0000000    0.0000000    0.0000000    0.0000000    0.0000000    0.0000000
  -4.0875000    0.0000000    0.0000000    0.0000000    0.0000000    0.0000000    0.0000000
  -4.0750000    0.0000000    0.0000000    0.0000000    0.0000000    0.0000000    0.0000000
  -4.0625000    0.0000000    0.0000000    0.0000000    0.0000000    0.0000000    0.0000000
  -4.0500000    0.0000000    0.0000000    0.0000000    0.0000000    0.0000000    0.0000000
  -4.0375000    0.0000000    0.0000000    0.0000000    0.0000000    0.0000000    0.0000000
  -4.0250000    0.0000000    0.0000000    0.0000000    0.0000000    0.0000000    0.0000000
  -4.0125000    0.0000000    0.0000000    0.0000000    0.0000000    0.0000000    0.0000000
  -4.0000000    0.0000000    0.0000000    0.0000000    0.0000000    0.0000000    0.0000000
  -3.9875000    0.0000000    0.0000000    0.0000000    0.0000000    0.0000000    0.0000000
  -3.9750000    0.0000000    0.0000000    0.0000000    0.0000000    0.0000000    0.0000000
  -3.9625000    0.0000000    0.0000000    0.0000000    0.0000000    0.0000000    0.0000000
  -3.9500000    0.0000000    0.0000000    0.0000000    0.0000000    0.0000000    0.0000000
  -3.9375000    0.0000000    0.0000000    0.0000000    0.0000000    0.0000000    0.0000000
  -3.9250000    0.0000000    0.0000000    0.0000000    0.0000000    0.0000000    0.0000000
  -3.9125000    0.0000000    0.0000000    0.0000000    0.0000000    0.0000000    0.0000000
  -3.9000000    0.0000000    0.0000000    0.0000000    0.0000000    0.0000000    0.0000000
  -3.8875000    0.0000000    0.0000000    0.0000000    0.0000000    0.0000000    0.0000000
  -3.8750000    0.0000000    0.0000000    0.0000000    0.0000000    0.0000000    0.0000000
  -3.8625000    0.0000000    0.0000000    0.0000000    0.0000000    0.0000000    0.0000000
  -3.8500000    0.0000000    0.0000000    0.0000000    0.0000000    0.0000000    0.0000000
  -3.8375000    0.0000000    0.0000000    0.0000000    0.0000000    0.0000000    0.0000000
  -3.8250000    0.0000000    0.0000000    0.0000000    0.0000000    0.0000000    0.0000000
  -3.8125000    0.0000000    0.0000000    0.0000000    0.0000000    0.0000000    0.0000000
  -3.8000000    0.0000000    0.0000000    0.0000000    0.0000000    0.0000000    0.0000000
  -3.7875000    0.0000000    0.0000000    0.0000000    0.0000000    0.0000000    0.0000000
  -3.7750000    0.0000000    0.0000000    0.0000000    0.0000000    0.0000000    0.0000000
  -3.7625000    0.0000000    0.0000000    0.0000000    0.0000000    0.0000000    0.0000000
  -3.7500000    0.0000000    0.0000000    0.0000000    0.0000000    0.0000000    0.0000000
  -3.7375000    0.0000000    0.0000000    0.0000000    0.0000000    0.0000000    0.0000000
  -3.7250000    0.0000000    0.0000000    0.0000000    0.0000000    0.0000000    0.0000000
  -3.7125000    0.0000000    0.0000000    0.0000000    0.0000000    0.0000000    0.0000000
  -3.7000000    0.0000000    0.0000000    0.0000000    0.0000000    0.0000000    0.0000000
  -3.6875000    0.0000000    0.0000000    0.0000000    0.0000000    0.0000000    0.0000000
  -3.6750000    0.0000000    0.0000000    0.0000000    0.0000000    0.0000000    0.0000000
  -3.6625000    0.0000000    0.0000000    0.0000000    0.0000000    0.0000000    0.0000000
  -3.6500000    0.0000000    0.0000000    0.0000000    0.0000000    0.0000000    0.0000000
  -3.6375000    0.0000000    0.0000000    0.0000000    0.0000000    0.0000000    0.0000000
  -3.6250000    0.0000000    0.0000000    0.0000000    0.0000000    0.0000000    0.0000000
  -3.6125000    0.0000000    0.0000000    0.0000000    0.0000000    0.0000000    0.0000000
  -3.6000000    0.0000000    0.0000000    0.0000000    0.0000000    0.0000000    0.0000000
  -3.5875000    0.0000000    0.0000000    0.0000000    0.0000000    0.0000000    0.0000000
  -3.5750000    0.0000000    0.0000000    0.0000000    0.0000000    0.0000000    0.0000000
  -3.5625000    0.0000000    0.0000000    0.0000000    0.0000000    0.0000000    0.0000000
  -3.5500000    0.0000000    0.0000000    0.0000000    0.0000000    0.0000000    0.0000000
  -3.5375000    0.0000000    0.0000000    0.0000000    0.0000000    0.0000000    0.0000000
  -3.5250000    0.0000000    0.0000000    0.0000000    0.0000000    0.0000000    0.0000000
  -3.5125000    0.0000000    0.0000000    0.0000000    0.0000000    0.0000000    0.0000000
  -3.5000000    0.0000000    0.0000000    0.0000000    0.0000000    0.0000000    0.0000000
  -3.4875000    0.0000000    0.0000000    0.0000000    0.0000000    0.0000000    0.0000000
  -3.4750000    0.0000000    0.0000000    0.0000000    0.0000000    0.0000000    0.0000000
  -3.4625000    0.0000000    0.0000000    0.0000000    0.0000000    0.0000000    0.0000000
  -3.4500000    0.0000000    0.0000000    0.0000000    0.0000000    0.0000000    0.0000000
  -3.4375000    0.0000000    0.0000000    0.0000000    0.0000000    0.0000000    0.0000000
  -3.4250000    0.0000000    0.0000000    0.0000000    0.0000000    0.0000000    0.0000000
  -3.4125000    0.0000000    0.0000000    0.0000000    0.0000000    0.0000000    0.0000000
  -3.4000000    0.0000000    0.0000000    0.0000000    0.0000000    0.0000000    0.0000000
  -3.3875000    0.0000000    0.0000000    0.0000000    0.0000000    0.0000000    0.0000000
  -3.3750000    0.0000000    0.0000000    0.0000000    0.0000000    0.0000000    0.0000000
  -3.3625000    0.0000000    0.0000000    0.0000000    0.0000000    0.0000000    0.0000000
  -3.3500000    0.0000000    0.0000000    0.0000000    0.0000000    0.0000000    0.0000000
  -3.3375000    0.0000000    0.0000000    0.0000000    0.0000000    0.0000000    0.0000000
  -3.3250000    0.0000000    0.0000000    0.0000000    0.0000000    0.0000000    0.0000000
  -3.3125000    0.0000000    0.0000000    0.0000000    0.0000000    0.0000000    0.0000001
  -3.3000000    0.0000000    0.0000000    0.0000000    0.0000000    0.0000000    0.0000001
  -3.2875000    0.0000000    0.0000000    0.0000000    0.0000000    0.0000000    0.0000001
  -3.2750000    0.0000000    0.0000000    0.0000000    0.0000000    0.0000000    0.0000001
  -3.2625000    0.0000000    0.0000000    0.0000000    0.0000000    0.0000000    0.0000002
  -3.2500000    0.0000000    0.0000000    0.0000000    0.0000000    0.0000000    0.0000002
  -3.2375000    0.0000000    0.0000000    0.0000000    0.0000000    0.0000001    0.0000003
  -3.2250000    0.0000000    0.0000000    0.0000000    0.0000000    0.0000001    0.0000004
  -3.2125000    0.0000000    0.0000000    0.0000000    0.0000000    0.0000001    0.0000004
  -3.2000000    0.0000000    0.0000000    0.0000000    0.0000000    0.0000001    0.0000006
  -3.1875000    0.0000000    0.0000000    0.0000000    0.0000000    0.0000001    0.0000007
  -3.1750000    0.0000000    0.0000000    0.0000000    0.0000000    0.0000002    0.0000009
  -3.1625000    0.0000000    0.0000000    0.0000000    0.0000000    0.0000002    0.0000012
  -3.1500000    0.0000000    0.0000000    0.0000000    0.0000000    0.0000003    0.0000014
  -3.1375000    0.0000000    0.0000000    0.0000000    0.0000001    0.0000004    0.0000018
  -3.1250000    0.0000000    0.0000000    0.0000000    0.0000001    0.0000005    0.0000023
  -3.1125000    0.0000000    0.0000000    0.0000000    0.0000001    0.0000006    0.0000029
  -3.1000000    0.0000000    0.0000000    0.0000000    0.0000001    0.0000007    0.0000036
  -3.0875000    0.0000000    0.0000000    0.0000000    0.0000002    0.0000009    0.0000044
  -3.0750000    0.0000000    0.0000000    0.0000000    0.0000002    0.0000011    0.0000055
  -3.0625000    0.0000000    0.0000000    0.0000000    0.0000003    0.0000014    0.0000068
  -3.0500000    0.0000000    0.0000000    0.0000000    0.0000003    0.0000018    0.0000085
  -3.0375000    0.0000000    0.0000000    0.0000001    0.0000004    0.0000022    0.0000105
  -3.0250000    0.0000000    0.0000000    0.0000001    0.0000005    0.0000027    0.0000129
  -3.0125000    0.0000000    0.0000000    0.0000001    0.0000006    0.0000034    0.0000158
  -3.0000000    0.0000000    0.0000000    0.0000001    0.0000008    0.0000042    0.0000194
  -2.9875000    0.0000000    0.0000000    0.0000002    0.0000010    0.0000052    0.0000238
  -2.9750000    0.0000000    0.0000000    0.0000002    0.0000012    0.0000064    0.0000291
  -2.9625000    0.0000000    0.0000000    0.0000002    0.0000015    0.0000078    0.0000355
  -2.9500000    0.0000000    0.0000000    0.0000003    0.0000018    0.0000096    0.0000432
  -2.9375000    0.0000000    0.0000000    0.0000004    0.0000023    0.0000117    0.0000525
  -2.9250000    0.0000000    0.0000001    0.0000005    0.0000028    0.0000143    0.0000636
  -2.9125000    0.0000000    0.0000001    0.0000006    0.0000034    0.0000174    0.0000769
  -2.9000000    0.0000000    0.0000001    0.0000007    0.0000042    0.0000212    0.0000928
  -2.8875000    0.0000000    0.0000001    0.0000008    0.0000051    0.0000258    0.0001118
  -2.8750000    0.0000000    0.0000001    0.0000010    0.0000062    0.0000312    0.0001344
  -2.8625000    0.0000000    0.0000002    0.0000013    0.0000076    0.0000377    0.0001613
  -2.8500000    0.0000000    0.0000002    0.0000016    0.0000092    0.0000455    0.0001931
  -2.8375000    0.0000000    0.0000003    0.0000019    0.0000112    0.0000549    0.0002307
  -2.8250000    0.0000000    0.0000003    0.0000023    0.0000136    0.0000659    0.0002751
  -2.8125000    0.0000000    0.0000004    0.0000028    0.0000164    0.0000791    0.0003273
  -2.8000000    0.0000000    0.0000005    0.0000034    0.0000198    0.0000948    0.0003887
  -2.7875000    0.0000001    0.0000006    0.0000042    0.0000238    0.0001132    0.0004607
  -2.7750000    0.0000001    0.0000007    0.0000050    0.0000286    0.0001351    0.0005449
  -2.7625000    0.0000001    0.0000009    0.0000061    0.0000343    0.0001608    0.0006431
  -2.7500000    0.0000001    0.0000010    0.0000073    0.0000411    0.0001911    0.0007576
  -2.7375000    0.0000001    0.0000012    0.0000088    0.0000491    0.0002266    0.0008906
  -2.7250000    0.0000001    0.0000015    0.0000106    0.0000586    0.0002683    0.0010449
  -2.7125000    0.0000002    0.0000018    0.0000127    0.0000698    0.0003169    0.0012235
  -2.7000000    0.0000002    0.0000022    0.0000152    0.0000830    0.0003737    0.0014297
  -2.6875000    0.0000003    0.0000026    0.0000182    0.0000985    0.0004398    0.0016673
  -2.6750000    0.0000003    0.0000032    0.0000217    0.0001166    0.0005167    0.0019405
  -2.6625000    0.0000004    0.0000038    0.0000258    0.0001379    0.0006058    0.0022539
  -2.6500000    0.0000005    0.0000045    0.0000307    0.0001627    0.0007090    0.0026128
  -2.6375000    0.0000005    0.0000054    0.0000365    0.0001917    0.0008281    0.0030228
  -2.6250000    0.0000007    0.0000065    0.0000432    0.0002254    0.0009655    0.0034902
  -2.6125000    0.0000008    0.0000077    0.0000511    0.0002646    0.0011235    0.0040218
  -2.6000000    0.0000009    0.0000091    0.0000603    0.0003101    0.0013050    0.0046252
  -2.5875000    0.0000011    0.0000108    0.0000711    0.0003626    0.0015129    0.0053086
  -2.5750000    0.0000013    0.0000128    0.0000836    0.0004234    0.0017507    0.0060808
  -2.5625000    0.0000016    0.0000152    0.0000983    0.0004935    0.0020221    0.0069516
  -2.5500000    0.0000019    0.0000179    0.0001152    0.0005742    0.0023313    0.0079313
  -2.5375000    0.0000022    0.0000211    0.0001349    0.0006669    0.0026827    0.0090312
  -2.5250000    0.0000026    0.0000248    0.0001577    0.0007731    0.0030814    0.0102632
  -2.5125000    0.0000031    0.0000292    0.0001840    0.0008948    0.0035328    0.0116402
  -2.5000000    0.0000036    0.0000342    0.0002143    0.0010338    0.0040428    0.0131758
  -2.4875000    0.0000043    0.0000400    0.0002492    0.0011924    0.0046180    0.0148844
  -2.4750000    0.0000050    0.0000468    0.0002894    0.0013729    0.0052653    0.0167812
  -2.4625000    0.0000059    0.0000547    0.0003354    0.0015779    0.0059923    0.0188823
  -2.4500000    0.0000069    0.0000637    0.0003882    0.0018105    0.0068071    0.0212043
  -2.4375000    0.0000081    0.0000742    0.0004486    0.0020739    0.0077187    0.0237646
  -2.4250000    0.0000094    0.0000862    0.0005174    0.0023714    0.0087362    0.0265811
  -2.4125000    0.0000110    0.0001000    0.0005959    0.0027071    0.0098699    0.0296723
  -2.4000000    0.0000128    0.0001158    0.0006852    0.0030849    0.0111303    0.0330571
  -2.3875000    0.0000149    0.0001340    0.0007866    0.0035096    0.0125288    0.0367547
  -2.3750000    0.0000173    0.0001547    0.0009016    0.0039860    0.0140772    0.0407843
  -2.3625000    0.0000200    0.0001784    0.0010318    0.0045194    0.0157883    0.0451653
  -2.3500000    0.0000232    0.0002055    0.0011789    0.0051155    0.0176752    0.0499168
  -2.3375000    0.0000268    0.0002362    0.0013448    0.0057806    0.0197516    0.0550576
  -2.3250000    0.0000309    0.0002712    0.0015317    0.0065212    0.0220318    0.0606057
  -2.3125000    0.0000357    0.0003109    0.0017419    0.0073444    0.0245306    0.0665785
  -2.3000000    0.0000411    0.0003558    0.0019778    0.0082577    0.0272632    0.0729923
  -2.2875000    0.0000472    0.0004067    0.0022421    0.0092691    0.0302452    0.0798620
  -2.2750000    0.0000542    0.0004642    0.0025379    0.0103872    0.0334924    0.0872007
  -2.2625000    0.0000621    0.0005290    0.0028682    0.0116208    0.0370210    0.0950198
  -2.2500000    0.0000711    0.0006019    0.0032366    0.0129795    0.0408469    0.1033284
  -2.2375000    0.0000813    0.0006840    0.0036468    0.0144731    0.0449864    0.1121330
  -2.2250000    0.0000928    0.0007762    0.0041026    0.0161120    0.0494554    0.1214370
  -2.2125000    0.0001058    0.0008795    0.0046084    0.0179070    0.0542693    0.1312410
  -2.2000000    0.0001205    0.0009951    0.0051688    0.0198693    0.0594435    0.1415416
  -2.1875000    0.0001370    0.0011244    0.0057886    0.0220106    0.0649923    0.1523319
  -2.1750000    0.0001556    0.0012687    0.0064729    0.0243427    0.0709295    0.1636005
  -2.1625000    0.0001765    0.0014295    0.0072274    0.0268780    0.0772676    0.1753316
  -2.1500000    0.0001999    0.0016084    0.0080577    0.0296290    0.0840181    0.1875049
  -2.1375000    0.0002261    0.0018072    0.0089702    0.0326083    0.0911909    0.2000947
  -2.1250000    0.0002553    0.0020278    0.0099711    0.0358289    0.0987943    0.2130703
  -2.1125000    0.0002881    0.0022723    0.0110675    0.0393037    0.1068347    0.2263956
  -2.1000000    0.0003245    0.0025427    0.0122663    0.0430455    0.1153164    0.2400289
  -2.0875000    0.0003652    0.0028415    0.0135751    0.0470671    0.1242412    0.2539229
  -2.0750000    0.0004104    0.0031710    0.0150016    0.0513811    0.1336086    0.2680246
  -2.0625000    0.0004605    0.0035341    0.0165539    0.0559998    0.1434149    0.2822756
  -2.0500000    0.0005162    0.0039335    0.0182404    0.0609349    0.1536536    0.2966118
  -2.0375000    0.0005779    0.0043722    0.0200696    0.0661978    0.1643148    0.3109638
  -2.0250000    0.0006462    0.0048534    0.0220504    0.0717990    0.1753853    0.3252571
  -2.0125000    0.0007216    0.0053805    0.0241920    0.0777484    0.1868481    0.3394125
  -2.0000000    0.0008048    0.0059570    0.0265035    0.0840548    0.1986824    0.3533463
  -1.9875000    0.0008966    0.0065867    0.0289945    0.0907259    0.2108635    0.3669712
  -1.9750000    0.0009976    0.0072736    0.0316744    0.0977682    0.2233624    0.3801961
  -1.9625000    0.0011086    0.0080218    0.0345530    0.1051868    0.2361461    0.3929277
  -1.9500000    0.0012305    0.0088355    0.0376398    0.1129854    0.2491775    0.4050705
  -1.9375000    0.0013642    0.0097195    0.0409446    0.1211658    0.2624148    0.4165278
  -1.9250000    0.0015106    0.0106783    0.0444769    0.1297279    0.2758125    0.4272028
  -1.9125000    0.0016707    0.0117169    0.0482461    0.1386698    0.2893204    0.4369991
  -1.9000000    0.0018457    0.0128404    0.0522615    0.1479873    0.3028847    0.4458221
  -1.8875000    0.0020366    0.0140540    0.0565321    0.1576740    0.3164474    0.4535799
  -1.8750000    0.0022447    0.0153632    0.0610665    0.1677211    0.3299468    0.4601841
  -1.8625000    0.0024712    0.0167737    0.0658729    0.1781172    0.3433178    0.4655515
  -1.8500000    0.0027175    0.0182911    0.0709592    0.1888481    0.3564922    0.4696045
  -1.8375000    0.0029850    0.0199214    0.0763326    0.1998972    0.3693989    0.4722727
  -1.8250000    0.0032751    0.0216706    0.0819995    0.2112447    0.3819644    0.4734941
  -1.8125000    0.0035894    0.0235448    0.0879659    0.2228682    0.3941133    0.4732156
  -1.8000000    0.0039295    0.0255504    0.0942366    0.2347420    0.4057689    0.4713946
  -1.7875000    0.0042971    0.0276936    0.1008159    0.2468378    0.4168535    0.4679998
  -1.7750000    0.0046939    0.0299807    0.1077069    0.2591241    0.4272890    0.4630120
  -1.7625000    0.0051219    0.0324183    0.1149115    0.2715663    0.4369979    0.4564248
  -1.7500000    0.0055829    0.0350126    0.1224307    0.2841272    0.4459035    0.4482458
  -1.7375000    0.0060789    0.0377702    0.1302641    0.2967665    0.4539311    0.4384967
  -1.7250000    0.0066119    0.0406975    0.1384099    0.3094413    0.4610081    0.4272136
  -1.7125000    0.0071841    0.0438006    0.1468651    0.3221058    0.4670655    0.4144481
  -1.7000000    0.0077977    0.0470858    0.1556250    0.3347120    0.4720378    0.4002665
  -1.6875000    0.0084549    0.0505592    0.1646836    0.3472094    0.4758645    0.3847502
  -1.6750000    0.0091581    0.0542267    0.1740330    0.3595454    0.4784905    0.3679956
  -1.6625000    0.0099096    0.0580939    0.1836637    0.3716658    0.4798668    0.3501134
  -1.6500000    0.0107119    0.0621665    0.1935646    0.3835145    0.4799513    0.3312281
  -1.6375000    0.0115676    0.0664496    0.2037228    0.3950342    0.4787097    0.3114773
  -1.6250000    0.0124791    0.0709480    0.2141234    0.4061667    0.4761155    0.2910108
  -1.6125000    0.0134491    0.0756664    0.2247499    0.4168531    0.4721514    0.2699889
  -1.6000000    0.0144802    0.0806090    0.2355838    0.4270341    0.4668092    0.2485819
  -1.5875000    0.0155752    0.0857795    0.2466047    0.4366509    0.4600907    0.2269679
  -1.5750000    0.0167368    0.0911812    0.2577906    0.4456449    0.4520076    0.2053315
  -1.5625000    0.0179678    0.0968169    0.2691174    0.4539585    0.4425825    0.1838618
  -1.5500000    0.0192709    0.1026889    0.2805594    0.4615357    0.4318485    0.1627505
  -1.5375000    0.0206490    0.1087990    0.2920890    0.4683221    0.4198495    0.1421903
  -1.5250000    0.0221049    0.1151481    0.3036769    0.4742658    0.4066404    0.1223721
  -1.5125000    0.0236415    0.1217368    0.3152923    0.4793176    0.3922869    0.1034832
  -1.5000000    0.0252615    0.1285649    0.3269028    0.4834313    0.3768653    0.0857052
  -1.4875000    0.0269678    0.1356313    0.3384744    0.4865646    0.3604620    0.0692118
  -1.4750000    0.0287633    0.1429345    0.3499719    0.4886792    0.3431736    0.0541662
  -1.4625000    0.0306507    0.1504720    0.3613589    0.4897414    0.3251058    0.0407198
  -1.4500000    0.0326328    0.1582406    0.3725978    0.4897224    0.3063730    0.0290093
  -1.4375000    0.0347124    0.1662361    0.3836503    0.4885986    0.2870977    0.0191555
  -1.4250000    0.0368920    0.1744538    0.3944769    0.4863522    0.2674095    0.0112612
  -1.4125000    0.0391744    0.1828877    0.4050379    0.4829712    0.2474440    0.0054097
  -1.4000000    0.0415621    0.1915314    0.4152929    0.4784503    0.2273420    0.0016633
  -1.3875000    0.0440577    0.2003771    0.4252015    0.4727902    0.2072483    0.0000625
  -1.3750000    0.0466634    0.2094166    0.4347230    0.4659989    0.1873103    0.0006246
  -1.3625000    0.0493818    0.2186405    0.4438171    0.4580908    0.1676773    0.0033435
  -1.3500000    0.0522149    0.2280385    0.4524438    0.4490878    0.1484984    0.0081889
  -1.3375000    0.0551650    0.2375994    0.4605637    0.4390186    0.1299217    0.0151065
  -1.3250000    0.0582340    0.2473113    0.4681381    0.4279191    0.1120929    0.0240183
  -1.3125000    0.0614239    0.2571612    0.4751296    0.4158324    0.0951535    0.0348227
  -1.3000000    0.0647364    0.2671353    0.4815019    0.4028085    0.0792398    0.0473960
  -1.2875000    0.0681732    0.2772189    0.4872202    0.3889041    0.0644816    0.0615926
  -1.2750000    0.0717357    0.2873966    0.4922516    0.3741826    0.0510004    0.0772473
  -1.2625000    0.0754254    0.2976519    0.4965651    0.3587140    0.0389086    0.0941767
  -1.2500000    0.0792433    0.3079679    0.5001317    0.3425739    0.0283080    0.1121807
  -1.2375000    0.0831905    0.3183268    0.5029249    0.3258438    0.0192887    0.1310455
  -1.2250000    0.0872678    0.3287099    0.5049209    0.3086104    0.0119281    0.1505454
  -1.2125000    0.0914760    0.3390982    0.5060985    0.2909650    0.0062898    0.1704457
  -1.2000000    0.0958154    0.3494719    0.5064396    0.2730033    0.0024233    0.1905053
  -1.1875000    0.1002865    0.3598106    0.5059292    0.2548243    0.0003624    0.2104798
  -1.1750000    0.1048892    0.3700934    0.5045555    0.2365303    0.0001254    0.2301244
  -1.1625000    0.1096236    0.3802991    0.5023104    0.2182258    0.0017145    0.2491967
  -1.1500000    0.1144893    0.3904059    0.4991890    0.2000169    0.0051152    0.2674601
  -1.1375000    0.1194857    0.4003920    0.4951903    0.1820106    0.0102969    0.2846865
  -1.1250000    0.1246123    0.4102349    0.4903172    0.1643143    0.0172122    0.3006594
  -1.1125000    0.1298682    0.4199122    0.4845761    0.1470347    0.0257976    0.3151768
  -1.1000000    0.1352521    0.4294013    0.4779775    0.1302770    0.0359738    0.3280536
  -1.0875000    0.1407627    0.4386797    0.4705359    0.1141447    0.0476464    0.3391244
  -1.0750000    0.1463986    0.4477247    0.4622695    0.0987382    0.0607063    0.3482453
  -1.0625000    0.1521579    0.4565138    0.4532006    0.0841542    0.0750311    0.3552965
  -1.0500000    0.1580387    0.4650246    0.4433553    0.0704852    0.0904856    0.3601835
  -1.0375000    0.1640388    0.4732352    0.4327636    0.0578186    0.1069233    0.3628387
  -1.0250000    0.1701558    0.4811238    0.4214592    0.0462360    0.1241877    0.3632226
  -1.0125000    0.1763872    0.4886690    0.4094794    0.0358125    0.1421136    0.3613239
  -1.0000000    0.1827300    0.4958500    0.3968652    0.0266163    0.1605290    0.3571608
  -0.9875000    0.1891814    0.5026465    0.3836607    0.0187080    0.1792561    0.3507800
  -0.9750000    0.1957382    0.5090390    0.3699135    0.0121397    0.1981136    0.3422569
  -0.9625000    0.2023969    0.5150083    0.3556741    0.0069554    0.2169180    0.3316944
  -0.9500000    0.2091540    0.5205364    0.3409959    0.0031896    0.2354859    0.3192221
  -0.9375000    0.2160057    0.5256060    0.3259347    0.0008678    0.2536351    0.3049943
  -0.9250000    0.2229481    0.5302007    0.3105489    0.0000057    0.2711873    0.2891887
  -0.9125000    0.2299771    0.5343051    0.2948990    0.0006091    0.2879690    0.2720036
  -0.9000000    0.2370883    0.5379047    0.2790471    0.0026739    0.3038139    0.2536560
  -0.8875000    0.2442775    0.5409865    0.2630572    0.0061859    0.3185644    0.2343783
  -0.8750000    0.2515399    0.5435381    0.2469942    0.0111209    0.3320729    0.2144159
  -0.8625000    0.2588709    0.5455488    0.2309244    0.0174448    0.3442041    0.1940234
  -0.8500000    0.2662657    0.5470089    0.2149142    0.0251137    0.3548355    0.1734620
  -0.8375000    0.2737191    0.5479101    0.1990308    0.0340742    0.3638593    0.1529957
  -0.8250000    0.2812261    0.5482454    0.1833412    0.0442635    0.3711833    0.1328878
  -0.8125000    0.2887815    0.5480092    0.1679121    0.0556104    0.3767321    0.1133978
  -0.8000000    0.2963800    0.5471973    0.1528094    0.0680351    0.3804476    0.0947775
  -0.7875000    0.3040161    0.5458068    0.1380983    0.0814498    0.3822901    0.0772681
  -0.7750000    0.3116843    0.5438366    0.1238425    0.0957598    0.3822382    0.0610969
  -0.7625000    0.3193791    0.5412867    0.1101040    0.1108637    0.3802897    0.0464738
  -0.7500000    0.3270947    0.5381588    0.0969432    0.1266542    0.3764612    0.0335894
  -0.7375000    0.3348254    0.5344561    0.0844178    0.1430187    0.3707883    0.0226115
  -0.7250000    0.3425655    0.5301832    0.0725832    0.1598407    0.3633251    0.0136835
  -0.7125000    0.3503092    0.5253461    0.0614920    0.1769996    0.3541439    0.0069220
  -0.7000000    0.3580506    0.5199526    0.0511937    0.1943727    0.3433341    0.0024155
  -0.6875000    0.3657839    0.5140118    0.0417341    0.2118353    0.3310022    0.0002231
  -0.6750000    0.3735030    0.5075341    0.0331559    0.2292617    0.3172697    0.0003734
  -0.6625000    0.3812023    0.5005316    0.0254977    0.2465265    0.3022727    0.0028646
  -0.6500000    0.3888756    0.4930176    0.0187939    0.2635052    0.2861601    0.0076638
  -0.6375000    0.3965172    0.4850070    0.0130750    0.2800750    0.2690925    0.0147080
  -0.6250000    0.4041212    0.4765158    0.0083669    0.2961162    0.2512402    0.0239044
  -0.6125000    0.4116817    0.4675615    0.0046910    0.3115124    0.2327818    0.0351320
  -0.6000000    0.4191928    0.4581628    0.0020642    0.3261520    0.2139020    0.0482427
  -0.5875000    0.4266488    0.4483396    0.0004983    0.3399286    0.1947902    0.0630637
  -0.5750000    0.4340440    0.4381129    0.0000007    0.3527420    0.1756385    0.0793994
  -0.5625000    0.4413727    0.4275050    0.0005734    0.3644988    0.1566394    0.0970342
  -0.5500000    0.4486291    0.4165391    0.0022140    0.3751133    0.1379840    0.1157349
  -0.5375000    0.4558078    0.4052395    0.0049149    0.3845079    0.1198605    0.1352546
  -0.5250000    0.4629032    0.3936313    0.0086636    0.3926137    0.1024514    0.1553351
  -0.5125000    0.4699100    0.3817407    0.0134428    0.3993715    0.0859326    0.1757108
  -0.5000000    0.4768227    0.3695943    0.0192304    0.4047313    0.0704707    0.1961120
  -0.4875000    0.4836362    0.3572199    0.0259998    0.4086537    0.0562221    0.2162687
  -0.4750000    0.4903452    0.3446456    0.0337196    0.4111095    0.0433308    0.2359139
  -0.4625000    0.4969447    0.3319003    0.0423540    0.4120802    0.0319272    0.2547875
  -0.4500000    0.5034297    0.3190132    0.0518630    0.4115581    0.0221267    0.2726392
  -0.4375000    0.5097953    0.3060143    0.0622025    0.4095464    0.0140285    0.2892324
  -0.4250000    0.5160369    0.2929336    0.0733245    0.4060591    0.0077147    0.3043472
  -0.4125000    0.5221497    0.2798015    0.0851774    0.4011210    0.0032493    0.3177830
  -0.4000000    0.5281292    0.2666485    0.0977061    0.3947675    0.0006774    0.3293616
  -0.3875000    0.5339711    0.2535055    0.1108523    0.3870442    0.0000252    0.3389293
  -0.3750000    0.5396709    0.2404032    0.1245549    0.3780068    0.0012992    0.3463591
  -0.3625000    0.5452247    0.2273722    0.1387501    0.3677207    0.0044866    0.3515521
  -0.3500000    0.5506282    0.2144433    0.1533720    0.3562602    0.0095551    0.3544395
  -0.3375000    0.5558776    0.2016467    0.1683523    0.3437083    0.0164531    0.3549825
  -0.3250000    0.5609692    0.1890128    0.1836214    0.3301560    0.0251107    0.3531739
  -0.3125000    0.5658992    0.1765712    0.1991082    0.3157016    0.0354400    0.3490374
  -0.3000000    0.5706642    0.1643513    0.2147405    0.3004500    0.0473362    0.3426276
  -0.2875000    0.5752607    0.1523819    0.2304455    0.2845118    0.0606785    0.3340294
  -0.2750000    0.5796856    0.1406915    0.2461500    0.2680029    0.0753313    0.3233565
  -0.2625000    0.5839356    0.1293076    0.2617809    0.2510432    0.0911461    0.3107505
  -0.2500000    0.5880078    0.1182572    0.2772653    0.2337558    0.1079621    0.2963782
  -0.2375000    0.5918994    0.1075665    0.2925310    0.2162665    0.1256086    0.2804302
  -0.2250000    0.5956077    0.0972608    0.3075069    0.1987023    0.1439064    0.2631178
  -0.2125000    0.5991301    0.0873646    0.3221233    0.1811910    0.1626696    0.2446706
  -0.2000000    0.6024641    0.0779012    0.3363119    0.1638598    0.1817078    0.2253331
  -0.1875000    0.6056075    0.0688932    0.3500068    0.1468348    0.2008275    0.2053617
  -0.1750000    0.6085582    0.0603619    0.3631440    0.1302398    0.2198346    0.1850212
  -0.1625000    0.6113141    0.0523276    0.3756623    0.1141955    0.2385361    0.1645812
  -0.1500000    0.6138734    0.0448094    0.3875035    0.0988185    0.2567419    0.1443128
  -0.1375000    0.6162342    0.0378250    0.3986123    0.0842208    0.2742673    0.1244848
  -0.1250000    0.6183951    0.0313911    0.4089369    0.0705085    0.2909341    0.1053601
  -0.1125000    0.6203546    0.0255229    0.4184293    0.0577813    0.3065731    0.0871923
  -0.1000000    0.6221114    0.0202344    0.4270453    0.0461317    0.3210256    0.0702223
  -0.0875000    0.6236642    0.0155381    0.4347446    0.0356447    0.3341446    0.0546751
  -0.0750000    0.6250121    0.0114452    0.4414915    0.0263963    0.3457971    0.0407569
  -0.0625000    0.6261541    0.0079654    0.4472545    0.0184539    0.3558645    0.0286523
  -0.0500000    0.6270896    0.0051070    0.4520067    0.0118753    0.3642447    0.0185218
  -0.0375000    0.6278178    0.0028767    0.4557260    0.0067083    0.3708526    0.0104998
  -0.0250000    0.6283382    0.0012798    0.4583951    0.0029905    0.3756211    0.0046925
  -0.0125000    0.6286507    0.0003201    0.4600016    0.0007490    0.3785017    0.0011770
   0.0000000    0.6287548    0.0000000    0.4605379    0.0000000    0.3794651    0.0000000
   0.0125000    0.6286507    0.0003201    0.4600016    0.0007490    0.3785017    0.0011770
   0.0250000    0.6283382    0.0012798    0.4583951    0.0029905    0.3756211    0.0046925
   0.0375000    0.6278178    0.0028767    0.4557260    0.0067083    0.3708526    0.0104998
   0.0500000    0.6270896    0.0051070    0.4520067    0.0118753    0.3642447    0.0185218
   0.0625000    0.6261541    0.0079654    0.4472545    0.0184539    0.3558645    0.0286523
   0.0750000    0.6250121    0.0114452    0.4414915    0.0263963    0.3457971    0.0407569
   0.0875000    0.6236642    0.0155381    0.4347446    0.0356447    0.3341446    0.0546751
   0.1000000    0.6221114    0.0202344    0.4270453    0.0461317    0.3210256    0.0702223
   0.1125000    0.6203546    0.0255229    0.4184293    0.0577813    0.3065731    0.0871923
   0.1250000    0.6183951    0.0313911    0.4089369    0.0705085    0.2909341    0.1053601
   0.1375000    0.6162342    0.0378250    0.3986123    0.0842208    0.2742673    0.1244848
   0.1500000    0.6138734    0.0448094    0.3875035    0.0988185    0.2567419    0.1443128
   0.1625000    0.6113141    0.0523276    0.3756623    0.1141955    0.2385361    0.1645812
   0.1750000    0.6085582    0.0603619    0.3631440    0.1302398    0.2198346    0.1850212
   0.1875000    0.6056075    0.0688932    0.3500068    0.1468348    0.2008275    0.2053617
   0.2000000    0.6024641    0.0779012    0.3363119    0.1638598    0.1817078    0.2253331
   0.2125000    0.5991301    0.0873646    0.3221233    0.1811910    0.1626696    0.2446706
   0.2250000    0.5956077    0.0972608    0.3075069    0.1987023    0.1439064    0.2631178
   0.2375000    0.5918994    0.1075665    0.2925310    0.2162665    0.1256086    0.2804302
   0.2500000    0.5880078    0.1182572    0.2772653    0.2337558    0.1079621    0.2963782
   0.2625000    0.5839356    0.1293076    0.2617809    0.2510432    0.0911461    0.3107505
   0.2750000    0.5796856    0.1406915    0.2461500    0.2680029    0.0753313    0.3233565
   0.2875000    0.5752607    0.1523819    0.2304455    0.2845118    0.0606785    0.3340294
   0.3000000    0.5706642    0.1643513    0.2147405    0.3004500    0.0473362    0.3426276
   0.3125000    0.5658992    0.1765712    0.1991082    0.3157016    0.0354400    0.3490374
   0.3250000    0.5609692    0.1890128    0.1836214    0.3301560    0.0251107    0.3531739
   0.3375000    0.5558776    0.2016467    0.1683523    0.3437083    0.0164531    0.3549825
   0.3500000    0.5506282    0.2144433    0.1533720    0.3562602    0.0095551    0.3544395
   0.3625000    0.5452247    0.2273722    0.1387501    0.3677207    0.0044866    0.3515521
   0.3750000    0.5396709    0.2404032    0.1245549    0.3780068    0.0012992    0.3463591
   0.3875000    0.5339711    0.2535055    0.1108523    0.3870442    0.0000252    0.3389293
   0.4000000    0.5281292    0.2666485    0.0977061    0.3947675    0.0006774    0.3293616
   0.4125000    0.5221497    0.2798015    0.0851774    0.4011210    0.0032493    0.3177830
   0.4250000    0.5160369    0.2929336    0.0733245    0.4060591    0.0077147    0.3043472
   0.4375000    0.5097953    0.3060143    0.0622025    0.4095464    0.0140285    0.2892324
   0.4500000    0.5034297    0.3190132    0.0518630    0.4115581    0.0221267    0.2726392
   0.4625000    0.4969447    0.3319003    0.0423540    0.4120802    0.0319272    0.2547875
   0.4750000    0.4903452    0.3446456    0.0337196    0.4111095    0.0433308    0.2359139
   0.4875000    0.4836362    0.3572199    0.0259998    0.4086537    0.0562221    0.2162687
   0.5000000    0.4768227    0.3695943    0.0192304    0.4047313    0.0704707    0.1961120
   0.5125000    0.4699100    0.3817407    0.0134428    0.3993715    0.0859326    0.1757108
   0.5250000    0.4629032    0.3936313    0.0086636    0.3926137    0.1024514    0.1553351
   0.5375000    0.4558078    0.4052395    0.0049149    0.3845079    0.1198605    0.1352546
   0.5500000    0.4486291    0.4165391    0.0022140    0.3751133    0.1379840    0.1157349
   0.5625000    0.4413727    0.4275050    0.0005734    0.3644988    0.1566394    0.0970342
   0.5750000    0.4340440    0.4381129    0.0000007    0.3527420    0.1756385    0.0793994
   0.5875000    0.4266488    0.4483396    0.0004983    0.3399286    0.1947902    0.0630637
   0.6000000    0.4191928    0.4581628    0.0020642    0.3261520    0.2139020    0.0482427
   0.6125000    0.4116817    0.4675615    0.0046910    0.3115124    0.2327818    0.0351320
   0.6250000    0.4041212    0.4765158    0.0083669    0.2961162    0.2512402    0.0239044
   0.6375000    0.3965172    0.4850070    0.0130750    0.2800750    0.2690925    0.0147080
   0.6500000    0.3888756    0.4930176    0.0187939    0.2635052    0.2861601    0.0076638
   0.6625000    0.3812023    0.5005316    0.0254977    0.2465265    0.3022727    0.0028646
   0.6750000    0.3735030    0.5075341    0.0331559    0.2292617    0.3172697    0.0003734
   0.6875000    0.3657839    0.5140118    0.0417341    0.2118353    0.3310022    0.0002231
   0.7000000    0.3580506    0.5199526    0.0511937    0.1943727    0.3433341    0.0024155
   0.7125000    0.3503092    0.5253461    0.0614920    0.1769996    0.3541439    0.0069220
   0.7250000    0.3425655    0.5301832    0.0725832    0.1598407    0.3633251    0.0136835
   0.7375000    0.3348254    0.5344561    0.0844178    0.1430187    0.3707883    0.0226115
   0.7500000    0.3270947    0.5381588    0.0969432    0.1266542    0.3764612    0.0335894
   0.7625000    0.3193791    0.5412867    0.1101040    0.1108637    0.3802897    0.0464738
   0.7750000    0.3116843    0.5438366    0.1238425    0.0957598    0.3822382    0.0610969
   0.7875000    0.3040161    0.5458068    0.1380983    0.0814498    0.3822901    0.0772681
   0.8000000    0.2963800    0.5471973    0.1528094    0.0680351    0.3804476    0.0947775
   0.8125000    0.2887815    0.5480092    0.1679121    0.0556104    0.3767321    0.1133978
   0.8250000    0.2812261    0.5482454    0.1833412    0.0442635    0.3711833    0.1328878
   0.8375000    0.2737191    0.5479101    0.1990308    0.0340742    0.3638593    0.1529957
   0.8500000    0.2662657    0.5470089    0.2149142    0.0251137    0.3548355    0.1734620
   0.8625000    0.2588709    0.5455488    0.2309244    0.0174448    0.3442041    0.1940234
   0.8750000    0.2515399    0.5435381    0.2469942    0.0111209    0.3320729    0.2144159
   0.8875000    0.2442775    0.5409865    0.2630572    0.0061859    0.3185644    0.2343783
   0.9000000    0.2370883    0.5379047    0.2790471    0.0026739    0.3038139    0.2536560
   0.9125000    0.2299771    0.5343051    0.2948990    0.0006091    0.2879690    0.2720036
   0.9250000    0.2229481    0.5302007    0.3105489    0.0000057    0.2711873    0.2891887
   0.9375000    0.2160057    0.5256060    0.3259347    0.0008678    0.2536351    0.3049943
   0.9500000    0.2091540    0.5205364    0.3409959    0.0031896    0.2354859    0.3192221
   0.9625000    0.2023969    0.5150083    0.3556741    0.0069554    0.2169180    0.3316944
   0.9750000    0.1957382    0.5090390    0.3699135    0.0121397    0.1981136    0.3422569
   0.9875000    0.1891814    0.5026465    0.3836607    0.0187080    0.1792561    0.3507800
   1.0000000    0.1827300    0.4958500    0.3968652    0.0266163    0.1605290    0.3571608
   1.0125000    0.1763872    0.4886690    0.4094794    0.0358125    0.1421136    0.3613239
   1.0250000    0.1701558    0.4811238    0.4214592    0.0462360    0.1241877    0.3632226
   1.0375000    0.1640388    0.4732352    0.4327636    0.0578186    0.1069233    0.3628387
   1.0500000    0.1580387    0.4650246    0.4433553    0.0704852    0.0904856    0.3601835
   1.0625000    0.1521579    0.4565138    0.4532006    0.0841542    0.0750311    0.3552965
   1.0750000    0.1463986    0.4477247    0.4622695    0.0987382    0.0607063    0.3482453
   1.0875000    0.1407627    0.4386797    0.4705359    0.1141447    0.0476464    0.3391244
   1.1000000    0.1352521    0.4294013    0.4779775    0.1302770    0.0359738    0.3280536
   1.1125000    0.1298682    0.4199122    0.4845761    0.1470347    0.0257976    0.3151768
   1.1250000    0.1246123    0.4102349    0.4903172    0.1643143    0.0172122    0.3006594
   1.1375000    0.1194857    0.4003920    0.4951903    0.1820106    0.0102969    0.2846865
   1.1500000    0.1144893    0.3904059    0.4991890    0.2000169    0.0051152    0.2674601
   1.1625000    0.1096236    0.3802991    0.5023104    0.2182258    0.0017145    0.2491967
   1.1750000    0.1048892    0.3700934    0.5045555    0.2365303    0.0001254    0.2301244
   1.1875000    0.1002865    0.3598106    0.5059292    0.2548243    0.0003624    0.2104798
   1.2000000    0.0958154    0.3494719    0.5064396    0.2730033    0.0024233    0.1905053
   1.2125000    0.0914760    0.3390982    0.5060985    0.2909650    0.0062898    0.1704457
   1.2250000    0.0872678    0.3287099    0.5049209    0.3086104    0.0119281    0.1505454
   1.2375000    0.0831905    0.3183268    0.5029249    0.3258438    0.0192887    0.1310455
   1.2500000    0.0792433    0.3079679    0.5001317    0.3425739    0.0283080    0.1121807
   1.2625000    0.0754254    0.2976519    0.4965651    0.3587140    0.0389086    0.0941767
   1.2750000    0.0717357    0.2873966    0.4922516    0.3741826    0.0510004    0.0772473
   1.2875000    0.0681732    0.2772189    0.4872202    0.3889041    0.0644816    0.0615926
   1.3000000    0.0647364    0.2671353    0.4815019    0.4028085    0.0792398    0.0473960
   1.3125000    0.0614239    0.2571612    0.4751296    0.4158324    0.0951535    0.0348227
   1.3250000    0.0582340    0.2473113    0.4681381    0.4279191    0.1120929    0.0240183
   1.3375000    0.0551650    0.2375994    0.4605637    0.4390186    0.1299217    0.0151065
   1.3500000    0.0522149    0.2280385    0.4524438    0.4490878    0.1484984    0.0081889
   1.3625000    0.0493818    0.2186405    0.4438171    0.4580908    0.1676773    0.0033435
   1.3750000    0.0466634    0.2094166    0.4347230    0.4659989    0.1873103    0.0006246
   1.3875000    0.0440577    0.2003771    0.4252015    0.4727902    0.2072483    0.0000625
   1.4000000    0.0415621    0.1915314    0.4152929    0.4784503    0.2273420    0.0016633
   1.4125000    0.0391744    0.1828877    0.4050379    0.4829712    0.2474440    0.0054097
   1.4250000    0.0368920    0.1744538    0.3944769    0.4863522    0.2674095    0.0112612
   1.4375000    0.0347124    0.1662361    0.3836503    0.4885986    0.2870977    0.0191555
   1.4500000    0.0326328    0.1582406    0.3725978    0.4897224    0.3063730    0.0290093
   1.4625000    0.0306507    0.1504720    0.3613589    0.4897414    0.3251058    0.0407198
   1.4750000    0.0287633    0.1429345    0.3499719    0.4886792    0.3431736    0.0541662
   1.4875000    0.0269678    0.1356313    0.3384744    0.4865646    0.3604620    0.0692118
   1.5000000    0.0252615    0.1285649    0.3269028    0.4834313    0.3768653    0.0857052
   1.5125000    0.0236415    0.1217368    0.3152923    0.4793176    0.3922869    0.1034832
   1.5250000    0.0221049    0.1151481    0.3036769    0.4742658    0.4066404    0.1223721
   1.5375000    0.0206490    0.1087990    0.2920890    0.4683221    0.4198495    0.1421903
   1.5500000    0.0192709    0.1026889    0.2805594    0.4615357    0.4318485    0.1627505
   1.5625000    0.0179678    0.0968169    0.2691174    0.4539585    0.4425825    0.1838618
   1.5750000    0.0167368    0.0911812    0.2577906    0.4456449    0.4520076    0.2053315
   1.5875000    0.0155752    0.0857795    0.2466047    0.4366509    0.4600907    0.2269679
   1.6000000    0.0144802    0.0806090    0.2355838    0.4270341    0.4668092    0.2485819
   1.6125000    0.0134491    0.0756664    0.2247499    0.4168531    0.4721514    0.2699889
   1.6250000    0.0124791    0.0709480    0.2141234    0.4061667    0.4761155    0.2910108
   1.6375000    0.0115676    0.0664496    0.2037228    0.3950342    0.4787097    0.3114773
   1.6500000    0.0107119    0.0621665    0.1935646    0.3835145    0.4799513    0.3312281
   1.6625000    0.0099096    0.0580939    0.1836637    0.3716658    0.4798668    0.3501134
   1.6750000    0.0091581    0.0542267    0.1740330    0.3595454    0.4784905    0.3679956
   1.6875000    0.0084549    0.0505592    0.1646836    0.3472094    0.4758645    0.3847502
   1.7000000    0.0077977    0.0470858    0.1556250    0.3347120    0.4720378    0.4002665
   1.7125000    0.0071841    0.0438006    0.1468651    0.3221058    0.4670655    0.4144481
   1.7250000    0.0066119    0.0406975    0.1384099    0.3094413    0.4610081    0.4272136
   1.7375000    0.0060789    0.0377702    0.1302641    0.2967665    0.4539311    0.4384967
   1.7500000    0.0055829    0.0350126    0.1224307    0.2841272    0.4459035    0.4482458
   1.7625000    0.0051219    0.0324183    0.1149115    0.2715663    0.4369979    0.4564248
   1.7750000    0.0046939    0.0299807    0.1077069    0.2591241    0.4272890    0.4630120
   1.7875000    0.0042971    0.0276936    0.1008159    0.2468378    0.4168535    0.4679998
   1.8000000    0.0039295    0.0255504    0.0942366    0.2347420    0.4057689    0.4713946
   1.8125000    0.0035894    0.0235448    0.0879659    0.2228682    0.3941133    0.4732156
   1.8250000    0.0032751    0.0216706    0.0819995    0.2112447    0.3819644    0.4734941
   1.8375000    0.0029850    0.0199214    0.0763326    0.1998972    0.3693989    0.4722727
   1.8500000    0.0027175    0.0182911    0.0709592    0.1888481    0.3564922    0.4696045
   1.8625000    0.0024712    0.0167737    0.0658729    0.1781172    0.3433178    0.4655515
   1.8750000    0.0022447    0.0153632    0.0610665    0.1677211    0.3299468    0.4601841
   1.8875000    0.0020366    0.0140540    0.0565321    0.1576740    0.3164474    0.4535799
   1.9000000    0.0018457    0.0128404    0.0522615    0.1479873    0.3028847    0.4458221
   1.9125000    0.0016707    0.0117169    0.0482461    0.1386698    0.2893204    0.4369991
   1.9250000    0.0015106    0.0106783    0.0444769    0.1297279    0.2758125    0.4272028
   1.9375000    0.0013642    0.0097195    0.0409446    0.1211658    0.2624148    0.4165278
   1.9500000    0.0012305    0.0088355    0.0376398    0.1129854    0.2491775    0.4050705
   1.9625000    0.0011086    0.0080218    0.0345530    0.1051868    0.2361461    0.3929277
   1.9750000    0.0009976    0.0072736    0.0316744    0.0977682    0.2233624    0.3801961
   1.9875000    0.0008966    0.0065867    0.0289945    0.0907259    0.2108635    0.3669712
   2.0000000    0.0008048    0.0059570    0.0265035    0.0840548    0.1986824    0.3533463
   2.0125000    0.0007216    0.0053805    0.0241920    0.0777484    0.1868481    0.3394125
   2.0250000    0.0006462    0.0048534    0.0220504    0.0717990    0.1753853    0.3252571
   2.0375000    0.0005779    0.0043722    0.0200696    0.0661978    0.1643148    0.3109638
   2.0500000    0.0005162    0.0039335    0.0182404    0.0609349    0.1536536    0.2966118
   2.0625000    0.0004605    0.0035341    0.0165539    0.0559998    0.1434149    0.2822756
   2.0750000    0.0004104    0.0031710    0.0150016    0.0513811    0.1336086    0.2680246
   2.0875000    0.0003652    0.0028415    0.0135751    0.0470671    0.1242412    0.2539229
   2.1000000    0.0003245    0.0025427    0.0122663    0.0430455    0.1153164    0.2400289
   2.1125000    0.0002881    0.0022723    0.0110675    0.0393037    0.1068347    0.2263956
   2.1250000    0.0002553    0.0020278    0.0099711    0.0358289    0.0987943    0.2130703
   2.1375000    0.0002261    0.0018072    0.0089702    0.0326083    0.0911909    0.2000947
   2.1500000    0.0001999    0.0016084    0.0080577    0.0296290    0.0840181    0.1875049
   2.1625000    0.0001765    0.0014295    0.0072274    0.0268780    0.0772676    0.1753316
   2.1750000    0.0001556    0.0012687    0.0064729    0.0243427    0.0709295    0.1636005
   2.1875000    0.0001370    0.0011244    0.0057886    0.0220106    0.0649923    0.1523319
   2.2000000    0.0001205    0.0009951    0.0051688    0.0198693    0.0594435    0.1415416
   2.2125000    0.0001058    0.0008795    0.0046084    0.0179070    0.0542693    0.1312410
   2.2250000    0.0000928    0.0007762    0.0041026    0.0161120    0.0494554    0.1214370
   2.2375000    0.0000813    0.0006840    0.0036468    0.0144731    0.0449864    0.1121330
   2.2500000    0.0000711    0.0006019    0.0032366    0.0129795    0.0408469    0.1033284
   2.2625000    0.0000621    0.0005290    0.0028682    0.0116208    0.0370210    0.0950198
   2.2750000    0.0000542    0.0004642    0.0025379    0.0103872    0.0334924    0.0872007
   2.2875000    0.0000472    0.0004067    0.0022421    0.0092691    0.0302452    0.0798620
   2.3000000    0.0000411    0.0003558    0.0019778    0.0082577    0.0272632    0.0729923
   2.3125000    0.0000357    0.0003109    0.0017419    0.0073444    0.0245306    0.0665785
   2.3250000    0.0000309    0.0002712    0.0015317    0.0065212    0.0220318    0.0606057
   2.3375000    0.0000268    0.0002362    0.0013448    0.0057806    0.0197516    0.0550576
   2.3500000    0.0000232    0.0002055    0.0011789    0.0051155    0.0176752    0.0499168
   2.3625000    0.0000200    0.0001784    0.0010318    0.0045194    0.0157883    0.0451653
   2.3750000    0.0000173    0.0001547    0.0009016    0.0039860    0.0140772    0.0407843
   2.3875000    0.0000149    0.0001340    0.0007866    0.0035096    0.0125288    0.0367547
   2.4000000    0.0000128    0.0001158    0.0006852    0.0030849    0.0111303    0.0330571
   2.4125000    0.0000110    0.0001000    0.0005959    0.0027071    0.0098699    0.0296723
   2.4250000    0.0000094    0.0000862    0.0005174    0.0023714    0.0087362    0.0265811
   2.4375000    0.0000081    0.0000742    0.0004486    0.0020739    0.0077187    0.0237646
   2.4500000    0.0000069    0.0000637    0.0003882    0.0018105    0.0068071    0.0212043
   2.4625000    0.0000059    0.0000547    0.0003354    0.0015779    0.0059923    0.0188823
   2.4750000    0.0000050    0.0000468    0.0002894    0.0013729    0.0052653    0.0167812
   2.4875000    0.0000043    0.0000400    0.0002492    0.0011924    0.0046180    0.0148844
   2.5000000    0.0000036    0.0000342    0.0002143    0.0010338    0.0040428    0.0131758
   2.5125000    0.0000031    0.0000292    0.0001840    0.0008948    0.0035328    0.0116402
   2.5250000    0.0000026    0.0000248    0.0001577    0.0007731    0.0030814    0.0102632
   2.5375000    0.0000022    0.0000211    0.0001349    0.0006669    0.0026827    0.0090312
   2.5500000    0.0000019    0.0000179    0.0001152    0.0005742    0.0023313    0.0079313
   2.5625000    0.0000016    0.0000152    0.0000983    0.0004935    0.0020221    0.0069516
   2.5750000    0.0000013    0.0000128    0.0000836    0.0004234    0.0017507    0.0060808
   2.5875000    0.0000011    0.0000108    0.0000711    0.0003626    0.0015129    0.0053086
   2.6000000    0.0000009    0.0000091    0.0000603    0.0003101    0.0013050    0.0046252
   2.6125000    0.0000008    0.0000077    0.0000511    0.0002646    0.0011235    0.0040218
   2.6250000    0.0000007    0.0000065    0.0000432    0.0002254    0.0009655    0.0034902
   2.6375000    0.0000005    0.0000054    0.0000365    0.0001917    0.0008281    0.0030228
   2.6500000    0.0000005    0.0000045    0.0000307    0.0001627    0.0007090    0.0026128
   2.6625000    0.0000004    0.0000038    0.0000258    0.0001379    0.0006058    0.0022539
   2.6750000    0.0000003    0.0000032    0.0000217    0.0001166    0.0005167    0.0019405
   2.6875000    0.0000003    0.0000026    0.0000182    0.0000985    0.0004398    0.0016673
   2.7000000    0.0000002    0.0000022    0.0000152    0.0000830    0.0003737    0.0014297
   2.7125000    0.0000002    0.0000018    0.0000127    0.0000698    0.0003169    0.0012235
   2.7250000    0.0000001    0.0000015    0.0000106    0.0000586    0.0002683    0.0010449
   2.7375000    0.0000001    0.0000012    0.0000088    0.0000491    0.0002266    0.0008906
   2.7500000    0.0000001    0.0000010    0.0000073    0.0000411    0.0001911    0.0007576
   2.7625000    0.0000001    0.0000009    0.0000061    0.0000343    0.0001608    0.0006431
   2.7750000    0.0000001    0.0000007    0.0000050    0.0000286    0.0001351    0.0005449
   2.7875000    0.0000001    0.0000006    0.0000042    0.0000238    0.0001132    0.0004607
   2.8000000    0.0000000    0.0000005    0.0000034    0.0000198    0.0000948    0.0003887
   2.8125000    0.0000000    0.0000004    0.0000028    0.0000164    0.0000791    0.0003273
   2.8250000    0.0000000    0.0000003    0.0000023    0.0000136    0.0000659    0.0002751
   2.8375000    0.0000000    0.0000003    0.0000019    0.0000112    0.0000549    0.0002307
   2.8500000    0.0000000    0.0000002    0.0000016    0.0000092    0.0000455    0.0001931
   2.8625000    0.0000000    0.0000002    0.0000013    0.0000076    0.0000377    0.0001613
   2.8750000    0.0000000    0.0000001    0.0000010    0.0000062    0.0000312    0.0001344
   2.8875000    0.0000000    0.0000001    0.0000008    0.0000051    0.0000258    0.0001118
   2.9000000    0.0000000    0.0000001    0.0000007    0.0000042    0.0000212    0.0000928
   2.9125000    0.0000000    0.0000001    0.0000006    0.0000034    0.0000174    0.0000769
   2.9250000    0.0000000    0.0000001    0.0000005    0.0000028    0.0000143    0.0000636
   2.9375000    0.0000000    0.0000000    0.0000004    0.0000023    0.0000117    0.0000525
   2.9500000    0.0000000    0.0000000    0.0000003    0.0000018    0.0000096    0.0000432
   2.9625000    0.0000000    0.0000000    0.0000002    0.0000015    0.0000078    0.0000355
   2.9750000    0.0000000    0.0000000    0.0000002    0.0000012    0.0000064    0.0000291
   2.9875000    0.0000000    0.0000000    0.0000002    0.0000010    0.0000052    0.0000238
   3.0000000    0.0000000    0.0000000    0.0000001    0.0000008    0.0000042    0.0000194
   3.0125000    0.0000000    0.0000000    0.0000001    0.0000006    0.0000034    0.0000158
   3.0250000    0.0000000    0.0000000    0.0000001    0.0000005    0.0000027    0.0000129
   3.0375000    0.0000000    0.0000000    0.0000001    0.0000004    0.0000022    0.0000105
   3.0500000    0.0000000    0.0000000    0.0000000    0.0000003    0.0000018    0.0000085
   3.0625000    0.0000000    0.0000000    0.0000000    0.0000003    0.0000014    0.0000068
   3.0750000    0.0000000    0.0000000    0.0000000    0.0000002    0.0000011    0.0000055
   3.0875000    0.0000000    0.0000000    0.0000000    0.0000002    0.0000009    0.0000044
   3.1000000    0.0000000    0.0000000    0.0000000    0.0000001    0.0000007    0.0000036
   3.1125000    0.0000000    0.0000000    0.0000000    0.0000001    0.0000006    0.0000029
   3.1250000    0.0000000    0.0000000    0.0000000    0.0000001    0.0000005    0.0000023
   3.1375000    0.0000000    0.0000000    0.0000000    0.0000001    0.0000004    0.0000018
   3.1500000    0.0000000    0.0000000    0.0000000    0.0000000    0.0000003    0.0000014
   3.1625000    0.0000000    0.0000000    0.0000000    0.0000000    0.0000002    0.0000012
   3.1750000    0.0000000    0.0000000    0.0000000    0.0000000    0.0000002    0.0000009
   3.1875000    0.0000000    0.0000000    0.0000000    0.0000000    0.0000001    0.0000007
   3.2000000    0.0000000    0.0000000    0.0000000    0.0000000    0.0000001    0.0000006
   3.2125000    0.0000000    0.0000000    0.0000000    0.0000000    0.0000001    0.0000004
   3.2250000    0.0000000    0.0000000    0.0000000    0.0000000    0.0000001    0.0000004
   3.2375000    0.0000000    0.0000000    0.0000000    0.0000000    0.0000001    0.0000003
   3.2500000    0.0000000    0.0000000    0.0000000    0.0000000    0.0000000    0.0000002
   3.2625000    0.0000000    0.0000000    0.0000000    0.0000000    0.0000000    0.0000002
   3.2750000    0.0000000    0.0000000    0.0000000    0.0000000    0.0000000    0.0000001
   3.2875000    0.0000000    0.0000000    0.0000000    0.0000000    0.0000000    0.0000001
   3.3000000    0.0000000    0.0000000    0.0000000    0.0000000    0.0000000    0.0000001
   3.3125000    0.0000000    0.0000000    0.0000000    0.0000000    0.0000000    0.0000001
   3.3250000    0.0000000    0.0000000    0.0000000    0.0000000    0.0000000    0.0000000
   3.3375000    0.0000000    0.0000000    0.0000000    0.0000000    0.0000000    0.0000000
   3.3500000    0.0000000    0.0000000    0.0000000    0.0000000    0.0000000    0.0000000
   3.3625000    0.0000000    0.0000000    0.0000000    0.0000000    0.0000000    0.0000000
   3.3750000    0.0000000    0.0000000    0.0000000    0.0000000    0.0000000    0.0000000
   3.3875000    0.0000000    0.0000000    0.0000000    0.0000000    0.0000000    0.0000000
   3.4000000    0.0000000    0.0000000    0.0000000    0.0000000    0.0000000    0.0000000
   3.4125000    0.0000000    0.0000000    0.0000000    0.0000000    0.0000000    0.0000000
   3.4250000    0.0000000    0.0000000    0.0000000    0.0000000    0.0000000    0.0000000
   3.4375000    0.0000000    0.0000000    0.0000000    0.0000000    0.0000000    0.0000000
   3.4500000    0.0000000    0.0000000    0.0000000    0.0000000    0.0000000    0.0000000
   3.4625000    0.0000000    0.0000000    0.0000000    0.0000000    0.0000000    0.0000000
   3.4750000    0.0000000    0.0000000    0.0000000    0.0000000    0.0000000    0.0000000
   3.4875000    0.0000000    0.0000000    0.0000000    0.0000000    0.0000000    0.0000000
   3.5000000    0.0000000    0.0000000    0.0000000    0.0000000    0.0000000    0.0000000
   3.5125000    0.0000000    0.0000000    0.0000000    0.0000000    0.0000000    0.0000000
   3.5250000    0.0000000    0.0000000    0.0000000    0.0000000    0.0000000    0.0000000
   3.5375000    0.0000000    0.0000000    0.0000000    0.0000000    0.0000000    0.0000000
   3.5500000    0.0000000    0.0000000    0.0000000    0.0000000    0.0000000    0.0000000
   3.5625000    0.0000000    0.0000000    0.0000000    0.0000000    0.0000000    0.0000000
   3.5750000    0.0000000    0.0000000    0.0000000    0.0000000    0.0000000    0.0000000
   3.5875000    0.0000000    0.0000000    0.0000000    0.0000000    0.0000000    0.0000000
   3.6000000    0.0000000    0.0000000    0.0000000    0.0000000    0.0000000    0.0000000
   3.6125000    0.0000000    0.0000000    0.0000000    0.0000000    0.0000000    0.0000000
   3.6250000    0.0000000    0.0000000    0.0000000    0.0000000    0.0000000    0.0000000
   3.6375000    0.0000000    0.0000000    0.0000000    0.0000000    0.0000000    0.0000000
   3.6500000    0.0000000    0.0000000    0.0000000    0.0000000    0.0000000    0.0000000
   3.6625000    0.0000000    0.0000000    0.0000000    0.0000000    0.0000000    0.0000000
   3.6750000    0.0000000    0.0000000    0.0000000    0.0000000    0.0000000    0.0000000
   3.6875000    0.0000000    0.0000000    0.0000000    0.0000000    0.0000000    0.0000000
   3.7000000    0.0000000    0.0000000    0.0000000    0.0000000    0.0000000    0.0000000
   3.7125000    0.0000000    0.0000000    0.0000000    0.0000000    0.0000000    0.0000000
   3.7250000    0.0000000    0.0000000    0.0000000    0.0000000    0.0000000    0.0000000
   3.7375000    0.0000000    0.0000000    0.0000000    0.0000000    0.0000000    0.0000000
   3.7500000    0.0000000    0.0000000    0.0000000    0.0000000    0.0000000    0.0000000
   3.7625000    0.0000000    0.0000000    0.0000000    0.0000000    0.0000000    0.0000000
   3.7750000    0.0000000    0.0000000    0.0000000    0.0000000    0.0000000    0.0000000
   3.7875000    0.0000000    0.0000000    0.0000000    0.0000000    0.0000000    0.0000000
   3.8000000    0.0000000    0.0000000    0.0000000    0.0000000    0.0000000    0.0000000
   3.8125000    0.0000000    0.0000000    0.0000000    0.0000000    0.0000000    0.0000000
   3.8250000    0.0000000    0.0000000    0.0000000    0.0000000    0.0000000    0.0000000
   3.8375000    0.0000000    0.0000000    0.0000000    0.0000000    0.0000000    0.0000000
   3.8500000    0.0000000    0.0000000    0.0000000    0.0000000    0.0000000    0.0000000
   3.8625000    0.0000000    0.0000000    0.0000000    0.0000000    0.0000000    0.0000000
   3.8750000    0.0000000    0.0000000    0.0000000    0.0000000    0.0000000    0.0000000
   3.8875000    0.0000000    0.0000000    0.0000000    0.0000000    0.0000000    0.0000000
   3.9000000    0.0000000    0.0000000    0.0000000    0.0000000    0.0000000    0.0000000
   3.9125000    0.0000000    0.0000000    0.0000000    0.0000000    0.0000000    0.0000000
   3.9250000    0.0000000    0.0000000    0.0000000    0.0000000    0.0000000    0.0000000
   3.9375000    0.0000000    0.0000000    0.0000000    0.0000000    0.0000000    0.0000000
   3.9500000    0.0000000    0.0000000    0.0000000    0.0000000    0.0000000    0.0000000
   3.9625000    0.0000000    0.0000000    0.0000000    0.0000000    0.0000000    0.0000000
   3.9750000    0.0000000    0.0000000    0.0000000    0.0000000    0.0000000    0.0000000
   3.9875000    0.0000000    0.0000000    0.0000000    0.0000000    0.0000000    0.0000000
   4.0000000    0.0000000    0.0000000    0.0000000    0.0000000    0.0000000    0.0000000
   4.0125000    0.0000000    0.0000000    0.0000000    0.0000000    0.0000000    0.0000000
   4.0250000    0.0000000    0.0000000    0.0000000    0.0000000    0.0000000    0.0000000
   4.0375000    0.0000000    0.0000000    0.0000000    0.0000000    0.0000000    0.0000000
   4.0500000    0.0000000    0.0000000    0.0000000    0.0000000    0.0000000    0.0000000
   4.0625000    0.0000000    0.0000000    0.0000000    0.0000000    0.0000000    0.0000000
   4.0750000    0.0000000    0.0000000    0.0000000    0.0000000    0.0000000    0.0000000
   4.0875000    0.0000000    0.0000000    0.0000000    0.0000000    0.0000000    0.0000000
   4.1000000    0.0000000    0.0000000    0.0000000    0.0000000    0.0000000    0.0000000
   4.1125000    0.0000000    0.0000000    0.0000000    0.0000000    0.0000000    0.0000000
   4.1250000    0.0000000    0.0000000    0.0000000    0.0000000    0.0000000    0.0000000
   4.1375000    0.0000000    0.0000000    0.0000000    0.0000000    0.0000000    0.0000000
   4.1500000    0.0000000    0.0000000    0.0000000    0.0000000    0.0000000    0.0000000
   4.1625000    0.0000000    0.0000000    0.0000000    0.0000000    0.0000000    0.0000000
   4.1750000    0.0000000    0.0000000    0.0000000    0.0000000    0.0000000    0.0000000
   4.1875000    0.0000000    0.0000000    0.0000000    0.0000000    0.0000000    0.0000000
   4.2000000    0.0000000    0.0000000    0.0000000    0.0000000    0.0000000    0.0000000
   4.2125000    0.0000000    0.0000000    0.0000000    0.0000000    0.0000000    0.0000000
   4.2250000    0.0000000    0.0000000    0.0000000    0.0000000    0.0000000    0.0000000
   4.2375000    0.0000000    0.0000000    0.0000000    0.0000000    0.0000000    0.0000000
   4.2500000    0.0000000    0.0000000    0.0000000    0.0000000    0.0000000    0.0000000
   4.2625000    0.0000000    0.0000000    0.0000000    0.0000000    0.0000000    0.0000000
   4.2750000    0.0000000    0.0000000    0.0000000    0.0000000    0.0000000    0.0000000
   4.2875000    0.0000000    0.0000000    0.0000000    0.0000000    0.0000000    0.0000000
   4.3000000    0.0000000    0.0000000    0.0000000    0.0000000    0.0000000    0.0000000
   4.3125000    0.0000000    0.0000000    0.0000000    0.0000000    0.0000000    0.0000000
   4.3250000    0.0000000    0.0000000    0.0000000    0.0000000    0.0000000    0.0000000
   4.3375000    0.0000000    0.0000000    0.0000000    0.0000000    0.0000000    0.0000000
   4.3500000    0.0000000    0.0000000    0.0000000    0.0000000    0.0000000    0.0000000
   4.3625000    0.0000000    0.0000000    0.0000000    0.0000000    0.0000000    0.0000000
   4.3750000    0.0000000    0.0000000    0.0000000    0.0000000    0.0000000    0.0000000
   4.3875000    0.0000000    0.0000000    0.0000000    0.0000000    0.0000000    0.0000000
   4.4000000    0.0000000    0.0000000    0.0000000    0.0000000    0.0000000    0.0000000
   4.4125000    0.0000000    0.0000000    0.0000000    0.0000000    0.0000000    0.0000000
   4.4250000    0.0000000    0.0000000    0.0000000    0.0000000    0.0000000    0.0000000
   4.4375000    0.0000000    0.0000000    0.0000000    0.0000000    0.0000000    0.0000000
   4.4500000    0.0000000    0.0000000    0.0000000    0.0000000    0.0000000    0.0000000
   4.4625000    0.0000000    0.0000000    0.0000000    0.0000000    0.0000000    0.0000000
   4.4750000    0.0000000    0.0000000    0.0000000    0.0000000    0.0000000    0.0000000
   4.4875000    0.0000000    0.0000000    0.0000000    0.0000000    0.0000000    0.0000000
   4.5000000    0.0000000    0.0000000    0.0000000    0.0000000    0.0000000    0.0000000
   4.5125000    0.0000000    0.0000000    0.0000000    0.0000000    0.0000000    0.0000000
   4.5250000    0.0000000    0.0000000    0.0000000    0.0000000    0.0000000    0.0000000
   4.5375000    0.0000000    0.0000000    0.0000000    0.0000000    0.0000000    0.0000000
   4.5500000    0.0000000    0.0000000    0.0000000    0.0000000    0.0000000    0.0000000
   4.5625000    0.0000000    0.0000000    0.0000000    0.0000000    0.0000000    0.0000000
   4.5750000    0.0000000    0.0000000    0.0000000    0.0000000    0.0000000    0.0000000
   4.5875000    0.0000000    0.0000000    0.0000000    0.0000000    0.0000000    0.0000000
   4.6000000    0.0000000    0.0000000    0.0000000    0.0000000    0.0000000    0.0000000
   4.6125000    0.0000000    0.0000000    0.0000000    0.0000000    0.0000000    0.0000000
   4.6250000    0.0000000    0.0000000    0.0000000    0.0000000    0.0000000    0.0000000
   4.6375000    0.0000000    0.0000000    0.0000000    0.0000000    0.0000000    0.0000000
   4.6500000    0.0000000    0.0000000    0.0000000    0.0000000    0.0000000    0.0000000
   4.6625000    0.0000000    0.0000000    0.0000000    0.0000000    0.0000000    0.0000000
   4.6750000    0.0000000    0.0000000    0.0000000    0.0000000    0.0000000    0.0000000
   4.6875000    0.0000000    0.0000000    0.0000000    0.0000000    0.0000000    0.0000000
   4.7000000    0.0000000    0.0000000    0.0000000    0.0000000    0.0000000    0.0000000
   4.7125000    0.0000000    0.0000000    0.0000000    0.0000000    0.0000000    0.0000000
   4.7250000    0.0000000    0.0000000    0.0000000    0.0000000    0.0000000    0.0000000
   4.7375000    0.0000000    0.0000000    0.0000000    0.0000000    0.0000000    0.0000000
   4.7500000    0.0000000    0.0000000    0.0000000    0.0000000    0.0000000    0.0000000
   4.7625000    0.0000000    0.0000000    0.0000000    0.0000000    0.0000000    0.0000000
   4.7750000    0.0000000    0.0000000    0.0000000    0.0000000    0.0000000    0.0000000
   4.7875000    0.0000000    0.0000000    0.0000000    0.0000000    0.0000000    0.0000000
   4.8000000    0.0000000    0.0000000    0.0000000    0.0000000    0.0000000    0.0000000
   4.8125000    0.0000000    0.0000000    0.0000000    0.0000000    0.0000000    0.0000000
   4.8250000    0.0000000    0.0000000    0.0000000    0.0000000    0.0000000    0.0000000
   4.8375000    0.0000000    0.0000000    0.0000000    0.0000000    0.0000000    0.0000000
   4.8500000    0.0000000    0.0000000    0.0000000    0.0000000    0.0000000    0.0000000
   4.8625000    0.0000000    0.0000000    0.0000000    0.0000000    0.0000000    0.0000000
   4.8750000    0.0000000    0.0000000    0.0000000    0.0000000    0.0000000    0.0000000
   4.8875000    0.0000000    0.0000000    0.0000000    0.0000000    0.0000000    0.0000000
   4.9000000    0.0000000    0.0000000    0.0000000    0.0000000    0.0000000    0.0000000
   4.9125000    0.0000000    0.0000000    0.0000000    0.0000000    0.0000000    0.0000000
   4.9250000    0.0000000    0.0000000    0.0000000    0.0000000    0.0000000    0.0000000
   4.9375000    0.0000000    0.0000000    0.0000000    0.0000000    0.0000000    0.0000000
   4.9500000    0.0000000    0.0000000    0.0000000    0.0000000    0.0000000    0.0000000
   4.9625000    0.0000000    0.0000000    0.0000000    0.0000000    0.0000000    0.0000000
   4.9750000    0.0000000    0.0000000    0.0000000    0.0000000    0.0000000    0.0000000
   4.9875000    0.0000000    0.0000000    0.0000000    0.0000000    0.0000000    0.0000000
   5.0000000    0.0000000    0.0000000    0.0000000    0.0000000    0.0000000    0.0000000
