 -9.98000000   0.00000000   0.00000000   0.00000000   0.00000000   0.00000000   0.00000000
 -9.96000000   0.00000000   0.00000000   0.00000000   0.00000000   0.00000000   0.00000000
 -9.94000000   0.00000000   0.00000000   0.00000000   0.00000000   0.00000000   0.00000000
 -9.92000000   0.00000000   0.00000000   0.00000000   0.00000000   0.00000000   0.00000000
 -9.90000000   0.00000000   0.00000000   0.00000000   0.00000000   0.00000000   0.00000000
 -9.88000000   0.00000000   0.00000000   0.00000000   0.00000000   0.00000000   0.00000000
 -9.86000000   0.00000000   0.00000000   0.00000000   0.00000000   0.00000000   0.00000000
 -9.84000000   0.00000000   0.00000000   0.00000000   0.00000000   0.00000000   0.00000000
 -9.82000000   0.00000000   0.00000000   0.00000000   0.00000000   0.00000000   0.00000000
 -9.80000000   0.00000000   0.00000000   0.00000000   0.00000000   0.00000000   0.00000000
 -9.78000000   0.00000000   0.00000000   0.00000000   0.00000000   0.00000000   0.00000000
 -9.76000000   0.00000000   0.00000000   0.00000000   0.00000000   0.00000000   0.00000000
 -9.74000000   0.00000000   0.00000000   0.00000000   0.00000000   0.00000000   0.00000000
 -9.72000000   0.00000000   0.00000000   0.00000000   0.00000000   0.00000000   0.00000000
 -9.70000000   0.00000000   0.00000000   0.00000000   0.00000000   0.00000000   0.00000000
 -9.68000000   0.00000000   0.00000000   0.00000000   0.00000000   0.00000000   0.00000000
 -9.66000000   0.00000000   0.00000000   0.00000000   0.00000000   0.00000000   0.00000000
 -9.64000000   0.00000000   0.00000000   0.00000000   0.00000000   0.00000000   0.00000000
 -9.62000000   0.00000000   0.00000000   0.00000000   0.00000000   0.00000000   0.00000000
 -9.60000000   0.00000000   0.00000000   0.00000000   0.00000000   0.00000000   0.00000000
 -9.58000000   0.00000000   0.00000000   0.00000000   0.00000000   0.00000000   0.00000000
 -9.56000000   0.00000000   0.00000000   0.00000000   0.00000000   0.00000000   0.00000000
 -9.54000000   0.00000000   0.00000000   0.00000000   0.00000000   0.00000000   0.00000000
 -9.52000000   0.00000000   0.00000000   0.00000000   0.00000000   0.00000000   0.00000000
 -9.50000000   0.00000000   0.00000000   0.00000000   0.00000000   0.00000000   0.00000000
 -9.48000000   0.00000000   0.00000000   0.00000000   0.00000000   0.00000000   0.00000000
 -9.46000000   0.00000000   0.00000000   0.00000000   0.00000000   0.00000000   0.00000000
 -9.44000000   0.00000000   0.00000000   0.00000000   0.00000000   0.00000000   0.00000000
 -9.42000000   0.00000000   0.00000000   0.00000000   0.00000000   0.00000000   0.00000000
 -9.40000000   0.00000000   0.00000000   0.00000000   0.00000000   0.00000000   0.00000000
 -9.38000000   0.00000000   0.00000000   0.00000000   0.00000000   0.00000000   0.00000000
 -9.36000000   0.00000000   0.00000000   0.00000000   0.00000000   0.00000000   0.00000000
 -9.34000000   0.00000000   0.00000000   0.00000000   0.00000000   0.00000000   0.00000000
 -9.32000000   0.00000000   0.00000000   0.00000000   0.00000000   0.00000000   0.00000000
 -9.30000000   0.00000000   0.00000000   0.00000000   0.00000000   0.00000000   0.00000000
 -9.28000000   0.00000000   0.00000000   0.00000000   0.00000000   0.00000000   0.00000000
 -9.26000000   0.00000000   0.00000000   0.00000000   0.00000000   0.00000000   0.00000000
 -9.24000000   0.00000000   0.00000000   0.00000000   0.00000000   0.00000000   0.00000000
 -9.22000000   0.00000000   0.00000000   0.00000000   0.00000000   0.00000000   0.00000000
 -9.20000000   0.00000000   0.00000000   0.00000000   0.00000000   0.00000000   0.00000000
 -9.18000000   0.00000000   0.00000000   0.00000000   0.00000000   0.00000000   0.00000000
 -9.16000000   0.00000000   0.00000000   0.00000000   0.00000000   0.00000000   0.00000000
 -9.14000000   0.00000000   0.00000000   0.00000000   0.00000000   0.00000000   0.00000000
 -9.12000000   0.00000000   0.00000000   0.00000000   0.00000000   0.00000000   0.00000000
 -9.10000000   0.00000000   0.00000000   0.00000000   0.00000000   0.00000000   0.00000000
 -9.08000000   0.00000000   0.00000000   0.00000000   0.00000000   0.00000000   0.00000000
 -9.06000000   0.00000000   0.00000000   0.00000000   0.00000000   0.00000000   0.00000000
 -9.04000000   0.00000000   0.00000000   0.00000000   0.00000000   0.00000000   0.00000000
 -9.02000000   0.00000000   0.00000000   0.00000000   0.00000000   0.00000000   0.00000000
 -9.00000000   0.00000000   0.00000000   0.00000000   0.00000000   0.00000000   0.00000000
 -8.98000000   0.00000000   0.00000000   0.00000000   0.00000000   0.00000000   0.00000000
 -8.96000000   0.00000000   0.00000000   0.00000000   0.00000000   0.00000000   0.00000000
 -8.94000000   0.00000000   0.00000000   0.00000000   0.00000000   0.00000000   0.00000000
 -8.92000000   0.00000000   0.00000000   0.00000000   0.00000000   0.00000000   0.00000000
 -8.90000000   0.00000000   0.00000000   0.00000000   0.00000000   0.00000000   0.00000000
 -8.88000000   0.00000000   0.00000000   0.00000000   0.00000000   0.00000000   0.00000000
 -8.86000000   0.00000000   0.00000000   0.00000000   0.00000000   0.00000000   0.00000000
 -8.84000000   0.00000000   0.00000000   0.00000000   0.00000000   0.00000000   0.00000000
 -8.82000000   0.00000000   0.00000000   0.00000000   0.00000000   0.00000000   0.00000000
 -8.80000000   0.00000000   0.00000000   0.00000000   0.00000000   0.00000000   0.00000000
 -8.78000000   0.00000000   0.00000000   0.00000000   0.00000000   0.00000000   0.00000000
 -8.76000000   0.00000000   0.00000000   0.00000000   0.00000000   0.00000000   0.00000000
 -8.74000000   0.00000000   0.00000000   0.00000000   0.00000000   0.00000000   0.00000000
 -8.72000000   0.00000000   0.00000000   0.00000000   0.00000000   0.00000000   0.00000000
 -8.70000000   0.00000000   0.00000000   0.00000000   0.00000000   0.00000000   0.00000000
 -8.68000000   0.00000000   0.00000000   0.00000000   0.00000000   0.00000000   0.00000000
 -8.66000000   0.00000000   0.00000000   0.00000000   0.00000000   0.00000000   0.00000000
 -8.64000000   0.00000000   0.00000000   0.00000000   0.00000000   0.00000000   0.00000000
 -8.62000000   0.00000000   0.00000000   0.00000000   0.00000000   0.00000000   0.00000000
 -8.60000000   0.00000000   0.00000000   0.00000000   0.00000000   0.00000000   0.00000000
 -8.58000000   0.00000000   0.00000000   0.00000000   0.00000000   0.00000000   0.00000000
 -8.56000000   0.00000000   0.00000000   0.00000000   0.00000000   0.00000000   0.00000000
 -8.54000000   0.00000000   0.00000000   0.00000000   0.00000000   0.00000000   0.00000000
 -8.52000000   0.00000000   0.00000000   0.00000000   0.00000000   0.00000000   0.00000000
 -8.50000000   0.00000000   0.00000000   0.00000000   0.00000000   0.00000000   0.00000000
 -8.48000000   0.00000000   0.00000000   0.00000000   0.00000000   0.00000000   0.00000000
 -8.46000000   0.00000000   0.00000000   0.00000000   0.00000000   0.00000000   0.00000000
 -8.44000000   0.00000000   0.00000000   0.00000000   0.00000000   0.00000000   0.00000000
 -8.42000000   0.00000000   0.00000000   0.00000000   0.00000000   0.00000000   0.00000000
 -8.40000000   0.00000000   0.00000000   0.00000000   0.00000000   0.00000000   0.00000000
 -8.38000000   0.00000000   0.00000000   0.00000000   0.00000000   0.00000000   0.00000000
 -8.36000000   0.00000000   0.00000000   0.00000000   0.00000000   0.00000000   0.00000000
 -8.34000000   0.00000000   0.00000000   0.00000000   0.00000000   0.00000000   0.00000000
 -8.32000000   0.00000000   0.00000000   0.00000000   0.00000000   0.00000000   0.00000000
 -8.30000000   0.00000000   0.00000000   0.00000000   0.00000000   0.00000000   0.00000000
 -8.28000000   0.00000000   0.00000000   0.00000000   0.00000000   0.00000000   0.00000000
 -8.26000000   0.00000000   0.00000000   0.00000000   0.00000000   0.00000000   0.00000000
 -8.24000000   0.00000000   0.00000000   0.00000000   0.00000000   0.00000000   0.00000000
 -8.22000000   0.00000000   0.00000000   0.00000000   0.00000000   0.00000000   0.00000000
 -8.20000000   0.00000000   0.00000000   0.00000000   0.00000000   0.00000000   0.00000000
 -8.18000000   0.00000000   0.00000000   0.00000000   0.00000000   0.00000000   0.00000000
 -8.16000000   0.00000000   0.00000000   0.00000000   0.00000000   0.00000000   0.00000000
 -8.14000000   0.00000000   0.00000000   0.00000000   0.00000000   0.00000000   0.00000000
 -8.12000000   0.00000000   0.00000000   0.00000000   0.00000000   0.00000000   0.00000000
 -8.10000000   0.00000000   0.00000000   0.00000000   0.00000000   0.00000000   0.00000000
 -8.08000000   0.00000000   0.00000000   0.00000000   0.00000000   0.00000000   0.00000000
 -8.06000000   0.00000000   0.00000000   0.00000000   0.00000000   0.00000000   0.00000000
 -8.04000000   0.00000000   0.00000000   0.00000000   0.00000000   0.00000000   0.00000000
 -8.02000000   0.00000000   0.00000000   0.00000000   0.00000000   0.00000000   0.00000000
 -8.00000000   0.00000000   0.00000000   0.00000000   0.00000000   0.00000000   0.00000000
 -7.98000000   0.00000000   0.00000000   0.00000000   0.00000000   0.00000000   0.00000000
 -7.96000000   0.00000000   0.00000000   0.00000000   0.00000000   0.00000000   0.00000000
 -7.94000000   0.00000000   0.00000000   0.00000000   0.00000000   0.00000000   0.00000000
 -7.92000000   0.00000000   0.00000000   0.00000000   0.00000000   0.00000000   0.00000000
 -7.90000000   0.00000000   0.00000000   0.00000000   0.00000000   0.00000000   0.00000000
 -7.88000000   0.00000000   0.00000000   0.00000000   0.00000000   0.00000000   0.00000000
 -7.86000000   0.00000000   0.00000000   0.00000000   0.00000000   0.00000000   0.00000000
 -7.84000000   0.00000000   0.00000000   0.00000000   0.00000000   0.00000000   0.00000000
 -7.82000000   0.00000000   0.00000000   0.00000000   0.00000000   0.00000000   0.00000000
 -7.80000000   0.00000000   0.00000000   0.00000000   0.00000000   0.00000000   0.00000000
 -7.78000000   0.00000000   0.00000000   0.00000000   0.00000000   0.00000000   0.00000000
 -7.76000000   0.00000000   0.00000000   0.00000000   0.00000000   0.00000000   0.00000000
 -7.74000000   0.00000000   0.00000000   0.00000000   0.00000000   0.00000000   0.00000000
 -7.72000000   0.00000000   0.00000000   0.00000000   0.00000000   0.00000000   0.00000000
 -7.70000000   0.00000000   0.00000000   0.00000000   0.00000000   0.00000000   0.00000000
 -7.68000000   0.00000000   0.00000000   0.00000000   0.00000000   0.00000000   0.00000000
 -7.66000000   0.00000000   0.00000000   0.00000000   0.00000000   0.00000000   0.00000000
 -7.64000000   0.00000000   0.00000000   0.00000000   0.00000000   0.00000000   0.00000000
 -7.62000000   0.00000000   0.00000000   0.00000000   0.00000000   0.00000000   0.00000000
 -7.60000000   0.00000000   0.00000000   0.00000000   0.00000000   0.00000000   0.00000000
 -7.58000000   0.00000000   0.00000000   0.00000000   0.00000000   0.00000000   0.00000000
 -7.56000000   0.00000000   0.00000000   0.00000000   0.00000000   0.00000000   0.00000000
 -7.54000000   0.00000000   0.00000000   0.00000000   0.00000000   0.00000000   0.00000000
 -7.52000000   0.00000000   0.00000000   0.00000000   0.00000000   0.00000000   0.00000000
 -7.50000000   0.00000000   0.00000000   0.00000000   0.00000000   0.00000000   0.00000000
 -7.48000000   0.00000000   0.00000000   0.00000000   0.00000000   0.00000000   0.00000000
 -7.46000000   0.00000000   0.00000000   0.00000000   0.00000000   0.00000000   0.00000000
 -7.44000000   0.00000000   0.00000000   0.00000000   0.00000000   0.00000000   0.00000000
 -7.42000000   0.00000000   0.00000000   0.00000000   0.00000000   0.00000000   0.00000000
 -7.40000000   0.00000000   0.00000000   0.00000000   0.00000000   0.00000000   0.00000000
 -7.38000000   0.00000000   0.00000000   0.00000000   0.00000000   0.00000000   0.00000000
 -7.36000000   0.00000000   0.00000000   0.00000000   0.00000000   0.00000000   0.00000000
 -7.34000000   0.00000000   0.00000000   0.00000000   0.00000000   0.00000000   0.00000000
 -7.32000000   0.00000000   0.00000000   0.00000000   0.00000000   0.00000000   0.00000000
 -7.30000000   0.00000000   0.00000000   0.00000000   0.00000000   0.00000000   0.00000000
 -7.28000000   0.00000000   0.00000000   0.00000000   0.00000000   0.00000000   0.00000000
 -7.26000000   0.00000000   0.00000000   0.00000000   0.00000000   0.00000000   0.00000000
 -7.24000000   0.00000000   0.00000000   0.00000000   0.00000000   0.00000000   0.00000000
 -7.22000000   0.00000000   0.00000000   0.00000000   0.00000000   0.00000000   0.00000000
 -7.20000000   0.00000000   0.00000000   0.00000000   0.00000000   0.00000000   0.00000000
 -7.18000000   0.00000000   0.00000000   0.00000000   0.00000000   0.00000000   0.00000000
 -7.16000000   0.00000000   0.00000000   0.00000000   0.00000000   0.00000000   0.00000000
 -7.14000000   0.00000000   0.00000000   0.00000000   0.00000000   0.00000000   0.00000000
 -7.12000000   0.00000000   0.00000000   0.00000000   0.00000000   0.00000000   0.00000000
 -7.10000000   0.00000000   0.00000000   0.00000000   0.00000000   0.00000000   0.00000000
 -7.08000000   0.00000000   0.00000000   0.00000000   0.00000000   0.00000000   0.00000000
 -7.06000000   0.00000000   0.00000000   0.00000000   0.00000000   0.00000000   0.00000000
 -7.04000000   0.00000000   0.00000000   0.00000000   0.00000000   0.00000000   0.00000000
 -7.02000000   0.00000000   0.00000000   0.00000000   0.00000000   0.00000000   0.00000000
 -7.00000000   0.00000000   0.00000000   0.00000000   0.00000000   0.00000000   0.00000000
 -6.98000000   0.00000000   0.00000000   0.00000000   0.00000000   0.00000000   0.00000000
 -6.96000000   0.00000000   0.00000000   0.00000000   0.00000000   0.00000000   0.00000000
 -6.94000000   0.00000000   0.00000000   0.00000000   0.00000000   0.00000000   0.00000000
 -6.92000000   0.00000000   0.00000000   0.00000000   0.00000000   0.00000000   0.00000000
 -6.90000000   0.00000000   0.00000000   0.00000000   0.00000000   0.00000000   0.00000000
 -6.88000000   0.00000000   0.00000000   0.00000000   0.00000000   0.00000000   0.00000000
 -6.86000000   0.00000000   0.00000000   0.00000000   0.00000000   0.00000000   0.00000000
 -6.84000000   0.00000000   0.00000000   0.00000000   0.00000000   0.00000000   0.00000000
 -6.82000000   0.00000000   0.00000000   0.00000000   0.00000000   0.00000000   0.00000000
 -6.80000000   0.00000000   0.00000000   0.00000000   0.00000000   0.00000000   0.00000000
 -6.78000000   0.00000000   0.00000000   0.00000000   0.00000000   0.00000000   0.00000000
 -6.76000000   0.00000000   0.00000000   0.00000000   0.00000000   0.00000000   0.00000000
 -6.74000000   0.00000000   0.00000000   0.00000000   0.00000000   0.00000000   0.00000000
 -6.72000000   0.00000000   0.00000000   0.00000000   0.00000000   0.00000000   0.00000000
 -6.70000000   0.00000000   0.00000000   0.00000000   0.00000000   0.00000000   0.00000000
 -6.68000000   0.00000000   0.00000000   0.00000000   0.00000000   0.00000000   0.00000000
 -6.66000000   0.00000000   0.00000000   0.00000000   0.00000000   0.00000000   0.00000000
 -6.64000000   0.00000000   0.00000000   0.00000000   0.00000000   0.00000000   0.00000000
 -6.62000000   0.00000000   0.00000000   0.00000000   0.00000000   0.00000000   0.00000000
 -6.60000000   0.00000000   0.00000000   0.00000000   0.00000000   0.00000000   0.00000000
 -6.58000000   0.00000000   0.00000000   0.00000000   0.00000000   0.00000000   0.00000000
 -6.56000000   0.00000000   0.00000000   0.00000000   0.00000000   0.00000000   0.00000000
 -6.54000000   0.00000000   0.00000000   0.00000000   0.00000000   0.00000000   0.00000000
 -6.52000000   0.00000000   0.00000000   0.00000000   0.00000000   0.00000000   0.00000000
 -6.50000000   0.00000000   0.00000000   0.00000000   0.00000000   0.00000000   0.00000000
 -6.48000000   0.00000000   0.00000000   0.00000000   0.00000000   0.00000000   0.00000000
 -6.46000000   0.00000000   0.00000000   0.00000000   0.00000000   0.00000000   0.00000000
 -6.44000000   0.00000000   0.00000000   0.00000000   0.00000000   0.00000000   0.00000000
 -6.42000000   0.00000000   0.00000000   0.00000000   0.00000000   0.00000000   0.00000000
 -6.40000000   0.00000000   0.00000000   0.00000000   0.00000000   0.00000000   0.00000000
 -6.38000000   0.00000000   0.00000000   0.00000000   0.00000000   0.00000000   0.00000000
 -6.36000000   0.00000000   0.00000000   0.00000000   0.00000000   0.00000000   0.00000000
 -6.34000000   0.00000000   0.00000000   0.00000000   0.00000000   0.00000000   0.00000000
 -6.32000000   0.00000000   0.00000000   0.00000000   0.00000000   0.00000000   0.00000000
 -6.30000000   0.00000000   0.00000000   0.00000000   0.00000000   0.00000000   0.00000000
 -6.28000000   0.00000000   0.00000000   0.00000000   0.00000000   0.00000000   0.00000000
 -6.26000000   0.00000000   0.00000000   0.00000000   0.00000000   0.00000000   0.00000000
 -6.24000000   0.00000000   0.00000000   0.00000000   0.00000000   0.00000000   0.00000000
 -6.22000000   0.00000000   0.00000000   0.00000000   0.00000000   0.00000000   0.00000000
 -6.20000000   0.00000000   0.00000000   0.00000000   0.00000000   0.00000000   0.00000000
 -6.18000000   0.00000000   0.00000000   0.00000000   0.00000000   0.00000000   0.00000000
 -6.16000000   0.00000000   0.00000000   0.00000000   0.00000000   0.00000000   0.00000000
 -6.14000000   0.00000000   0.00000000   0.00000000   0.00000000   0.00000000   0.00000000
 -6.12000000   0.00000000   0.00000000   0.00000000   0.00000000   0.00000000   0.00000000
 -6.10000000   0.00000000   0.00000000   0.00000000   0.00000000   0.00000000   0.00000000
 -6.08000000   0.00000000   0.00000000   0.00000000   0.00000000   0.00000000   0.00000000
 -6.06000000   0.00000000   0.00000000   0.00000000   0.00000000   0.00000000   0.00000000
 -6.04000000   0.00000000   0.00000000   0.00000000   0.00000000   0.00000000   0.00000000
 -6.02000000   0.00000000   0.00000000   0.00000000   0.00000000   0.00000000   0.00000000
 -6.00000000   0.00000000   0.00000000   0.00000000   0.00000000   0.00000000   0.00000000
 -5.98000000   0.00000000   0.00000000   0.00000000   0.00000000   0.00000000   0.00000000
 -5.96000000   0.00000000   0.00000000   0.00000000   0.00000000   0.00000000   0.00000000
 -5.94000000   0.00000000   0.00000000   0.00000000   0.00000000   0.00000000   0.00000000
 -5.92000000   0.00000000   0.00000000   0.00000000   0.00000000   0.00000000   0.00000000
 -5.90000000   0.00000000   0.00000000   0.00000000   0.00000000   0.00000000   0.00000000
 -5.88000000   0.00000000   0.00000000   0.00000000   0.00000000   0.00000000   0.00000001
 -5.86000000   0.00000000   0.00000000   0.00000000   0.00000000   0.00000000   0.00000001
 -5.84000000   0.00000000   0.00000000   0.00000000   0.00000000   0.00000000   0.00000001
 -5.82000000   0.00000000   0.00000000   0.00000000   0.00000000   0.00000000   0.00000001
 -5.80000000   0.00000000   0.00000000   0.00000000   0.00000000   0.00000000   0.00000001
 -5.78000000   0.00000000   0.00000000   0.00000000   0.00000000   0.00000000   0.00000001
 -5.76000000   0.00000000   0.00000000   0.00000000   0.00000000   0.00000000   0.00000002
 -5.74000000   0.00000000   0.00000000   0.00000000   0.00000000   0.00000000   0.00000002
 -5.72000000   0.00000000   0.00000000   0.00000000   0.00000000   0.00000000   0.00000003
 -5.70000000   0.00000000   0.00000000   0.00000000   0.00000000   0.00000000   0.00000003
 -5.68000000   0.00000000   0.00000000   0.00000000   0.00000000   0.00000000   0.00000004
 -5.66000000   0.00000000   0.00000000   0.00000000   0.00000000   0.00000000   0.00000004
 -5.64000000   0.00000000   0.00000000   0.00000000   0.00000000   0.00000000   0.00000005
 -5.62000000   0.00000000   0.00000000   0.00000000   0.00000000   0.00000001   0.00000006
 -5.60000000   0.00000000   0.00000000   0.00000000   0.00000000   0.00000001   0.00000008
 -5.58000000   0.00000000   0.00000000   0.00000000   0.00000000   0.00000001   0.00000009
 -5.56000000   0.00000000   0.00000000   0.00000000   0.00000000   0.00000001   0.00000011
 -5.54000000   0.00000000   0.00000000   0.00000000   0.00000000   0.00000001   0.00000014
 -5.52000000   0.00000000   0.00000000   0.00000000   0.00000000   0.00000002   0.00000016
 -5.50000000   0.00000000   0.00000000   0.00000000   0.00000000   0.00000002   0.00000020
 -5.48000000   0.00000000   0.00000000   0.00000000   0.00000000   0.00000002   0.00000023
 -5.46000000   0.00000000   0.00000000   0.00000000   0.00000000   0.00000003   0.00000028
 -5.44000000   0.00000000   0.00000000   0.00000000   0.00000000   0.00000003   0.00000033
 -5.42000000   0.00000000   0.00000000   0.00000000   0.00000000   0.00000004   0.00000040
 -5.40000000   0.00000000   0.00000000   0.00000000   0.00000000   0.00000005   0.00000048
 -5.38000000   0.00000000   0.00000000   0.00000000   0.00000000   0.00000006   0.00000057
 -5.36000000   0.00000000   0.00000000   0.00000000   0.00000001   0.00000007   0.00000068
 -5.34000000   0.00000000   0.00000000   0.00000000   0.00000001   0.00000008   0.00000080
 -5.32000000   0.00000000   0.00000000   0.00000000   0.00000001   0.00000010   0.00000096
 -5.30000000   0.00000000   0.00000000   0.00000000   0.00000001   0.00000012   0.00000114
 -5.28000000   0.00000000   0.00000000   0.00000000   0.00000001   0.00000014   0.00000135
 -5.26000000   0.00000000   0.00000000   0.00000000   0.00000001   0.00000017   0.00000160
 -5.24000000   0.00000000   0.00000000   0.00000000   0.00000002   0.00000020   0.00000189
 -5.22000000   0.00000000   0.00000000   0.00000000   0.00000002   0.00000024   0.00000223
 -5.20000000   0.00000000   0.00000000   0.00000000   0.00000002   0.00000029   0.00000264
 -5.18000000   0.00000000   0.00000000   0.00000000   0.00000003   0.00000034   0.00000311
 -5.16000000   0.00000000   0.00000000   0.00000000   0.00000003   0.00000041   0.00000367
 -5.14000000   0.00000000   0.00000000   0.00000000   0.00000004   0.00000048   0.00000433
 -5.12000000   0.00000000   0.00000000   0.00000000   0.00000005   0.00000058   0.00000509
 -5.10000000   0.00000000   0.00000000   0.00000000   0.00000006   0.00000068   0.00000598
 -5.08000000   0.00000000   0.00000000   0.00000000   0.00000007   0.00000081   0.00000703
 -5.06000000   0.00000000   0.00000000   0.00000001   0.00000009   0.00000096   0.00000825
 -5.04000000   0.00000000   0.00000000   0.00000001   0.00000010   0.00000113   0.00000966
 -5.02000000   0.00000000   0.00000000   0.00000001   0.00000012   0.00000134   0.00001132
 -5.00000000   0.00000000   0.00000000   0.00000001   0.00000014   0.00000158   0.00001324
 -4.98000000   0.00000000   0.00000000   0.00000001   0.00000017   0.00000187   0.00001547
 -4.96000000   0.00000000   0.00000000   0.00000001   0.00000020   0.00000220   0.00001806
 -4.94000000   0.00000000   0.00000000   0.00000002   0.00000024   0.00000259   0.00002106
 -4.92000000   0.00000000   0.00000000   0.00000002   0.00000029   0.00000305   0.00002453
 -4.90000000   0.00000000   0.00000000   0.00000002   0.00000034   0.00000359   0.00002855
 -4.88000000   0.00000000   0.00000000   0.00000003   0.00000041   0.00000421   0.00003319
 -4.86000000   0.00000000   0.00000000   0.00000003   0.00000048   0.00000494   0.00003855
 -4.84000000   0.00000000   0.00000000   0.00000004   0.00000057   0.00000579   0.00004472
 -4.82000000   0.00000000   0.00000000   0.00000005   0.00000067   0.00000678   0.00005184
 -4.80000000   0.00000000   0.00000000   0.00000006   0.00000079   0.00000792   0.00006002
 -4.78000000   0.00000000   0.00000000   0.00000007   0.00000094   0.00000926   0.00006942
 -4.76000000   0.00000000   0.00000000   0.00000008   0.00000110   0.00001081   0.00008021
 -4.74000000   0.00000000   0.00000000   0.00000010   0.00000130   0.00001261   0.00009259
 -4.72000000   0.00000000   0.00000001   0.00000011   0.00000153   0.00001469   0.00010676
 -4.70000000   0.00000000   0.00000001   0.00000013   0.00000180   0.00001710   0.00012297
 -4.68000000   0.00000000   0.00000001   0.00000016   0.00000211   0.00001988   0.00014149
 -4.66000000   0.00000000   0.00000001   0.00000019   0.00000247   0.00002309   0.00016264
 -4.64000000   0.00000000   0.00000001   0.00000022   0.00000290   0.00002680   0.00018674
 -4.62000000   0.00000000   0.00000001   0.00000026   0.00000340   0.00003107   0.00021420
 -4.60000000   0.00000000   0.00000002   0.00000031   0.00000397   0.00003599   0.00024543
 -4.58000000   0.00000000   0.00000002   0.00000037   0.00000465   0.00004164   0.00028091
 -4.56000000   0.00000000   0.00000002   0.00000043   0.00000542   0.00004814   0.00032118
 -4.54000000   0.00000000   0.00000003   0.00000051   0.00000633   0.00005559   0.00036684
 -4.52000000   0.00000000   0.00000003   0.00000060   0.00000738   0.00006413   0.00041853
 -4.50000000   0.00000000   0.00000004   0.00000071   0.00000859   0.00007391   0.00047700
 -4.48000000   0.00000000   0.00000004   0.00000083   0.00001000   0.00008509   0.00054305
 -4.46000000   0.00000000   0.00000005   0.00000097   0.00001162   0.00009787   0.00061757
 -4.44000000   0.00000000   0.00000006   0.00000114   0.00001350   0.00011245   0.00070156
 -4.42000000   0.00000000   0.00000007   0.00000134   0.00001566   0.00012908   0.00079611
 -4.40000000   0.00000000   0.00000009   0.00000157   0.00001815   0.00014802   0.00090241
 -4.38000000   0.00000000   0.00000010   0.00000184   0.00002102   0.00016956   0.00102179
 -4.36000000   0.00000000   0.00000012   0.00000215   0.00002431   0.00019405   0.00115568
 -4.34000000   0.00000000   0.00000014   0.00000251   0.00002810   0.00022184   0.00130567
 -4.32000000   0.00000000   0.00000017   0.00000292   0.00003245   0.00025335   0.00147350
 -4.30000000   0.00000001   0.00000019   0.00000341   0.00003744   0.00028904   0.00166104
 -4.28000000   0.00000001   0.00000023   0.00000397   0.00004315   0.00032942   0.00187037
 -4.26000000   0.00000001   0.00000027   0.00000462   0.00004968   0.00037506   0.00210372
 -4.24000000   0.00000001   0.00000032   0.00000537   0.00005715   0.00042658   0.00236351
 -4.22000000   0.00000001   0.00000037   0.00000623   0.00006568   0.00048468   0.00265239
 -4.20000000   0.00000001   0.00000043   0.00000724   0.00007541   0.00055011   0.00297320
 -4.18000000   0.00000001   0.00000051   0.00000839   0.00008649   0.00062373   0.00332902
 -4.16000000   0.00000002   0.00000060   0.00000972   0.00009911   0.00070647   0.00372314
 -4.14000000   0.00000002   0.00000070   0.00001125   0.00011346   0.00079934   0.00415915
 -4.12000000   0.00000002   0.00000081   0.00001300   0.00012977   0.00090347   0.00464085
 -4.10000000   0.00000003   0.00000095   0.00001502   0.00014827   0.00102009   0.00517233
 -4.08000000   0.00000003   0.00000111   0.00001734   0.00016925   0.00115055   0.00575797
 -4.06000000   0.00000004   0.00000129   0.00002000   0.00019301   0.00129632   0.00640241
 -4.04000000   0.00000005   0.00000150   0.00002304   0.00021988   0.00145900   0.00711060
 -4.02000000   0.00000005   0.00000175   0.00002652   0.00025026   0.00164034   0.00788779
 -4.00000000   0.00000006   0.00000203   0.00003050   0.00028455   0.00184225   0.00873954
 -3.98000000   0.00000007   0.00000236   0.00003504   0.00032322   0.00206679   0.00967169
 -3.96000000   0.00000009   0.00000274   0.00004023   0.00036679   0.00231620   0.01069043
 -3.94000000   0.00000010   0.00000317   0.00004614   0.00041582   0.00259290   0.01180220
 -3.92000000   0.00000012   0.00000368   0.00005287   0.00047093   0.00289950   0.01301379
 -3.90000000   0.00000014   0.00000426   0.00006052   0.00053283   0.00323882   0.01433226
 -3.88000000   0.00000016   0.00000492   0.00006922   0.00060226   0.00361389   0.01576493
 -3.86000000   0.00000019   0.00000569   0.00007910   0.00068005   0.00402796   0.01731941
 -3.84000000   0.00000022   0.00000657   0.00009030   0.00076713   0.00448453   0.01900355
 -3.82000000   0.00000026   0.00000757   0.00010300   0.00086449   0.00498732   0.02082541
 -3.80000000   0.00000030   0.00000873   0.00011738   0.00097324   0.00554032   0.02279325
 -3.78000000   0.00000035   0.00001005   0.00013364   0.00109455   0.00614777   0.02491547
 -3.76000000   0.00000041   0.00001156   0.00015200   0.00122975   0.00681416   0.02720062
 -3.74000000   0.00000048   0.00001329   0.00017274   0.00138025   0.00754429   0.02965730
 -3.72000000   0.00000055   0.00001526   0.00019612   0.00154759   0.00834320   0.03229414
 -3.70000000   0.00000064   0.00001751   0.00022246   0.00173345   0.00921622   0.03511974
 -3.68000000   0.00000074   0.00002008   0.00025210   0.00193966   0.01016898   0.03814258
 -3.66000000   0.00000086   0.00002300   0.00028543   0.00216817   0.01120736   0.04137101
 -3.64000000   0.00000099   0.00002633   0.00032285   0.00242111   0.01233753   0.04481311
 -3.62000000   0.00000115   0.00003011   0.00036485   0.00270077   0.01356594   0.04847663
 -3.60000000   0.00000133   0.00003440   0.00041192   0.00300962   0.01489930   0.05236894
 -3.58000000   0.00000153   0.00003927   0.00046463   0.00335032   0.01634456   0.05649685
 -3.56000000   0.00000177   0.00004480   0.00052359   0.00372570   0.01790892   0.06086659
 -3.54000000   0.00000204   0.00005105   0.00058948   0.00413882   0.01959980   0.06548366
 -3.52000000   0.00000235   0.00005813   0.00066304   0.00459293   0.02142482   0.07035273
 -3.50000000   0.00000270   0.00006613   0.00074506   0.00509150   0.02339176   0.07547751
 -3.48000000   0.00000311   0.00007518   0.00083645   0.00563824   0.02550857   0.08086063
 -3.46000000   0.00000357   0.00008538   0.00093815   0.00623709   0.02778327   0.08650355
 -3.44000000   0.00000410   0.00009688   0.00105121   0.00689220   0.03022398   0.09240637
 -3.42000000   0.00000470   0.00010984   0.00117678   0.00760801   0.03283884   0.09856775
 -3.40000000   0.00000538   0.00012442   0.00131609   0.00838917   0.03563596   0.10498476
 -3.38000000   0.00000617   0.00014082   0.00147048   0.00924058   0.03862335   0.11165274
 -3.36000000   0.00000706   0.00015924   0.00164141   0.01016743   0.04180890   0.11856521
 -3.34000000   0.00000807   0.00017991   0.00183045   0.01117512   0.04520030   0.12571371
 -3.32000000   0.00000922   0.00020308   0.00203929   0.01226931   0.04880493   0.13308770
 -3.30000000   0.00001052   0.00022905   0.00226976   0.01345593   0.05262985   0.14067446
 -3.28000000   0.00001200   0.00025810   0.00252383   0.01474111   0.05668164   0.14845898
 -3.26000000   0.00001368   0.00029059   0.00280363   0.01613123   0.06096639   0.15642385
 -3.24000000   0.00001558   0.00032688   0.00311141   0.01763291   0.06548953   0.16454922
 -3.22000000   0.00001772   0.00036739   0.00344961   0.01925293   0.07025582   0.17281275
 -3.20000000   0.00002015   0.00041254   0.00382083   0.02099829   0.07526916   0.18118951
 -3.18000000   0.00002289   0.00046285   0.00422785   0.02287616   0.08053253   0.18965202
 -3.16000000   0.00002599   0.00051883   0.00467364   0.02489383   0.08604790   0.19817023
 -3.14000000   0.00002948   0.00058107   0.00516133   0.02705873   0.09181607   0.20671152
 -3.12000000   0.00003341   0.00065021   0.00569428   0.02937837   0.09783661   0.21524078
 -3.10000000   0.00003783   0.00072692   0.00627603   0.03186028   0.10410768   0.22372051
 -3.08000000   0.00004281   0.00081198   0.00691034   0.03451205   0.11062598   0.23211088
 -3.06000000   0.00004841   0.00090618   0.00760118   0.03734119   0.11738663   0.24036988
 -3.04000000   0.00005469   0.00101042   0.00835271   0.04035516   0.12438303   0.24845354
 -3.02000000   0.00006173   0.00112565   0.00916934   0.04356127   0.13160676   0.25631608
 -3.00000000   0.00006963   0.00125291   0.01005568   0.04696664   0.13904752   0.26391019
 -2.98000000   0.00007847   0.00139332   0.01101657   0.05057812   0.14669300   0.27118728
 -2.96000000   0.00008837   0.00154808   0.01205704   0.05440227   0.15452880   0.27809781
 -2.94000000   0.00009944   0.00171851   0.01318237   0.05844524   0.16253837   0.28459163
 -2.92000000   0.00011180   0.00190599   0.01439804   0.06271270   0.17070294   0.29061835
 -2.90000000   0.00012560   0.00211204   0.01570972   0.06720982   0.17900149   0.29612777
 -2.88000000   0.00014100   0.00233827   0.01712329   0.07194109   0.18741069   0.30107029
 -2.86000000   0.00015815   0.00258641   0.01864481   0.07691032   0.19590488   0.30539741
 -2.84000000   0.00017724   0.00285832   0.02028052   0.08212050   0.20445612   0.30906219
 -2.82000000   0.00019848   0.00315598   0.02203682   0.08757375   0.21303415   0.31201979
 -2.80000000   0.00022209   0.00348151   0.02392025   0.09327118   0.22160650   0.31422798
 -2.78000000   0.00024831   0.00383714   0.02593746   0.09921284   0.23013850   0.31564768
 -2.76000000   0.00027741   0.00422528   0.02809522   0.10539757   0.23859342   0.31624350
 -2.74000000   0.00030966   0.00464848   0.03040036   0.11182298   0.24693254   0.31598432
 -2.72000000   0.00034539   0.00510944   0.03285975   0.11848529   0.25511536   0.31484377
 -2.70000000   0.00038493   0.00561100   0.03548029   0.12537928   0.26309972   0.31280080
 -2.68000000   0.00042866   0.00615620   0.03826884   0.13249815   0.27084202   0.30984019
 -2.66000000   0.00047697   0.00674822   0.04123220   0.13983352   0.27829746   0.30595299
 -2.64000000   0.00053031   0.00739042   0.04437707   0.14737526   0.28542030   0.30113699
 -2.62000000   0.00058913   0.00808635   0.04770999   0.15511146   0.29216414   0.29539711
 -2.60000000   0.00065396   0.00883970   0.05123730   0.16302838   0.29848222   0.28874576
 -2.58000000   0.00072534   0.00965436   0.05496511   0.17111037   0.30432780   0.28120312
 -2.56000000   0.00080387   0.01053441   0.05889920   0.17933979   0.30965451   0.27279736
 -2.54000000   0.00089019   0.01148409   0.06304498   0.18769705   0.31441672   0.26356480
 -2.52000000   0.00098500   0.01250782   0.06740745   0.19616053   0.31856997   0.25354997
 -2.50000000   0.00108902   0.01361020   0.07199111   0.20470659   0.32207141   0.24280562
 -2.48000000   0.00120307   0.01479601   0.07679987   0.21330958   0.32488022   0.23139257
 -2.46000000   0.00132800   0.01607018   0.08183706   0.22194183   0.32695809   0.21937955
 -2.44000000   0.00146473   0.01743781   0.08710527   0.23057375   0.32826965   0.20684284
 -2.42000000   0.00161425   0.01890417   0.09260633   0.23917383   0.32878295   0.19386593
 -2.40000000   0.00177760   0.02047465   0.09834122   0.24770876   0.32846995   0.18053897
 -2.38000000   0.00195593   0.02215480   0.10430998   0.25614351   0.32730694   0.16695816
 -2.36000000   0.00215042   0.02395026   0.11051167   0.26444144   0.32527497   0.15322502
 -2.34000000   0.00236236   0.02586682   0.11694425   0.27256448   0.32236033   0.13944563
 -2.32000000   0.00259311   0.02791033   0.12360457   0.28047325   0.31855492   0.12572964
 -2.30000000   0.00284413   0.03008672   0.13048821   0.28812728   0.31385659   0.11218934
 -2.28000000   0.00311696   0.03240200   0.13758949   0.29548519   0.30826953   0.09893854
 -2.26000000   0.00341322   0.03486217   0.14490135   0.30250497   0.30180454   0.08609144
 -2.24000000   0.00373465   0.03747328   0.15241534   0.30914416   0.29447925   0.07376140
 -2.22000000   0.00408309   0.04024133   0.16012150   0.31536021   0.28631835   0.06205969
 -2.20000000   0.00446047   0.04317228   0.16800835   0.32111068   0.27735369   0.05109421
 -2.18000000   0.00486883   0.04627203   0.17606281   0.32635364   0.26762438   0.04096815
 -2.16000000   0.00531033   0.04954634   0.18427022   0.33104795   0.25717673   0.03177871
 -2.14000000   0.00578722   0.05300084   0.19261424   0.33515359   0.24606425   0.02361576
 -2.12000000   0.00630191   0.05664096   0.20107688   0.33863207   0.23434741   0.01656060
 -2.10000000   0.00685688   0.06047193   0.20963844   0.34144673   0.22209349   0.01068474
 -2.08000000   0.00745476   0.06449868   0.21827757   0.34356319   0.20937619   0.00604873
 -2.06000000   0.00809829   0.06872584   0.22697123   0.34494964   0.19627530   0.00270115
 -2.04000000   0.00879034   0.07315771   0.23569474   0.34557729   0.18287617   0.00067762
 -2.02000000   0.00953390   0.07779813   0.24442179   0.34542071   0.16926914   0.00000000
 -2.00000000   0.01033209   0.08265055   0.25312452   0.34445820   0.15554896   0.00067569
 -1.98000000   0.01118816   0.08771785   0.26177359   0.34267215   0.14181397   0.00269713
 -1.96000000   0.01210546   0.09300242   0.27033821   0.34004940   0.12816540   0.00604145
 -1.94000000   0.01308750   0.09850598   0.27878630   0.33658153   0.11470646   0.01067029
 -1.92000000   0.01413789   0.10422964   0.28708454   0.33226520   0.10154141   0.01652985
 -1.90000000   0.01526037   0.11017377   0.29519855   0.32710237   0.08877461   0.02355115
 -1.88000000   0.01645881   0.11633798   0.30309300   0.32110061   0.07650949   0.03165042
 -1.86000000   0.01773716   0.12272106   0.31073177   0.31427323   0.06484748   0.04072981
 -1.84000000   0.01909952   0.12932094   0.31807815   0.30663950   0.05388695   0.05067827
 -1.82000000   0.02055007   0.13613460   0.32509500   0.29822473   0.04372212   0.06137257
 -1.80000000   0.02209312   0.14315809   0.33174498   0.28906036   0.03444196   0.07267865
 -1.78000000   0.02373303   0.15038641   0.33799073   0.27918399   0.02612911   0.08445303
 -1.76000000   0.02547428   0.15781353   0.34379515   0.26863931   0.01885888   0.09654449
 -1.74000000   0.02732142   0.16543228   0.34912161   0.25747603   0.01269814   0.10879587
 -1.72000000   0.02927906   0.17323438   0.35393422   0.24574973   0.00770450   0.12104598
 -1.70000000   0.03135189   0.18121037   0.35819809   0.23352164   0.00392533   0.13313169
 -1.68000000   0.03354461   0.18934958   0.36187959   0.22085836   0.00139701   0.14489005
 -1.66000000   0.03586200   0.19764011   0.36494664   0.20783152   0.00014420   0.15616051
 -1.64000000   0.03830882   0.20606884   0.36736899   0.19451742   0.00017929   0.16678712
 -1.62000000   0.04088986   0.21462137   0.36911851   0.18099650   0.00150190   0.17662079
 -1.60000000   0.04360990   0.22328202   0.37016944   0.16735289   0.00409856   0.18552144
 -1.58000000   0.04647369   0.23203386   0.37049873   0.15367378   0.00794251   0.19336018
 -1.56000000   0.04948593   0.24085872   0.37008623   0.14004883   0.01299366   0.20002125
 -1.54000000   0.05265128   0.24973716   0.36891504   0.12656947   0.01919868   0.20540392
 -1.52000000   0.05597431   0.25864853   0.36697171   0.11332818   0.02649133   0.20942421
 -1.50000000   0.05945948   0.26757099   0.36424652   0.10041775   0.03479284   0.21201636
 -1.48000000   0.06311114   0.27648155   0.36073367   0.08793044   0.04401254   0.21313409
 -1.46000000   0.06693350   0.28535615   0.35643152   0.07595720   0.05404861   0.21275163
 -1.44000000   0.07093060   0.29416964   0.35134274   0.06458683   0.06478902   0.21086439
 -1.42000000   0.07510628   0.30289594   0.34547453   0.05390509   0.07611257   0.20748941
 -1.40000000   0.07946420   0.31150807   0.33883868   0.04399390   0.08789013   0.20266547
 -1.38000000   0.08400774   0.31997822   0.33145175   0.03493048   0.09998599   0.19645282
 -1.36000000   0.08874006   0.32827788   0.32333508   0.02678650   0.11225930   0.18893267
 -1.34000000   0.09366399   0.33637796   0.31451488   0.01962732   0.12456566   0.18020623
 -1.32000000   0.09878208   0.34424883   0.30502222   0.01351119   0.13675876   0.17039357
 -1.30000000   0.10409653   0.35186051   0.29489297   0.00848855   0.14869209   0.15963202
 -1.28000000   0.10960917   0.35918281   0.28416777   0.00460136   0.16022075   0.14807436
 -1.26000000   0.11532146   0.36618540   0.27289190   0.00188251   0.17120316   0.13588672
 -1.24000000   0.12123441   0.37283800   0.26111515   0.00035527   0.18150293   0.12324618
 -1.22000000   0.12734863   0.37911056   0.24889157   0.00003286   0.19099055   0.11033823
 -1.20000000   0.13366422   0.38497337   0.23627931   0.00091809   0.19954517   0.09735401
 -1.18000000   0.14018084   0.39039722   0.22334032   0.00300310   0.20705618   0.08448739
 -1.16000000   0.14689760   0.39535364   0.21014000   0.00626918   0.21342482   0.07193197
 -1.14000000   0.15381309   0.39981499   0.19674690   0.01068675   0.21856555   0.05987810
 -1.12000000   0.16092535   0.40375467   0.18323232   0.01621538   0.22240734   0.04850978
 -1.10000000   0.16823184   0.40714731   0.16966985   0.02280399   0.22489482   0.03800169
 -1.08000000   0.17572942   0.40996893   0.15613495   0.03039110   0.22598919   0.02851635
 -1.06000000   0.18341436   0.41219711   0.14270446   0.03890530   0.22566894   0.02020132
 -1.04000000   0.19128227   0.41381116   0.12945606   0.04826566   0.22393038   0.01318671
 -1.02000000   0.19932817   0.41479233   0.11646775   0.05838248   0.22078794   0.00758292
 -1.00000000   0.20754640   0.41512393   0.10381732   0.06915791   0.21627418   0.00347860
 -0.98000000   0.21593064   0.41479150   0.09158170   0.08048687   0.21043964   0.00093902
 -0.96000000   0.22447392   0.41378299   0.07983646   0.09225795   0.20335238   0.00000477
 -0.94000000   0.23316860   0.41208886   0.06865517   0.10435444   0.19509730   0.00069084
 -0.92000000   0.24200638   0.40970227   0.05810886   0.11665541   0.18577521   0.00298613
 -0.90000000   0.25097825   0.40661913   0.04826536   0.12903694   0.17550169   0.00685339
 -0.88000000   0.26007460   0.40283829   0.03918880   0.14137325   0.16440568   0.01222962
 -0.86000000   0.26928510   0.39836159   0.03093900   0.15353808   0.15262794   0.01902683
 -0.84000000   0.27859882   0.39319393   0.02357096   0.16540589   0.14031926   0.02713329
 -0.82000000   0.28800416   0.38734339   0.01713433   0.17685324   0.12763853   0.03641524
 -0.80000000   0.29748892   0.38082124   0.01167294   0.18776009   0.11475064   0.04671888
 -0.78000000   0.30704031   0.37364199   0.00722436   0.19801111   0.10182436   0.05787279
 -0.76000000   0.31664493   0.36582339   0.00381946   0.20749692   0.08903002   0.06969070
 -0.74000000   0.32628884   0.35738643   0.00148209   0.21611538   0.07653720   0.08197450
 -0.72000000   0.33595759   0.34835535   0.00022878   0.22377271   0.06451240   0.09451748
 -0.70000000   0.34563622   0.33875754   0.00006846   0.23038462   0.05311672   0.10710775
 -0.68000000   0.35530930   0.32862353   0.00100225   0.23587728   0.04250358   0.11953187
 -0.66000000   0.36496100   0.31798685   0.00302340   0.24018827   0.03281652   0.13157838
 -0.64000000   0.37457508   0.30688398   0.00611714   0.24326736   0.02418713   0.14304149
 -0.62000000   0.38413497   0.29535421   0.01026073   0.24507714   0.01673313   0.15372458
 -0.60000000   0.39362381   0.28343948   0.01542349   0.24559361   0.01055661   0.16344364
 -0.58000000   0.40302448   0.27118421   0.02156697   0.24480651   0.00574247   0.17203054
 -0.56000000   0.41231964   0.25863516   0.02864510   0.24271959   0.00235712   0.17933594
 -0.54000000   0.42149184   0.24584119   0.03660451   0.23935070   0.00044743   0.18523203
 -0.52000000   0.43052350   0.23285307   0.04538484   0.23473168   0.00003992   0.18961481
 -0.50000000   0.43939701   0.21972323   0.05491913   0.22890813   0.00114026   0.19240606
 -0.48000000   0.44809477   0.20650551   0.06513429   0.22193903   0.00373305   0.19355476
 -0.46000000   0.45659925   0.19325492   0.07595162   0.21389617   0.00778196   0.19303814
 -0.44000000   0.46489305   0.18002735   0.08728740   0.20486346   0.01323006   0.19086221
 -0.42000000   0.47295896   0.16687931   0.09905348   0.19493605   0.02000061   0.18706176
 -0.40000000   0.48078001   0.15386761   0.11115799   0.18421936   0.02799796   0.18169989
 -0.38000000   0.48833953   0.14104907   0.12350602   0.17282795   0.03710890   0.17486700
 -0.36000000   0.49562124   0.12848025   0.13600038   0.16088433   0.04720418   0.16667932
 -0.34000000   0.50260925   0.11621712   0.14854238   0.14851757   0.05814027   0.15727697
 -0.32000000   0.50928816   0.10431472   0.16103260   0.13586191   0.06976141   0.14682159
 -0.30000000   0.51564312   0.09282695   0.17337172   0.12305528   0.08190177   0.13549353
 -0.28000000   0.52165986   0.08180617   0.18546132   0.11023775   0.09438782   0.12348880
 -0.26000000   0.52732474   0.07130298   0.19720471   0.09754997   0.10704081   0.11101560
 -0.24000000   0.53262483   0.06136588   0.20850771   0.08513154   0.11967932   0.09829072
 -0.22000000   0.53754796   0.05204102   0.21927946   0.07311947   0.13212190   0.08553575
 -0.20000000   0.54208272   0.04337195   0.22943318   0.06164658   0.14418968   0.07297312
 -0.18000000   0.54621855   0.03539933   0.23888689   0.05084002   0.15570900   0.06082226
 -0.16000000   0.54994577   0.02816071   0.24756413   0.04081975   0.16651391   0.04929565
 -0.14000000   0.55325561   0.02169031   0.25539461   0.03169719   0.17644859   0.03859506
 -0.12000000   0.55614025   0.01601883   0.26231479   0.02357393   0.18536966   0.02890800
 -0.10000000   0.55859284   0.01117325   0.26826846   0.01654055   0.19314830   0.02040435
 -0.08000000   0.56060755   0.00717667   0.27320720   0.01067555   0.19967208   0.01323333
 -0.06000000   0.56217957   0.00404820   0.27709080   0.00604444   0.20484668   0.00752084
 -0.04000000   0.56330514   0.00180280   0.27988764   0.00269900   0.20859725   0.00336725
 -0.02000000   0.56398156   0.00045124   0.28157492   0.00067664   0.21086953   0.00084553
  0.00000000   0.56420722   0.00000000   0.28213888   0.00000000   0.21163063   0.00000000
  0.02000000   0.56398156   0.00045124   0.28157492   0.00067664   0.21086953   0.00084553
  0.04000000   0.56330514   0.00180280   0.27988764   0.00269900   0.20859725   0.00336725
  0.06000000   0.56217957   0.00404820   0.27709080   0.00604444   0.20484668   0.00752084
  0.08000000   0.56060755   0.00717667   0.27320720   0.01067555   0.19967208   0.01323333
  0.10000000   0.55859284   0.01117325   0.26826846   0.01654055   0.19314830   0.02040435
  0.12000000   0.55614025   0.01601883   0.26231479   0.02357393   0.18536966   0.02890800
  0.14000000   0.55325561   0.02169031   0.25539461   0.03169719   0.17644859   0.03859506
  0.16000000   0.54994577   0.02816071   0.24756413   0.04081975   0.16651391   0.04929565
  0.18000000   0.54621855   0.03539933   0.23888689   0.05084002   0.15570900   0.06082226
  0.20000000   0.54208272   0.04337195   0.22943318   0.06164658   0.14418968   0.07297312
  0.22000000   0.53754796   0.05204102   0.21927946   0.07311947   0.13212190   0.08553575
  0.24000000   0.53262483   0.06136588   0.20850771   0.08513154   0.11967932   0.09829072
  0.26000000   0.52732474   0.07130298   0.19720471   0.09754997   0.10704081   0.11101560
  0.28000000   0.52165986   0.08180617   0.18546132   0.11023775   0.09438782   0.12348880
  0.30000000   0.51564312   0.09282695   0.17337172   0.12305528   0.08190177   0.13549353
  0.32000000   0.50928816   0.10431472   0.16103260   0.13586191   0.06976141   0.14682159
  0.34000000   0.50260925   0.11621712   0.14854238   0.14851757   0.05814027   0.15727697
  0.36000000   0.49562124   0.12848025   0.13600038   0.16088433   0.04720418   0.16667932
  0.38000000   0.48833953   0.14104907   0.12350602   0.17282795   0.03710890   0.17486700
  0.40000000   0.48078001   0.15386761   0.11115799   0.18421936   0.02799796   0.18169989
  0.42000000   0.47295896   0.16687931   0.09905348   0.19493605   0.02000061   0.18706176
  0.44000000   0.46489305   0.18002735   0.08728740   0.20486346   0.01323006   0.19086221
  0.46000000   0.45659925   0.19325492   0.07595162   0.21389617   0.00778196   0.19303814
  0.48000000   0.44809477   0.20650551   0.06513429   0.22193903   0.00373305   0.19355476
  0.50000000   0.43939701   0.21972323   0.05491913   0.22890813   0.00114026   0.19240606
  0.52000000   0.43052350   0.23285307   0.04538484   0.23473168   0.00003992   0.18961481
  0.54000000   0.42149184   0.24584119   0.03660451   0.23935070   0.00044743   0.18523203
  0.56000000   0.41231964   0.25863516   0.02864510   0.24271959   0.00235712   0.17933594
  0.58000000   0.40302448   0.27118421   0.02156697   0.24480651   0.00574247   0.17203054
  0.60000000   0.39362381   0.28343948   0.01542349   0.24559361   0.01055661   0.16344364
  0.62000000   0.38413497   0.29535421   0.01026073   0.24507714   0.01673313   0.15372458
  0.64000000   0.37457508   0.30688398   0.00611714   0.24326736   0.02418713   0.14304149
  0.66000000   0.36496100   0.31798685   0.00302340   0.24018827   0.03281652   0.13157838
  0.68000000   0.35530930   0.32862353   0.00100225   0.23587728   0.04250358   0.11953187
  0.70000000   0.34563622   0.33875754   0.00006846   0.23038462   0.05311672   0.10710775
  0.72000000   0.33595759   0.34835535   0.00022878   0.22377271   0.06451240   0.09451748
  0.74000000   0.32628884   0.35738643   0.00148209   0.21611538   0.07653720   0.08197450
  0.76000000   0.31664493   0.36582339   0.00381946   0.20749692   0.08903002   0.06969070
  0.78000000   0.30704031   0.37364199   0.00722436   0.19801111   0.10182436   0.05787279
  0.80000000   0.29748892   0.38082124   0.01167294   0.18776009   0.11475064   0.04671888
  0.82000000   0.28800416   0.38734339   0.01713433   0.17685324   0.12763853   0.03641524
  0.84000000   0.27859882   0.39319393   0.02357096   0.16540589   0.14031926   0.02713329
  0.86000000   0.26928510   0.39836159   0.03093900   0.15353808   0.15262794   0.01902683
  0.88000000   0.26007460   0.40283829   0.03918880   0.14137325   0.16440568   0.01222962
  0.90000000   0.25097825   0.40661913   0.04826536   0.12903694   0.17550169   0.00685339
  0.92000000   0.24200638   0.40970227   0.05810886   0.11665541   0.18577521   0.00298613
  0.94000000   0.23316860   0.41208886   0.06865517   0.10435444   0.19509730   0.00069084
  0.96000000   0.22447392   0.41378299   0.07983646   0.09225795   0.20335238   0.00000477
  0.98000000   0.21593064   0.41479150   0.09158170   0.08048687   0.21043964   0.00093902
  1.00000000   0.20754640   0.41512393   0.10381732   0.06915791   0.21627418   0.00347860
  1.02000000   0.19932817   0.41479233   0.11646775   0.05838248   0.22078794   0.00758292
  1.04000000   0.19128227   0.41381116   0.12945606   0.04826566   0.22393038   0.01318671
  1.06000000   0.18341436   0.41219711   0.14270446   0.03890530   0.22566894   0.02020132
  1.08000000   0.17572942   0.40996893   0.15613495   0.03039110   0.22598919   0.02851635
  1.10000000   0.16823184   0.40714731   0.16966985   0.02280399   0.22489482   0.03800169
  1.12000000   0.16092535   0.40375467   0.18323232   0.01621538   0.22240734   0.04850978
  1.14000000   0.15381309   0.39981499   0.19674690   0.01068675   0.21856555   0.05987810
  1.16000000   0.14689760   0.39535364   0.21014000   0.00626918   0.21342482   0.07193197
  1.18000000   0.14018084   0.39039722   0.22334032   0.00300310   0.20705618   0.08448739
  1.20000000   0.13366422   0.38497337   0.23627931   0.00091809   0.19954517   0.09735401
  1.22000000   0.12734863   0.37911056   0.24889157   0.00003286   0.19099055   0.11033823
  1.24000000   0.12123441   0.37283800   0.26111515   0.00035527   0.18150293   0.12324618
  1.26000000   0.11532146   0.36618540   0.27289190   0.00188251   0.17120316   0.13588672
  1.28000000   0.10960917   0.35918281   0.28416777   0.00460136   0.16022075   0.14807436
  1.30000000   0.10409653   0.35186051   0.29489297   0.00848855   0.14869209   0.15963202
  1.32000000   0.09878208   0.34424883   0.30502222   0.01351119   0.13675876   0.17039357
  1.34000000   0.09366399   0.33637796   0.31451488   0.01962732   0.12456566   0.18020623
  1.36000000   0.08874006   0.32827788   0.32333508   0.02678650   0.11225930   0.18893267
  1.38000000   0.08400774   0.31997822   0.33145175   0.03493048   0.09998599   0.19645282
  1.40000000   0.07946420   0.31150807   0.33883868   0.04399390   0.08789013   0.20266547
  1.42000000   0.07510628   0.30289594   0.34547453   0.05390509   0.07611257   0.20748941
  1.44000000   0.07093060   0.29416964   0.35134274   0.06458683   0.06478902   0.21086439
  1.46000000   0.06693350   0.28535615   0.35643152   0.07595720   0.05404861   0.21275163
  1.48000000   0.06311114   0.27648155   0.36073367   0.08793044   0.04401254   0.21313409
  1.50000000   0.05945948   0.26757099   0.36424652   0.10041775   0.03479284   0.21201636
  1.52000000   0.05597431   0.25864853   0.36697171   0.11332818   0.02649133   0.20942421
  1.54000000   0.05265128   0.24973716   0.36891504   0.12656947   0.01919868   0.20540392
  1.56000000   0.04948593   0.24085872   0.37008623   0.14004883   0.01299366   0.20002125
  1.58000000   0.04647369   0.23203386   0.37049873   0.15367378   0.00794251   0.19336018
  1.60000000   0.04360990   0.22328202   0.37016944   0.16735289   0.00409856   0.18552144
  1.62000000   0.04088986   0.21462137   0.36911851   0.18099650   0.00150190   0.17662079
  1.64000000   0.03830882   0.20606884   0.36736899   0.19451742   0.00017929   0.16678712
  1.66000000   0.03586200   0.19764011   0.36494664   0.20783152   0.00014420   0.15616051
  1.68000000   0.03354461   0.18934958   0.36187959   0.22085836   0.00139701   0.14489005
  1.70000000   0.03135189   0.18121037   0.35819809   0.23352164   0.00392533   0.13313169
  1.72000000   0.02927906   0.17323438   0.35393422   0.24574973   0.00770450   0.12104598
  1.74000000   0.02732142   0.16543228   0.34912161   0.25747603   0.01269814   0.10879587
  1.76000000   0.02547428   0.15781353   0.34379515   0.26863931   0.01885888   0.09654449
  1.78000000   0.02373303   0.15038641   0.33799073   0.27918399   0.02612911   0.08445303
  1.80000000   0.02209312   0.14315809   0.33174498   0.28906036   0.03444196   0.07267865
  1.82000000   0.02055007   0.13613460   0.32509500   0.29822473   0.04372212   0.06137257
  1.84000000   0.01909952   0.12932094   0.31807815   0.30663950   0.05388695   0.05067827
  1.86000000   0.01773716   0.12272106   0.31073177   0.31427323   0.06484748   0.04072981
  1.88000000   0.01645881   0.11633798   0.30309300   0.32110061   0.07650949   0.03165042
  1.90000000   0.01526037   0.11017377   0.29519855   0.32710237   0.08877461   0.02355115
  1.92000000   0.01413789   0.10422964   0.28708454   0.33226520   0.10154141   0.01652985
  1.94000000   0.01308750   0.09850598   0.27878630   0.33658153   0.11470646   0.01067029
  1.96000000   0.01210546   0.09300242   0.27033821   0.34004940   0.12816540   0.00604145
  1.98000000   0.01118816   0.08771785   0.26177359   0.34267215   0.14181397   0.00269713
  2.00000000   0.01033209   0.08265055   0.25312452   0.34445820   0.15554896   0.00067569
  2.02000000   0.00953390   0.07779813   0.24442179   0.34542071   0.16926914   0.00000000
  2.04000000   0.00879034   0.07315771   0.23569474   0.34557729   0.18287617   0.00067762
  2.06000000   0.00809829   0.06872584   0.22697123   0.34494964   0.19627530   0.00270115
  2.08000000   0.00745476   0.06449868   0.21827757   0.34356319   0.20937619   0.00604873
  2.10000000   0.00685688   0.06047193   0.20963844   0.34144673   0.22209349   0.01068474
  2.12000000   0.00630191   0.05664096   0.20107688   0.33863207   0.23434741   0.01656060
  2.14000000   0.00578722   0.05300084   0.19261424   0.33515359   0.24606425   0.02361576
  2.16000000   0.00531033   0.04954634   0.18427022   0.33104795   0.25717673   0.03177871
  2.18000000   0.00486883   0.04627203   0.17606281   0.32635364   0.26762438   0.04096815
  2.20000000   0.00446047   0.04317228   0.16800835   0.32111068   0.27735369   0.05109421
  2.22000000   0.00408309   0.04024133   0.16012150   0.31536021   0.28631835   0.06205969
  2.24000000   0.00373465   0.03747328   0.15241534   0.30914416   0.29447925   0.07376140
  2.26000000   0.00341322   0.03486217   0.14490135   0.30250497   0.30180454   0.08609144
  2.28000000   0.00311696   0.03240200   0.13758949   0.29548519   0.30826953   0.09893854
  2.30000000   0.00284413   0.03008672   0.13048821   0.28812728   0.31385659   0.11218934
  2.32000000   0.00259311   0.02791033   0.12360457   0.28047325   0.31855492   0.12572964
  2.34000000   0.00236236   0.02586682   0.11694425   0.27256448   0.32236033   0.13944563
  2.36000000   0.00215042   0.02395026   0.11051167   0.26444144   0.32527497   0.15322502
  2.38000000   0.00195593   0.02215480   0.10430998   0.25614351   0.32730694   0.16695816
  2.40000000   0.00177760   0.02047465   0.09834122   0.24770876   0.32846995   0.18053897
  2.42000000   0.00161425   0.01890417   0.09260633   0.23917383   0.32878295   0.19386593
  2.44000000   0.00146473   0.01743781   0.08710527   0.23057375   0.32826965   0.20684284
  2.46000000   0.00132800   0.01607018   0.08183706   0.22194183   0.32695809   0.21937955
  2.48000000   0.00120307   0.01479601   0.07679987   0.21330958   0.32488022   0.23139257
  2.50000000   0.00108902   0.01361020   0.07199111   0.20470659   0.32207141   0.24280562
  2.52000000   0.00098500   0.01250782   0.06740745   0.19616053   0.31856997   0.25354997
  2.54000000   0.00089019   0.01148409   0.06304498   0.18769705   0.31441672   0.26356480
  2.56000000   0.00080387   0.01053441   0.05889920   0.17933979   0.30965451   0.27279736
  2.58000000   0.00072534   0.00965436   0.05496511   0.17111037   0.30432780   0.28120312
  2.60000000   0.00065396   0.00883970   0.05123730   0.16302838   0.29848222   0.28874576
  2.62000000   0.00058913   0.00808635   0.04770999   0.15511146   0.29216414   0.29539711
  2.64000000   0.00053031   0.00739042   0.04437707   0.14737526   0.28542030   0.30113699
  2.66000000   0.00047697   0.00674822   0.04123220   0.13983352   0.27829746   0.30595299
  2.68000000   0.00042866   0.00615620   0.03826884   0.13249815   0.27084202   0.30984019
  2.70000000   0.00038493   0.00561100   0.03548029   0.12537928   0.26309972   0.31280080
  2.72000000   0.00034539   0.00510944   0.03285975   0.11848529   0.25511536   0.31484377
  2.74000000   0.00030966   0.00464848   0.03040036   0.11182298   0.24693254   0.31598432
  2.76000000   0.00027741   0.00422528   0.02809522   0.10539757   0.23859342   0.31624350
  2.78000000   0.00024831   0.00383714   0.02593746   0.09921284   0.23013850   0.31564768
  2.80000000   0.00022209   0.00348151   0.02392025   0.09327118   0.22160650   0.31422798
  2.82000000   0.00019848   0.00315598   0.02203682   0.08757375   0.21303415   0.31201979
  2.84000000   0.00017724   0.00285832   0.02028052   0.08212050   0.20445612   0.30906219
  2.86000000   0.00015815   0.00258641   0.01864481   0.07691032   0.19590488   0.30539741
  2.88000000   0.00014100   0.00233827   0.01712329   0.07194109   0.18741069   0.30107029
  2.90000000   0.00012560   0.00211204   0.01570972   0.06720982   0.17900149   0.29612777
  2.92000000   0.00011180   0.00190599   0.01439804   0.06271270   0.17070294   0.29061835
  2.94000000   0.00009944   0.00171851   0.01318237   0.05844524   0.16253837   0.28459163
  2.96000000   0.00008837   0.00154808   0.01205704   0.05440227   0.15452880   0.27809781
  2.98000000   0.00007847   0.00139332   0.01101657   0.05057812   0.14669300   0.27118728
  3.00000000   0.00006963   0.00125291   0.01005568   0.04696664   0.13904752   0.26391019
  3.02000000   0.00006173   0.00112565   0.00916934   0.04356127   0.13160676   0.25631608
  3.04000000   0.00005469   0.00101042   0.00835271   0.04035516   0.12438303   0.24845354
  3.06000000   0.00004841   0.00090618   0.00760118   0.03734119   0.11738663   0.24036988
  3.08000000   0.00004281   0.00081198   0.00691034   0.03451205   0.11062598   0.23211088
  3.10000000   0.00003783   0.00072692   0.00627603   0.03186028   0.10410768   0.22372051
  3.12000000   0.00003341   0.00065021   0.00569428   0.02937837   0.09783661   0.21524078
  3.14000000   0.00002948   0.00058107   0.00516133   0.02705873   0.09181607   0.20671152
  3.16000000   0.00002599   0.00051883   0.00467364   0.02489383   0.08604790   0.19817023
  3.18000000   0.00002289   0.00046285   0.00422785   0.02287616   0.08053253   0.18965202
  3.20000000   0.00002015   0.00041254   0.00382083   0.02099829   0.07526916   0.18118951
  3.22000000   0.00001772   0.00036739   0.00344961   0.01925293   0.07025582   0.17281275
  3.24000000   0.00001558   0.00032688   0.00311141   0.01763291   0.06548953   0.16454922
  3.26000000   0.00001368   0.00029059   0.00280363   0.01613123   0.06096639   0.15642385
  3.28000000   0.00001200   0.00025810   0.00252383   0.01474111   0.05668164   0.14845898
  3.30000000   0.00001052   0.00022905   0.00226976   0.01345593   0.05262985   0.14067446
  3.32000000   0.00000922   0.00020308   0.00203929   0.01226931   0.04880493   0.13308770
  3.34000000   0.00000807   0.00017991   0.00183045   0.01117512   0.04520030   0.12571371
  3.36000000   0.00000706   0.00015924   0.00164141   0.01016743   0.04180890   0.11856521
  3.38000000   0.00000617   0.00014082   0.00147048   0.00924058   0.03862335   0.11165274
  3.40000000   0.00000538   0.00012442   0.00131609   0.00838917   0.03563596   0.10498476
  3.42000000   0.00000470   0.00010984   0.00117678   0.00760801   0.03283884   0.09856775
  3.44000000   0.00000410   0.00009688   0.00105121   0.00689220   0.03022398   0.09240637
  3.46000000   0.00000357   0.00008538   0.00093815   0.00623709   0.02778327   0.08650355
  3.48000000   0.00000311   0.00007518   0.00083645   0.00563824   0.02550857   0.08086063
  3.50000000   0.00000270   0.00006613   0.00074506   0.00509150   0.02339176   0.07547751
  3.52000000   0.00000235   0.00005813   0.00066304   0.00459293   0.02142482   0.07035273
  3.54000000   0.00000204   0.00005105   0.00058948   0.00413882   0.01959980   0.06548366
  3.56000000   0.00000177   0.00004480   0.00052359   0.00372570   0.01790892   0.06086659
  3.58000000   0.00000153   0.00003927   0.00046463   0.00335032   0.01634456   0.05649685
  3.60000000   0.00000133   0.00003440   0.00041192   0.00300962   0.01489930   0.05236894
  3.62000000   0.00000115   0.00003011   0.00036485   0.00270077   0.01356594   0.04847663
  3.64000000   0.00000099   0.00002633   0.00032285   0.00242111   0.01233753   0.04481311
  3.66000000   0.00000086   0.00002300   0.00028543   0.00216817   0.01120736   0.04137101
  3.68000000   0.00000074   0.00002008   0.00025210   0.00193966   0.01016898   0.03814258
  3.70000000   0.00000064   0.00001751   0.00022246   0.00173345   0.00921622   0.03511974
  3.72000000   0.00000055   0.00001526   0.00019612   0.00154759   0.00834320   0.03229414
  3.74000000   0.00000048   0.00001329   0.00017274   0.00138025   0.00754429   0.02965730
  3.76000000   0.00000041   0.00001156   0.00015200   0.00122975   0.00681416   0.02720062
  3.78000000   0.00000035   0.00001005   0.00013364   0.00109455   0.00614777   0.02491547
  3.80000000   0.00000030   0.00000873   0.00011738   0.00097324   0.00554032   0.02279325
  3.82000000   0.00000026   0.00000757   0.00010300   0.00086449   0.00498732   0.02082541
  3.84000000   0.00000022   0.00000657   0.00009030   0.00076713   0.00448453   0.01900355
  3.86000000   0.00000019   0.00000569   0.00007910   0.00068005   0.00402796   0.01731941
  3.88000000   0.00000016   0.00000492   0.00006922   0.00060226   0.00361389   0.01576493
  3.90000000   0.00000014   0.00000426   0.00006052   0.00053283   0.00323882   0.01433226
  3.92000000   0.00000012   0.00000368   0.00005287   0.00047093   0.00289950   0.01301379
  3.94000000   0.00000010   0.00000317   0.00004614   0.00041582   0.00259290   0.01180220
  3.96000000   0.00000009   0.00000274   0.00004023   0.00036679   0.00231620   0.01069043
  3.98000000   0.00000007   0.00000236   0.00003504   0.00032322   0.00206679   0.00967169
  4.00000000   0.00000006   0.00000203   0.00003050   0.00028455   0.00184225   0.00873954
  4.02000000   0.00000005   0.00000175   0.00002652   0.00025026   0.00164034   0.00788779
  4.04000000   0.00000005   0.00000150   0.00002304   0.00021988   0.00145900   0.00711060
  4.06000000   0.00000004   0.00000129   0.00002000   0.00019301   0.00129632   0.00640241
  4.08000000   0.00000003   0.00000111   0.00001734   0.00016925   0.00115055   0.00575797
  4.10000000   0.00000003   0.00000095   0.00001502   0.00014827   0.00102009   0.00517233
  4.12000000   0.00000002   0.00000081   0.00001300   0.00012977   0.00090347   0.00464085
  4.14000000   0.00000002   0.00000070   0.00001125   0.00011346   0.00079934   0.00415915
  4.16000000   0.00000002   0.00000060   0.00000972   0.00009911   0.00070647   0.00372314
  4.18000000   0.00000001   0.00000051   0.00000839   0.00008649   0.00062373   0.00332902
  4.20000000   0.00000001   0.00000043   0.00000724   0.00007541   0.00055011   0.00297320
  4.22000000   0.00000001   0.00000037   0.00000623   0.00006568   0.00048468   0.00265239
  4.24000000   0.00000001   0.00000032   0.00000537   0.00005715   0.00042658   0.00236351
  4.26000000   0.00000001   0.00000027   0.00000462   0.00004968   0.00037506   0.00210372
  4.28000000   0.00000001   0.00000023   0.00000397   0.00004315   0.00032942   0.00187037
  4.30000000   0.00000001   0.00000019   0.00000341   0.00003744   0.00028904   0.00166104
  4.32000000   0.00000000   0.00000017   0.00000292   0.00003245   0.00025335   0.00147350
  4.34000000   0.00000000   0.00000014   0.00000251   0.00002810   0.00022184   0.00130567
  4.36000000   0.00000000   0.00000012   0.00000215   0.00002431   0.00019405   0.00115568
  4.38000000   0.00000000   0.00000010   0.00000184   0.00002102   0.00016956   0.00102179
  4.40000000   0.00000000   0.00000009   0.00000157   0.00001815   0.00014802   0.00090241
  4.42000000   0.00000000   0.00000007   0.00000134   0.00001566   0.00012908   0.00079611
  4.44000000   0.00000000   0.00000006   0.00000114   0.00001350   0.00011245   0.00070156
  4.46000000   0.00000000   0.00000005   0.00000097   0.00001162   0.00009787   0.00061757
  4.48000000   0.00000000   0.00000004   0.00000083   0.00001000   0.00008509   0.00054305
  4.50000000   0.00000000   0.00000004   0.00000071   0.00000859   0.00007391   0.00047700
  4.52000000   0.00000000   0.00000003   0.00000060   0.00000738   0.00006413   0.00041853
  4.54000000   0.00000000   0.00000003   0.00000051   0.00000633   0.00005559   0.00036684
  4.56000000   0.00000000   0.00000002   0.00000043   0.00000542   0.00004814   0.00032118
  4.58000000   0.00000000   0.00000002   0.00000037   0.00000465   0.00004164   0.00028091
  4.60000000   0.00000000   0.00000002   0.00000031   0.00000397   0.00003599   0.00024543
  4.62000000   0.00000000   0.00000001   0.00000026   0.00000340   0.00003107   0.00021420
  4.64000000   0.00000000   0.00000001   0.00000022   0.00000290   0.00002680   0.00018674
  4.66000000   0.00000000   0.00000001   0.00000019   0.00000247   0.00002309   0.00016264
  4.68000000   0.00000000   0.00000001   0.00000016   0.00000211   0.00001988   0.00014149
  4.70000000   0.00000000   0.00000001   0.00000013   0.00000180   0.00001710   0.00012297
  4.72000000   0.00000000   0.00000001   0.00000011   0.00000153   0.00001469   0.00010676
  4.74000000   0.00000000   0.00000000   0.00000010   0.00000130   0.00001261   0.00009259
  4.76000000   0.00000000   0.00000000   0.00000008   0.00000110   0.00001081   0.00008021
  4.78000000   0.00000000   0.00000000   0.00000007   0.00000094   0.00000926   0.00006942
  4.80000000   0.00000000   0.00000000   0.00000006   0.00000079   0.00000792   0.00006002
  4.82000000   0.00000000   0.00000000   0.00000005   0.00000067   0.00000678   0.00005184
  4.84000000   0.00000000   0.00000000   0.00000004   0.00000057   0.00000579   0.00004472
  4.86000000   0.00000000   0.00000000   0.00000003   0.00000048   0.00000494   0.00003855
  4.88000000   0.00000000   0.00000000   0.00000003   0.00000041   0.00000421   0.00003319
  4.90000000   0.00000000   0.00000000   0.00000002   0.00000034   0.00000359   0.00002855
  4.92000000   0.00000000   0.00000000   0.00000002   0.00000029   0.00000305   0.00002453
  4.94000000   0.00000000   0.00000000   0.00000002   0.00000024   0.00000259   0.00002106
  4.96000000   0.00000000   0.00000000   0.00000001   0.00000020   0.00000220   0.00001806
  4.98000000   0.00000000   0.00000000   0.00000001   0.00000017   0.00000187   0.00001547
  5.00000000   0.00000000   0.00000000   0.00000001   0.00000014   0.00000158   0.00001324
  5.02000000   0.00000000   0.00000000   0.00000001   0.00000012   0.00000134   0.00001132
  5.04000000   0.00000000   0.00000000   0.00000001   0.00000010   0.00000113   0.00000966
  5.06000000   0.00000000   0.00000000   0.00000001   0.00000009   0.00000096   0.00000825
  5.08000000   0.00000000   0.00000000   0.00000000   0.00000007   0.00000081   0.00000703
  5.10000000   0.00000000   0.00000000   0.00000000   0.00000006   0.00000068   0.00000598
  5.12000000   0.00000000   0.00000000   0.00000000   0.00000005   0.00000058   0.00000509
  5.14000000   0.00000000   0.00000000   0.00000000   0.00000004   0.00000048   0.00000433
  5.16000000   0.00000000   0.00000000   0.00000000   0.00000003   0.00000041   0.00000367
  5.18000000   0.00000000   0.00000000   0.00000000   0.00000003   0.00000034   0.00000311
  5.20000000   0.00000000   0.00000000   0.00000000   0.00000002   0.00000029   0.00000264
  5.22000000   0.00000000   0.00000000   0.00000000   0.00000002   0.00000024   0.00000223
  5.24000000   0.00000000   0.00000000   0.00000000   0.00000002   0.00000020   0.00000189
  5.26000000   0.00000000   0.00000000   0.00000000   0.00000001   0.00000017   0.00000160
  5.28000000   0.00000000   0.00000000   0.00000000   0.00000001   0.00000014   0.00000135
  5.30000000   0.00000000   0.00000000   0.00000000   0.00000001   0.00000012   0.00000114
  5.32000000   0.00000000   0.00000000   0.00000000   0.00000001   0.00000010   0.00000096
  5.34000000   0.00000000   0.00000000   0.00000000   0.00000001   0.00000008   0.00000080
  5.36000000   0.00000000   0.00000000   0.00000000   0.00000001   0.00000007   0.00000068
  5.38000000   0.00000000   0.00000000   0.00000000   0.00000000   0.00000006   0.00000057
  5.40000000   0.00000000   0.00000000   0.00000000   0.00000000   0.00000005   0.00000048
  5.42000000   0.00000000   0.00000000   0.00000000   0.00000000   0.00000004   0.00000040
  5.44000000   0.00000000   0.00000000   0.00000000   0.00000000   0.00000003   0.00000033
  5.46000000   0.00000000   0.00000000   0.00000000   0.00000000   0.00000003   0.00000028
  5.48000000   0.00000000   0.00000000   0.00000000   0.00000000   0.00000002   0.00000023
  5.50000000   0.00000000   0.00000000   0.00000000   0.00000000   0.00000002   0.00000020
  5.52000000   0.00000000   0.00000000   0.00000000   0.00000000   0.00000002   0.00000016
  5.54000000   0.00000000   0.00000000   0.00000000   0.00000000   0.00000001   0.00000014
  5.56000000   0.00000000   0.00000000   0.00000000   0.00000000   0.00000001   0.00000011
  5.58000000   0.00000000   0.00000000   0.00000000   0.00000000   0.00000001   0.00000009
  5.60000000   0.00000000   0.00000000   0.00000000   0.00000000   0.00000001   0.00000008
  5.62000000   0.00000000   0.00000000   0.00000000   0.00000000   0.00000001   0.00000006
  5.64000000   0.00000000   0.00000000   0.00000000   0.00000000   0.00000000   0.00000005
  5.66000000   0.00000000   0.00000000   0.00000000   0.00000000   0.00000000   0.00000004
  5.68000000   0.00000000   0.00000000   0.00000000   0.00000000   0.00000000   0.00000004
  5.70000000   0.00000000   0.00000000   0.00000000   0.00000000   0.00000000   0.00000003
  5.72000000   0.00000000   0.00000000   0.00000000   0.00000000   0.00000000   0.00000003
  5.74000000   0.00000000   0.00000000   0.00000000   0.00000000   0.00000000   0.00000002
  5.76000000   0.00000000   0.00000000   0.00000000   0.00000000   0.00000000   0.00000002
  5.78000000   0.00000000   0.00000000   0.00000000   0.00000000   0.00000000   0.00000001
  5.80000000   0.00000000   0.00000000   0.00000000   0.00000000   0.00000000   0.00000001
  5.82000000   0.00000000   0.00000000   0.00000000   0.00000000   0.00000000   0.00000001
  5.84000000   0.00000000   0.00000000   0.00000000   0.00000000   0.00000000   0.00000001
  5.86000000   0.00000000   0.00000000   0.00000000   0.00000000   0.00000000   0.00000001
  5.88000000   0.00000000   0.00000000   0.00000000   0.00000000   0.00000000   0.00000001
  5.90000000   0.00000000   0.00000000   0.00000000   0.00000000   0.00000000   0.00000000
  5.92000000   0.00000000   0.00000000   0.00000000   0.00000000   0.00000000   0.00000000
  5.94000000   0.00000000   0.00000000   0.00000000   0.00000000   0.00000000   0.00000000
  5.96000000   0.00000000   0.00000000   0.00000000   0.00000000   0.00000000   0.00000000
  5.98000000   0.00000000   0.00000000   0.00000000   0.00000000   0.00000000   0.00000000
  6.00000000   0.00000000   0.00000000   0.00000000   0.00000000   0.00000000   0.00000000
  6.02000000   0.00000000   0.00000000   0.00000000   0.00000000   0.00000000   0.00000000
  6.04000000   0.00000000   0.00000000   0.00000000   0.00000000   0.00000000   0.00000000
  6.06000000   0.00000000   0.00000000   0.00000000   0.00000000   0.00000000   0.00000000
  6.08000000   0.00000000   0.00000000   0.00000000   0.00000000   0.00000000   0.00000000
  6.10000000   0.00000000   0.00000000   0.00000000   0.00000000   0.00000000   0.00000000
  6.12000000   0.00000000   0.00000000   0.00000000   0.00000000   0.00000000   0.00000000
  6.14000000   0.00000000   0.00000000   0.00000000   0.00000000   0.00000000   0.00000000
  6.16000000   0.00000000   0.00000000   0.00000000   0.00000000   0.00000000   0.00000000
  6.18000000   0.00000000   0.00000000   0.00000000   0.00000000   0.00000000   0.00000000
  6.20000000   0.00000000   0.00000000   0.00000000   0.00000000   0.00000000   0.00000000
  6.22000000   0.00000000   0.00000000   0.00000000   0.00000000   0.00000000   0.00000000
  6.24000000   0.00000000   0.00000000   0.00000000   0.00000000   0.00000000   0.00000000
  6.26000000   0.00000000   0.00000000   0.00000000   0.00000000   0.00000000   0.00000000
  6.28000000   0.00000000   0.00000000   0.00000000   0.00000000   0.00000000   0.00000000
  6.30000000   0.00000000   0.00000000   0.00000000   0.00000000   0.00000000   0.00000000
  6.32000000   0.00000000   0.00000000   0.00000000   0.00000000   0.00000000   0.00000000
  6.34000000   0.00000000   0.00000000   0.00000000   0.00000000   0.00000000   0.00000000
  6.36000000   0.00000000   0.00000000   0.00000000   0.00000000   0.00000000   0.00000000
  6.38000000   0.00000000   0.00000000   0.00000000   0.00000000   0.00000000   0.00000000
  6.40000000   0.00000000   0.00000000   0.00000000   0.00000000   0.00000000   0.00000000
  6.42000000   0.00000000   0.00000000   0.00000000   0.00000000   0.00000000   0.00000000
  6.44000000   0.00000000   0.00000000   0.00000000   0.00000000   0.00000000   0.00000000
  6.46000000   0.00000000   0.00000000   0.00000000   0.00000000   0.00000000   0.00000000
  6.48000000   0.00000000   0.00000000   0.00000000   0.00000000   0.00000000   0.00000000
  6.50000000   0.00000000   0.00000000   0.00000000   0.00000000   0.00000000   0.00000000
  6.52000000   0.00000000   0.00000000   0.00000000   0.00000000   0.00000000   0.00000000
  6.54000000   0.00000000   0.00000000   0.00000000   0.00000000   0.00000000   0.00000000
  6.56000000   0.00000000   0.00000000   0.00000000   0.00000000   0.00000000   0.00000000
  6.58000000   0.00000000   0.00000000   0.00000000   0.00000000   0.00000000   0.00000000
  6.60000000   0.00000000   0.00000000   0.00000000   0.00000000   0.00000000   0.00000000
  6.62000000   0.00000000   0.00000000   0.00000000   0.00000000   0.00000000   0.00000000
  6.64000000   0.00000000   0.00000000   0.00000000   0.00000000   0.00000000   0.00000000
  6.66000000   0.00000000   0.00000000   0.00000000   0.00000000   0.00000000   0.00000000
  6.68000000   0.00000000   0.00000000   0.00000000   0.00000000   0.00000000   0.00000000
  6.70000000   0.00000000   0.00000000   0.00000000   0.00000000   0.00000000   0.00000000
  6.72000000   0.00000000   0.00000000   0.00000000   0.00000000   0.00000000   0.00000000
  6.74000000   0.00000000   0.00000000   0.00000000   0.00000000   0.00000000   0.00000000
  6.76000000   0.00000000   0.00000000   0.00000000   0.00000000   0.00000000   0.00000000
  6.78000000   0.00000000   0.00000000   0.00000000   0.00000000   0.00000000   0.00000000
  6.80000000   0.00000000   0.00000000   0.00000000   0.00000000   0.00000000   0.00000000
  6.82000000   0.00000000   0.00000000   0.00000000   0.00000000   0.00000000   0.00000000
  6.84000000   0.00000000   0.00000000   0.00000000   0.00000000   0.00000000   0.00000000
  6.86000000   0.00000000   0.00000000   0.00000000   0.00000000   0.00000000   0.00000000
  6.88000000   0.00000000   0.00000000   0.00000000   0.00000000   0.00000000   0.00000000
  6.90000000   0.00000000   0.00000000   0.00000000   0.00000000   0.00000000   0.00000000
  6.92000000   0.00000000   0.00000000   0.00000000   0.00000000   0.00000000   0.00000000
  6.94000000   0.00000000   0.00000000   0.00000000   0.00000000   0.00000000   0.00000000
  6.96000000   0.00000000   0.00000000   0.00000000   0.00000000   0.00000000   0.00000000
  6.98000000   0.00000000   0.00000000   0.00000000   0.00000000   0.00000000   0.00000000
  7.00000000   0.00000000   0.00000000   0.00000000   0.00000000   0.00000000   0.00000000
  7.02000000   0.00000000   0.00000000   0.00000000   0.00000000   0.00000000   0.00000000
  7.04000000   0.00000000   0.00000000   0.00000000   0.00000000   0.00000000   0.00000000
  7.06000000   0.00000000   0.00000000   0.00000000   0.00000000   0.00000000   0.00000000
  7.08000000   0.00000000   0.00000000   0.00000000   0.00000000   0.00000000   0.00000000
  7.10000000   0.00000000   0.00000000   0.00000000   0.00000000   0.00000000   0.00000000
  7.12000000   0.00000000   0.00000000   0.00000000   0.00000000   0.00000000   0.00000000
  7.14000000   0.00000000   0.00000000   0.00000000   0.00000000   0.00000000   0.00000000
  7.16000000   0.00000000   0.00000000   0.00000000   0.00000000   0.00000000   0.00000000
  7.18000000   0.00000000   0.00000000   0.00000000   0.00000000   0.00000000   0.00000000
  7.20000000   0.00000000   0.00000000   0.00000000   0.00000000   0.00000000   0.00000000
  7.22000000   0.00000000   0.00000000   0.00000000   0.00000000   0.00000000   0.00000000
  7.24000000   0.00000000   0.00000000   0.00000000   0.00000000   0.00000000   0.00000000
  7.26000000   0.00000000   0.00000000   0.00000000   0.00000000   0.00000000   0.00000000
  7.28000000   0.00000000   0.00000000   0.00000000   0.00000000   0.00000000   0.00000000
  7.30000000   0.00000000   0.00000000   0.00000000   0.00000000   0.00000000   0.00000000
  7.32000000   0.00000000   0.00000000   0.00000000   0.00000000   0.00000000   0.00000000
  7.34000000   0.00000000   0.00000000   0.00000000   0.00000000   0.00000000   0.00000000
  7.36000000   0.00000000   0.00000000   0.00000000   0.00000000   0.00000000   0.00000000
  7.38000000   0.00000000   0.00000000   0.00000000   0.00000000   0.00000000   0.00000000
  7.40000000   0.00000000   0.00000000   0.00000000   0.00000000   0.00000000   0.00000000
  7.42000000   0.00000000   0.00000000   0.00000000   0.00000000   0.00000000   0.00000000
  7.44000000   0.00000000   0.00000000   0.00000000   0.00000000   0.00000000   0.00000000
  7.46000000   0.00000000   0.00000000   0.00000000   0.00000000   0.00000000   0.00000000
  7.48000000   0.00000000   0.00000000   0.00000000   0.00000000   0.00000000   0.00000000
  7.50000000   0.00000000   0.00000000   0.00000000   0.00000000   0.00000000   0.00000000
  7.52000000   0.00000000   0.00000000   0.00000000   0.00000000   0.00000000   0.00000000
  7.54000000   0.00000000   0.00000000   0.00000000   0.00000000   0.00000000   0.00000000
  7.56000000   0.00000000   0.00000000   0.00000000   0.00000000   0.00000000   0.00000000
  7.58000000   0.00000000   0.00000000   0.00000000   0.00000000   0.00000000   0.00000000
  7.60000000   0.00000000   0.00000000   0.00000000   0.00000000   0.00000000   0.00000000
  7.62000000   0.00000000   0.00000000   0.00000000   0.00000000   0.00000000   0.00000000
  7.64000000   0.00000000   0.00000000   0.00000000   0.00000000   0.00000000   0.00000000
  7.66000000   0.00000000   0.00000000   0.00000000   0.00000000   0.00000000   0.00000000
  7.68000000   0.00000000   0.00000000   0.00000000   0.00000000   0.00000000   0.00000000
  7.70000000   0.00000000   0.00000000   0.00000000   0.00000000   0.00000000   0.00000000
  7.72000000   0.00000000   0.00000000   0.00000000   0.00000000   0.00000000   0.00000000
  7.74000000   0.00000000   0.00000000   0.00000000   0.00000000   0.00000000   0.00000000
  7.76000000   0.00000000   0.00000000   0.00000000   0.00000000   0.00000000   0.00000000
  7.78000000   0.00000000   0.00000000   0.00000000   0.00000000   0.00000000   0.00000000
  7.80000000   0.00000000   0.00000000   0.00000000   0.00000000   0.00000000   0.00000000
  7.82000000   0.00000000   0.00000000   0.00000000   0.00000000   0.00000000   0.00000000
  7.84000000   0.00000000   0.00000000   0.00000000   0.00000000   0.00000000   0.00000000
  7.86000000   0.00000000   0.00000000   0.00000000   0.00000000   0.00000000   0.00000000
  7.88000000   0.00000000   0.00000000   0.00000000   0.00000000   0.00000000   0.00000000
  7.90000000   0.00000000   0.00000000   0.00000000   0.00000000   0.00000000   0.00000000
  7.92000000   0.00000000   0.00000000   0.00000000   0.00000000   0.00000000   0.00000000
  7.94000000   0.00000000   0.00000000   0.00000000   0.00000000   0.00000000   0.00000000
  7.96000000   0.00000000   0.00000000   0.00000000   0.00000000   0.00000000   0.00000000
  7.98000000   0.00000000   0.00000000   0.00000000   0.00000000   0.00000000   0.00000000
  8.00000000   0.00000000   0.00000000   0.00000000   0.00000000   0.00000000   0.00000000
  8.02000000   0.00000000   0.00000000   0.00000000   0.00000000   0.00000000   0.00000000
  8.04000000   0.00000000   0.00000000   0.00000000   0.00000000   0.00000000   0.00000000
  8.06000000   0.00000000   0.00000000   0.00000000   0.00000000   0.00000000   0.00000000
  8.08000000   0.00000000   0.00000000   0.00000000   0.00000000   0.00000000   0.00000000
  8.10000000   0.00000000   0.00000000   0.00000000   0.00000000   0.00000000   0.00000000
  8.12000000   0.00000000   0.00000000   0.00000000   0.00000000   0.00000000   0.00000000
  8.14000000   0.00000000   0.00000000   0.00000000   0.00000000   0.00000000   0.00000000
  8.16000000   0.00000000   0.00000000   0.00000000   0.00000000   0.00000000   0.00000000
  8.18000000   0.00000000   0.00000000   0.00000000   0.00000000   0.00000000   0.00000000
  8.20000000   0.00000000   0.00000000   0.00000000   0.00000000   0.00000000   0.00000000
  8.22000000   0.00000000   0.00000000   0.00000000   0.00000000   0.00000000   0.00000000
  8.24000000   0.00000000   0.00000000   0.00000000   0.00000000   0.00000000   0.00000000
  8.26000000   0.00000000   0.00000000   0.00000000   0.00000000   0.00000000   0.00000000
  8.28000000   0.00000000   0.00000000   0.00000000   0.00000000   0.00000000   0.00000000
  8.30000000   0.00000000   0.00000000   0.00000000   0.00000000   0.00000000   0.00000000
  8.32000000   0.00000000   0.00000000   0.00000000   0.00000000   0.00000000   0.00000000
  8.34000000   0.00000000   0.00000000   0.00000000   0.00000000   0.00000000   0.00000000
  8.36000000   0.00000000   0.00000000   0.00000000   0.00000000   0.00000000   0.00000000
  8.38000000   0.00000000   0.00000000   0.00000000   0.00000000   0.00000000   0.00000000
  8.40000000   0.00000000   0.00000000   0.00000000   0.00000000   0.00000000   0.00000000
  8.42000000   0.00000000   0.00000000   0.00000000   0.00000000   0.00000000   0.00000000
  8.44000000   0.00000000   0.00000000   0.00000000   0.00000000   0.00000000   0.00000000
  8.46000000   0.00000000   0.00000000   0.00000000   0.00000000   0.00000000   0.00000000
  8.48000000   0.00000000   0.00000000   0.00000000   0.00000000   0.00000000   0.00000000
  8.50000000   0.00000000   0.00000000   0.00000000   0.00000000   0.00000000   0.00000000
  8.52000000   0.00000000   0.00000000   0.00000000   0.00000000   0.00000000   0.00000000
  8.54000000   0.00000000   0.00000000   0.00000000   0.00000000   0.00000000   0.00000000
  8.56000000   0.00000000   0.00000000   0.00000000   0.00000000   0.00000000   0.00000000
  8.58000000   0.00000000   0.00000000   0.00000000   0.00000000   0.00000000   0.00000000
  8.60000000   0.00000000   0.00000000   0.00000000   0.00000000   0.00000000   0.00000000
  8.62000000   0.00000000   0.00000000   0.00000000   0.00000000   0.00000000   0.00000000
  8.64000000   0.00000000   0.00000000   0.00000000   0.00000000   0.00000000   0.00000000
  8.66000000   0.00000000   0.00000000   0.00000000   0.00000000   0.00000000   0.00000000
  8.68000000   0.00000000   0.00000000   0.00000000   0.00000000   0.00000000   0.00000000
  8.70000000   0.00000000   0.00000000   0.00000000   0.00000000   0.00000000   0.00000000
  8.72000000   0.00000000   0.00000000   0.00000000   0.00000000   0.00000000   0.00000000
  8.74000000   0.00000000   0.00000000   0.00000000   0.00000000   0.00000000   0.00000000
  8.76000000   0.00000000   0.00000000   0.00000000   0.00000000   0.00000000   0.00000000
  8.78000000   0.00000000   0.00000000   0.00000000   0.00000000   0.00000000   0.00000000
  8.80000000   0.00000000   0.00000000   0.00000000   0.00000000   0.00000000   0.00000000
  8.82000000   0.00000000   0.00000000   0.00000000   0.00000000   0.00000000   0.00000000
  8.84000000   0.00000000   0.00000000   0.00000000   0.00000000   0.00000000   0.00000000
  8.86000000   0.00000000   0.00000000   0.00000000   0.00000000   0.00000000   0.00000000
  8.88000000   0.00000000   0.00000000   0.00000000   0.00000000   0.00000000   0.00000000
  8.90000000   0.00000000   0.00000000   0.00000000   0.00000000   0.00000000   0.00000000
  8.92000000   0.00000000   0.00000000   0.00000000   0.00000000   0.00000000   0.00000000
  8.94000000   0.00000000   0.00000000   0.00000000   0.00000000   0.00000000   0.00000000
  8.96000000   0.00000000   0.00000000   0.00000000   0.00000000   0.00000000   0.00000000
  8.98000000   0.00000000   0.00000000   0.00000000   0.00000000   0.00000000   0.00000000
  9.00000000   0.00000000   0.00000000   0.00000000   0.00000000   0.00000000   0.00000000
  9.02000000   0.00000000   0.00000000   0.00000000   0.00000000   0.00000000   0.00000000
  9.04000000   0.00000000   0.00000000   0.00000000   0.00000000   0.00000000   0.00000000
  9.06000000   0.00000000   0.00000000   0.00000000   0.00000000   0.00000000   0.00000000
  9.08000000   0.00000000   0.00000000   0.00000000   0.00000000   0.00000000   0.00000000
  9.10000000   0.00000000   0.00000000   0.00000000   0.00000000   0.00000000   0.00000000
  9.12000000   0.00000000   0.00000000   0.00000000   0.00000000   0.00000000   0.00000000
  9.14000000   0.00000000   0.00000000   0.00000000   0.00000000   0.00000000   0.00000000
  9.16000000   0.00000000   0.00000000   0.00000000   0.00000000   0.00000000   0.00000000
  9.18000000   0.00000000   0.00000000   0.00000000   0.00000000   0.00000000   0.00000000
  9.20000000   0.00000000   0.00000000   0.00000000   0.00000000   0.00000000   0.00000000
  9.22000000   0.00000000   0.00000000   0.00000000   0.00000000   0.00000000   0.00000000
  9.24000000   0.00000000   0.00000000   0.00000000   0.00000000   0.00000000   0.00000000
  9.26000000   0.00000000   0.00000000   0.00000000   0.00000000   0.00000000   0.00000000
  9.28000000   0.00000000   0.00000000   0.00000000   0.00000000   0.00000000   0.00000000
  9.30000000   0.00000000   0.00000000   0.00000000   0.00000000   0.00000000   0.00000000
  9.32000000   0.00000000   0.00000000   0.00000000   0.00000000   0.00000000   0.00000000
  9.34000000   0.00000000   0.00000000   0.00000000   0.00000000   0.00000000   0.00000000
  9.36000000   0.00000000   0.00000000   0.00000000   0.00000000   0.00000000   0.00000000
  9.38000000   0.00000000   0.00000000   0.00000000   0.00000000   0.00000000   0.00000000
  9.40000000   0.00000000   0.00000000   0.00000000   0.00000000   0.00000000   0.00000000
  9.42000000   0.00000000   0.00000000   0.00000000   0.00000000   0.00000000   0.00000000
  9.44000000   0.00000000   0.00000000   0.00000000   0.00000000   0.00000000   0.00000000
  9.46000000   0.00000000   0.00000000   0.00000000   0.00000000   0.00000000   0.00000000
  9.48000000   0.00000000   0.00000000   0.00000000   0.00000000   0.00000000   0.00000000
  9.50000000   0.00000000   0.00000000   0.00000000   0.00000000   0.00000000   0.00000000
  9.52000000   0.00000000   0.00000000   0.00000000   0.00000000   0.00000000   0.00000000
  9.54000000   0.00000000   0.00000000   0.00000000   0.00000000   0.00000000   0.00000000
  9.56000000   0.00000000   0.00000000   0.00000000   0.00000000   0.00000000   0.00000000
  9.58000000   0.00000000   0.00000000   0.00000000   0.00000000   0.00000000   0.00000000
  9.60000000   0.00000000   0.00000000   0.00000000   0.00000000   0.00000000   0.00000000
  9.62000000   0.00000000   0.00000000   0.00000000   0.00000000   0.00000000   0.00000000
  9.64000000   0.00000000   0.00000000   0.00000000   0.00000000   0.00000000   0.00000000
  9.66000000   0.00000000   0.00000000   0.00000000   0.00000000   0.00000000   0.00000000
  9.68000000   0.00000000   0.00000000   0.00000000   0.00000000   0.00000000   0.00000000
  9.70000000   0.00000000   0.00000000   0.00000000   0.00000000   0.00000000   0.00000000
  9.72000000   0.00000000   0.00000000   0.00000000   0.00000000   0.00000000   0.00000000
  9.74000000   0.00000000   0.00000000   0.00000000   0.00000000   0.00000000   0.00000000
  9.76000000   0.00000000   0.00000000   0.00000000   0.00000000   0.00000000   0.00000000
  9.78000000   0.00000000   0.00000000   0.00000000   0.00000000   0.00000000   0.00000000
  9.80000000   0.00000000   0.00000000   0.00000000   0.00000000   0.00000000   0.00000000
  9.82000000   0.00000000   0.00000000   0.00000000   0.00000000   0.00000000   0.00000000
  9.84000000   0.00000000   0.00000000   0.00000000   0.00000000   0.00000000   0.00000000
  9.86000000   0.00000000   0.00000000   0.00000000   0.00000000   0.00000000   0.00000000
  9.88000000   0.00000000   0.00000000   0.00000000   0.00000000   0.00000000   0.00000000
  9.90000000   0.00000000   0.00000000   0.00000000   0.00000000   0.00000000   0.00000000
  9.92000000   0.00000000   0.00000000   0.00000000   0.00000000   0.00000000   0.00000000
  9.94000000   0.00000000   0.00000000   0.00000000   0.00000000   0.00000000   0.00000000
  9.96000000   0.00000000   0.00000000   0.00000000   0.00000000   0.00000000   0.00000000
  9.98000000   0.00000000   0.00000000   0.00000000   0.00000000   0.00000000   0.00000000
 10.00000000   0.00000000   0.00000000   0.00000000   0.00000000   0.00000000   0.00000000
