# N=  800      0.99998594     2.99992969     4.99981718     6.99964842     8.99942340    10.99914215
   -5.98500000     0.00000000     0.00000000     0.00000000     0.00000000     0.00000000     0.00000000
   -5.97000000     0.00000000     0.00000000     0.00000000     0.00000000     0.00000000     0.00000000
   -5.95500000     0.00000000     0.00000000     0.00000000     0.00000000     0.00000000     0.00000000
   -5.94000000     0.00000000     0.00000000     0.00000000     0.00000000     0.00000000     0.00000000
   -5.92500000     0.00000000     0.00000000     0.00000000     0.00000000     0.00000000     0.00000000
   -5.91000000     0.00000000     0.00000000     0.00000000     0.00000000     0.00000000     0.00000000
   -5.89500000     0.00000000     0.00000000     0.00000000     0.00000000     0.00000000     0.00000000
   -5.88000000     0.00000000     0.00000000     0.00000000     0.00000000     0.00000000     0.00000000
   -5.86500000     0.00000000     0.00000000     0.00000000     0.00000000     0.00000000     0.00000000
   -5.85000000     0.00000000     0.00000000     0.00000000     0.00000000     0.00000000     0.00000000
   -5.83500000     0.00000000     0.00000000     0.00000000     0.00000000     0.00000000     0.00000001
   -5.82000000     0.00000000     0.00000000     0.00000000     0.00000000     0.00000000     0.00000001
   -5.80500000     0.00000000     0.00000000     0.00000000     0.00000000     0.00000000     0.00000001
   -5.79000000     0.00000000     0.00000000     0.00000000     0.00000000     0.00000000     0.00000001
   -5.77500000     0.00000000     0.00000000     0.00000000     0.00000000     0.00000000     0.00000001
   -5.76000000     0.00000000     0.00000000     0.00000000     0.00000000     0.00000000     0.00000001
   -5.74500000     0.00000000     0.00000000     0.00000000     0.00000000     0.00000000     0.00000002
   -5.73000000     0.00000000     0.00000000     0.00000000     0.00000000     0.00000000     0.00000002
   -5.71500000     0.00000000     0.00000000     0.00000000     0.00000000     0.00000000     0.00000002
   -5.70000000     0.00000000     0.00000000     0.00000000     0.00000000     0.00000000     0.00000003
   -5.68500000     0.00000000     0.00000000     0.00000000     0.00000000     0.00000000     0.00000003
   -5.67000000     0.00000000     0.00000000     0.00000000     0.00000000     0.00000000     0.00000004
   -5.65500000     0.00000000     0.00000000     0.00000000     0.00000000     0.00000000     0.00000004
   -5.64000000     0.00000000     0.00000000     0.00000000     0.00000000     0.00000000     0.00000005
   -5.62500000     0.00000000     0.00000000     0.00000000     0.00000000     0.00000001     0.00000006
   -5.61000000     0.00000000     0.00000000     0.00000000     0.00000000     0.00000001     0.00000007
   -5.59500000     0.00000000     0.00000000     0.00000000     0.00000000     0.00000001     0.00000008
   -5.58000000     0.00000000     0.00000000     0.00000000     0.00000000     0.00000001     0.00000009
   -5.56500000     0.00000000     0.00000000     0.00000000     0.00000000     0.00000001     0.00000010
   -5.55000000     0.00000000     0.00000000     0.00000000     0.00000000     0.00000001     0.00000012
   -5.53500000     0.00000000     0.00000000     0.00000000     0.00000000     0.00000001     0.00000014
   -5.52000000     0.00000000     0.00000000     0.00000000     0.00000000     0.00000002     0.00000016
   -5.50500000     0.00000000     0.00000000     0.00000000     0.00000000     0.00000002     0.00000018
   -5.49000000     0.00000000     0.00000000     0.00000000     0.00000000     0.00000002     0.00000021
   -5.47500000     0.00000000     0.00000000     0.00000000     0.00000000     0.00000002     0.00000024
   -5.46000000     0.00000000     0.00000000     0.00000000     0.00000000     0.00000003     0.00000028
   -5.44500000     0.00000000     0.00000000     0.00000000     0.00000000     0.00000003     0.00000032
   -5.43000000     0.00000000     0.00000000     0.00000000     0.00000000     0.00000004     0.00000036
   -5.41500000     0.00000000     0.00000000     0.00000000     0.00000000     0.00000004     0.00000041
   -5.40000000     0.00000000     0.00000000     0.00000000     0.00000000     0.00000005     0.00000047
   -5.38500000     0.00000000     0.00000000     0.00000000     0.00000000     0.00000005     0.00000054
   -5.37000000     0.00000000     0.00000000     0.00000000     0.00000000     0.00000006     0.00000062
   -5.35500000     0.00000000     0.00000000     0.00000000     0.00000001     0.00000007     0.00000070
   -5.34000000     0.00000000     0.00000000     0.00000000     0.00000001     0.00000008     0.00000080
   -5.32500000     0.00000000     0.00000000     0.00000000     0.00000001     0.00000009     0.00000091
   -5.31000000     0.00000000     0.00000000     0.00000000     0.00000001     0.00000011     0.00000104
   -5.29500000     0.00000000     0.00000000     0.00000000     0.00000001     0.00000012     0.00000118
   -5.28000000     0.00000000     0.00000000     0.00000000     0.00000001     0.00000014     0.00000134
   -5.26500000     0.00000000     0.00000000     0.00000000     0.00000001     0.00000016     0.00000153
   -5.25000000     0.00000000     0.00000000     0.00000000     0.00000002     0.00000018     0.00000173
   -5.23500000     0.00000000     0.00000000     0.00000000     0.00000002     0.00000021     0.00000197
   -5.22000000     0.00000000     0.00000000     0.00000000     0.00000002     0.00000024     0.00000223
   -5.20500000     0.00000000     0.00000000     0.00000000     0.00000002     0.00000027     0.00000253
   -5.19000000     0.00000000     0.00000000     0.00000000     0.00000003     0.00000031     0.00000286
   -5.17500000     0.00000000     0.00000000     0.00000000     0.00000003     0.00000036     0.00000324
   -5.16000000     0.00000000     0.00000000     0.00000000     0.00000003     0.00000041     0.00000367
   -5.14500000     0.00000000     0.00000000     0.00000000     0.00000004     0.00000046     0.00000415
   -5.13000000     0.00000000     0.00000000     0.00000000     0.00000005     0.00000053     0.00000469
   -5.11500000     0.00000000     0.00000000     0.00000000     0.00000005     0.00000060     0.00000530
   -5.10000000     0.00000000     0.00000000     0.00000000     0.00000006     0.00000068     0.00000598
   -5.08500000     0.00000000     0.00000000     0.00000000     0.00000007     0.00000078     0.00000675
   -5.07000000     0.00000000     0.00000000     0.00000000     0.00000008     0.00000088     0.00000761
   -5.05500000     0.00000000     0.00000000     0.00000001     0.00000009     0.00000100     0.00000858
   -5.04000000     0.00000000     0.00000000     0.00000001     0.00000010     0.00000113     0.00000967
   -5.02500000     0.00000000     0.00000000     0.00000001     0.00000012     0.00000129     0.00001088
   -5.01000000     0.00000000     0.00000000     0.00000001     0.00000013     0.00000146     0.00001224
   -4.99500000     0.00000000     0.00000000     0.00000001     0.00000015     0.00000165     0.00001377
   -4.98000000     0.00000000     0.00000000     0.00000001     0.00000017     0.00000187     0.00001547
   -4.96500000     0.00000000     0.00000000     0.00000001     0.00000020     0.00000211     0.00001738
   -4.95000000     0.00000000     0.00000000     0.00000001     0.00000022     0.00000239     0.00001951
   -4.93500000     0.00000000     0.00000000     0.00000002     0.00000025     0.00000270     0.00002189
   -4.92000000     0.00000000     0.00000000     0.00000002     0.00000029     0.00000305     0.00002454
   -4.90500000     0.00000000     0.00000000     0.00000002     0.00000033     0.00000344     0.00002750
   -4.89000000     0.00000000     0.00000000     0.00000003     0.00000037     0.00000389     0.00003080
   -4.87500000     0.00000000     0.00000000     0.00000003     0.00000042     0.00000438     0.00003448
   -4.86000000     0.00000000     0.00000000     0.00000003     0.00000048     0.00000494     0.00003857
   -4.84500000     0.00000000     0.00000000     0.00000004     0.00000054     0.00000556     0.00004312
   -4.83000000     0.00000000     0.00000000     0.00000004     0.00000062     0.00000626     0.00004818
   -4.81500000     0.00000000     0.00000000     0.00000005     0.00000070     0.00000705     0.00005381
   -4.80000000     0.00000000     0.00000000     0.00000006     0.00000079     0.00000793     0.00006006
   -4.78500000     0.00000000     0.00000000     0.00000006     0.00000090     0.00000891     0.00006699
   -4.77000000     0.00000000     0.00000000     0.00000007     0.00000102     0.00001001     0.00007468
   -4.75500000     0.00000000     0.00000000     0.00000008     0.00000115     0.00001124     0.00008320
   -4.74000000     0.00000000     0.00000000     0.00000010     0.00000130     0.00001261     0.00009265
   -4.72500000     0.00000000     0.00000001     0.00000011     0.00000147     0.00001414     0.00010310
   -4.71000000     0.00000000     0.00000001     0.00000012     0.00000166     0.00001585     0.00011467
   -4.69500000     0.00000000     0.00000001     0.00000014     0.00000187     0.00001776     0.00012745
   -4.68000000     0.00000000     0.00000001     0.00000016     0.00000211     0.00001989     0.00014159
   -4.66500000     0.00000000     0.00000001     0.00000018     0.00000238     0.00002226     0.00015719
   -4.65000000     0.00000000     0.00000001     0.00000020     0.00000268     0.00002489     0.00017441
   -4.63500000     0.00000000     0.00000001     0.00000023     0.00000302     0.00002782     0.00019341
   -4.62000000     0.00000000     0.00000001     0.00000026     0.00000340     0.00003109     0.00021434
   -4.60500000     0.00000000     0.00000001     0.00000030     0.00000382     0.00003471     0.00023740
   -4.59000000     0.00000000     0.00000002     0.00000034     0.00000430     0.00003873     0.00026279
   -4.57500000     0.00000000     0.00000002     0.00000038     0.00000483     0.00004320     0.00029071
   -4.56000000     0.00000000     0.00000002     0.00000043     0.00000543     0.00004816     0.00032141
   -4.54500000     0.00000000     0.00000002     0.00000049     0.00000609     0.00005365     0.00035513
   -4.53000000     0.00000000     0.00000003     0.00000055     0.00000684     0.00005974     0.00039216
   -4.51500000     0.00000000     0.00000003     0.00000063     0.00000767     0.00006648     0.00043279
   -4.50000000     0.00000000     0.00000004     0.00000071     0.00000859     0.00007394     0.00047734
   -4.48500000     0.00000000     0.00000004     0.00000080     0.00000963     0.00008219     0.00052615
   -4.47000000     0.00000000     0.00000005     0.00000090     0.00001078     0.00009131     0.00057960
   -4.45500000     0.00000000     0.00000005     0.00000101     0.00001207     0.00010139     0.00063810
   -4.44000000     0.00000000     0.00000006     0.00000114     0.00001350     0.00011251     0.00070206
   -4.42500000     0.00000000     0.00000007     0.00000129     0.00001509     0.00012478     0.00077197
   -4.41000000     0.00000000     0.00000008     0.00000145     0.00001686     0.00013831     0.00084831
   -4.39500000     0.00000000     0.00000009     0.00000163     0.00001883     0.00015323     0.00093164
   -4.38000000     0.00000000     0.00000010     0.00000184     0.00002102     0.00016965     0.00102251
   -4.36500000     0.00000000     0.00000011     0.00000206     0.00002345     0.00018773     0.00112155
   -4.35000000     0.00000000     0.00000013     0.00000232     0.00002615     0.00020761     0.00122943
   -4.33500000     0.00000000     0.00000015     0.00000260     0.00002914     0.00022947     0.00134684
   -4.32000000     0.00000000     0.00000017     0.00000292     0.00003246     0.00025348     0.00147454
   -4.30500000     0.00000001     0.00000019     0.00000328     0.00003614     0.00027984     0.00161334
   -4.29000000     0.00000001     0.00000021     0.00000368     0.00004021     0.00030877     0.00176409
   -4.27500000     0.00000001     0.00000024     0.00000412     0.00004471     0.00034049     0.00192772
   -4.26000000     0.00000001     0.00000027     0.00000462     0.00004970     0.00037526     0.00210520
   -4.24500000     0.00000001     0.00000030     0.00000517     0.00005520     0.00041333     0.00229755
   -4.23000000     0.00000001     0.00000034     0.00000579     0.00006129     0.00045500     0.00250590
   -4.21500000     0.00000001     0.00000039     0.00000647     0.00006801     0.00050058     0.00273139
   -4.20000000     0.00000001     0.00000043     0.00000724     0.00007543     0.00055040     0.00297527
   -4.18500000     0.00000001     0.00000049     0.00000809     0.00008361     0.00060483     0.00323884
   -4.17000000     0.00000002     0.00000055     0.00000903     0.00009263     0.00066425     0.00352350
   -4.15500000     0.00000002     0.00000062     0.00001008     0.00010256     0.00072908     0.00383071
   -4.14000000     0.00000002     0.00000070     0.00001125     0.00011350     0.00079976     0.00416200
   -4.12500000     0.00000002     0.00000078     0.00001254     0.00012554     0.00087678     0.00451900
   -4.11000000     0.00000003     0.00000088     0.00001398     0.00013877     0.00096065     0.00490343
   -4.09500000     0.00000003     0.00000099     0.00001557     0.00015332     0.00105191     0.00531709
   -4.08000000     0.00000003     0.00000111     0.00001734     0.00016931     0.00115116     0.00576185
   -4.06500000     0.00000004     0.00000124     0.00001930     0.00018685     0.00125902     0.00623970
   -4.05000000     0.00000004     0.00000139     0.00002147     0.00020610     0.00137617     0.00675272
   -4.03500000     0.00000005     0.00000156     0.00002387     0.00022721     0.00150331     0.00730306
   -4.02000000     0.00000005     0.00000175     0.00002652     0.00025035     0.00164121     0.00789300
   -4.00500000     0.00000006     0.00000196     0.00002946     0.00027568     0.00179068     0.00852489
   -3.99000000     0.00000007     0.00000219     0.00003270     0.00030341     0.00195259     0.00920119
   -3.97500000     0.00000008     0.00000245     0.00003628     0.00033375     0.00212785     0.00992445
   -3.96000000     0.00000009     0.00000274     0.00004023     0.00036692     0.00231742     0.01069733
   -3.94500000     0.00000010     0.00000306     0.00004459     0.00040316     0.00252235     0.01152256
   -3.93000000     0.00000011     0.00000342     0.00004940     0.00044273     0.00274373     0.01240299
   -3.91500000     0.00000012     0.00000381     0.00005470     0.00048592     0.00298271     0.01334155
   -3.90000000     0.00000014     0.00000426     0.00006053     0.00053302     0.00324051     0.01434127
   -3.88500000     0.00000016     0.00000475     0.00006695     0.00058436     0.00351843     0.01540526
   -3.87000000     0.00000018     0.00000529     0.00007402     0.00064029     0.00381782     0.01653670
   -3.85500000     0.00000020     0.00000589     0.00008178     0.00070117     0.00414012     0.01773889
   -3.84000000     0.00000022     0.00000656     0.00009032     0.00076742     0.00448685     0.01901515
   -3.82500000     0.00000025     0.00000731     0.00009970     0.00083944     0.00485958     0.02036891
   -3.81000000     0.00000028     0.00000813     0.00010999     0.00091771     0.00525998     0.02180365
   -3.79500000     0.00000031     0.00000904     0.00012128     0.00100271     0.00568981     0.02332288
   -3.78000000     0.00000035     0.00001005     0.00013366     0.00109496     0.00615089     0.02493019
   -3.76500000     0.00000039     0.00001116     0.00014723     0.00119502     0.00664514     0.02662917
   -3.75000000     0.00000044     0.00001240     0.00016209     0.00130348     0.00717456     0.02842346
   -3.73500000     0.00000049     0.00001376     0.00017836     0.00142097     0.00774124     0.03031670
   -3.72000000     0.00000055     0.00001526     0.00019616     0.00154817     0.00834736     0.03231253
   -3.70500000     0.00000062     0.00001692     0.00021562     0.00168578     0.00899518     0.03441456
   -3.69000000     0.00000069     0.00001875     0.00023689     0.00183458     0.00968705     0.03662640
   -3.67500000     0.00000077     0.00002078     0.00026012     0.00199536     0.01042542     0.03895159
   -3.66000000     0.00000086     0.00002300     0.00028549     0.00216898     0.01121283     0.04139362
   -3.64500000     0.00000096     0.00002546     0.00031315     0.00235634     0.01205188     0.04395586
   -3.63000000     0.00000107     0.00002816     0.00034332     0.00255840     0.01294528     0.04664164
   -3.61500000     0.00000119     0.00003113     0.00037620     0.00277618     0.01389583     0.04945410
   -3.60000000     0.00000133     0.00003440     0.00041201     0.00301074     0.01490639     0.05239628
   -3.58500000     0.00000148     0.00003800     0.00045099     0.00326322     0.01597991     0.05547103
   -3.57000000     0.00000165     0.00004195     0.00049340     0.00353480     0.01711942     0.05868101
   -3.55500000     0.00000183     0.00004629     0.00053951     0.00382673     0.01832802     0.06202866
   -3.54000000     0.00000204     0.00005105     0.00058962     0.00414035     0.01960886     0.06551617
   -3.52500000     0.00000227     0.00005628     0.00064403     0.00447702     0.02096518     0.06914547
   -3.51000000     0.00000252     0.00006201     0.00070310     0.00483820     0.02240025     0.07291818
   -3.49500000     0.00000280     0.00006830     0.00076717     0.00522543     0.02391739     0.07683558
   -3.48000000     0.00000310     0.00007518     0.00083664     0.00564030     0.02551998     0.08089861
   -3.46500000     0.00000345     0.00008272     0.00091191     0.00608448     0.02721142     0.08510779
   -3.45000000     0.00000382     0.00009096     0.00099342     0.00655972     0.02899511     0.08946327
   -3.43500000     0.00000424     0.00009998     0.00108164     0.00706784     0.03087450     0.09396469
   -3.42000000     0.00000470     0.00010985     0.00117706     0.00761074     0.03285302     0.09861125
   -3.40500000     0.00000520     0.00012062     0.00128020     0.00819042     0.03493408     0.10340163
   -3.39000000     0.00000576     0.00013239     0.00139164     0.00880891     0.03712108     0.10833394
   -3.37500000     0.00000638     0.00014524     0.00151196     0.00946837     0.03941736     0.11340576
   -3.36000000     0.00000705     0.00015925     0.00164180     0.01017102     0.04182624     0.11861403
   -3.34500000     0.00000780     0.00017453     0.00178183     0.01091914     0.04435093     0.12395507
   -3.33000000     0.00000862     0.00019118     0.00193274     0.01171513     0.04699457     0.12942456
   -3.31500000     0.00000953     0.00020932     0.00209531     0.01256142     0.04976020     0.13501746
   -3.30000000     0.00001052     0.00022907     0.00227031     0.01346057     0.05265071     0.14072805
   -3.28500000     0.00001161     0.00025055     0.00245858     0.01441517     0.05566888     0.14654986
   -3.27000000     0.00001281     0.00027392     0.00266102     0.01542790     0.05881729     0.15247568
   -3.25500000     0.00001413     0.00029932     0.00287855     0.01650151     0.06209835     0.15849752
   -3.24000000     0.00001557     0.00032692     0.00311216     0.01763883     0.06551424     0.16460660
   -3.22500000     0.00001716     0.00035688     0.00336288     0.01884273     0.06906693     0.17079336
   -3.21000000     0.00001890     0.00038940     0.00363180     0.02011616     0.07275811     0.17704741
   -3.19500000     0.00002081     0.00042466     0.00392006     0.02146211     0.07658919     0.18335756
   -3.18000000     0.00002289     0.00046290     0.00422887     0.02288362     0.08056128     0.18971180
   -3.16500000     0.00002518     0.00050433     0.00455949     0.02438379     0.08467515     0.19609729
   -3.15000000     0.00002768     0.00054919     0.00491322     0.02596574     0.08893119     0.20250042
   -3.13500000     0.00003042     0.00059775     0.00529146     0.02763263     0.09332943     0.20890676
   -3.12000000     0.00003341     0.00065028     0.00569564     0.02938763     0.09786946     0.21530110
   -3.10500000     0.00003668     0.00070708     0.00612728     0.03123394     0.10255045     0.22166748
   -3.09000000     0.00004025     0.00076845     0.00658794     0.03317473     0.10737107     0.22798920
   -3.07500000     0.00004415     0.00083474     0.00707927     0.03521321     0.11232951     0.23424889
   -3.06000000     0.00004840     0.00090629     0.00760297     0.03735254     0.11742346     0.24042848
   -3.04500000     0.00005305     0.00098349     0.00816082     0.03959585     0.12265003     0.24650931
   -3.03000000     0.00005811     0.00106673     0.00875466     0.04194623     0.12800576     0.25247216
   -3.01500000     0.00006362     0.00115644     0.00938640     0.04440673     0.13348662     0.25829727
   -3.00000000     0.00006963     0.00125307     0.01005802     0.04698032     0.13908794     0.26396448
   -2.98500000     0.00007617     0.00135709     0.01077158     0.04966986     0.14480441     0.26945320
   -2.97000000     0.00008328     0.00146902     0.01152919     0.05247815     0.15063008     0.27474258
   -2.95500000     0.00009102     0.00158938     0.01233304     0.05540785     0.15655829     0.27981153
   -2.94000000     0.00009944     0.00171873     0.01318538     0.05846148     0.16258172     0.28463883
   -2.92500000     0.00010858     0.00185768     0.01408854     0.06164141     0.16869233     0.28920320
   -2.91000000     0.00011852     0.00200686     0.01504491     0.06494985     0.17488136     0.29348345
   -2.89500000     0.00012930     0.00216693     0.01605693     0.06838881     0.18113933     0.29745852
   -2.88000000     0.00014100     0.00233858     0.01712710     0.07196007     0.18745602     0.30110762
   -2.86500000     0.00015369     0.00252256     0.01825801     0.07566521     0.19382049     0.30441038
   -2.85000000     0.00016744     0.00271965     0.01945227     0.07950553     0.20022107     0.30734687
   -2.83500000     0.00018235     0.00293064     0.02071256     0.08348207     0.20664534     0.30989782
   -2.82000000     0.00019849     0.00315641     0.02204159     0.08759556     0.21308020     0.31204471
   -2.80500000     0.00021596     0.00339786     0.02344215     0.09184643     0.21951179     0.31376985
   -2.79000000     0.00023487     0.00365591     0.02491702     0.09623475     0.22592563     0.31505658
   -2.77500000     0.00025531     0.00393157     0.02646905     0.10076023     0.23230651     0.31588936
   -2.76000000     0.00027741     0.00422586     0.02810111     0.10542220     0.23863862     0.31625392
   -2.74500000     0.00030129     0.00453987     0.02981608     0.11021956     0.24490552     0.31613734
   -2.73000000     0.00032708     0.00487473     0.03161686     0.11515080     0.25109020     0.31552827
   -2.71500000     0.00035492     0.00523162     0.03350635     0.12021395     0.25717513     0.31441694
   -2.70000000     0.00038495     0.00561177     0.03548747     0.12540656     0.26314228     0.31279538
   -2.68500000     0.00041733     0.00601646     0.03756310     0.13072568     0.26897317     0.31065749
   -2.67000000     0.00045223     0.00644703     0.03973612     0.13616786     0.27464896     0.30799917
   -2.65500000     0.00048984     0.00690487     0.04200938     0.14172911     0.28015047     0.30481840
   -2.64000000     0.00053033     0.00739143     0.04438567     0.14740487     0.28545828     0.30111536
   -2.62500000     0.00057391     0.00790820     0.04686776     0.15319002     0.29055279     0.29689255
   -2.61000000     0.00062079     0.00845675     0.04945834     0.15907886     0.29541427     0.29215479
   -2.59500000     0.00067120     0.00903867     0.05216000     0.16506510     0.30002297     0.28690937
   -2.58000000     0.00072538     0.00965566     0.05497529     0.17114180     0.30435922     0.28116608
   -2.56500000     0.00078357     0.01030942     0.05790663     0.17730143     0.30840347     0.27493724
   -2.55000000     0.00084606     0.01100174     0.06095632     0.18353584     0.31213641     0.26823776
   -2.53500000     0.00091311     0.01173446     0.06412653     0.18983620     0.31553908     0.26108516
   -2.52000000     0.00098504     0.01250947     0.06741931     0.19619308     0.31859295     0.25349953
   -2.50500000     0.00106216     0.01332872     0.07083652     0.20259640     0.32128003     0.24550358
   -2.49000000     0.00114480     0.01419422     0.07437985     0.20903544     0.32358299     0.23712256
   -2.47500000     0.00123331     0.01510803     0.07805080     0.21549883     0.32548523     0.22838426
   -2.46000000     0.00132807     0.01607225     0.08185066     0.22197460     0.32697103     0.21931891
   -2.44500000     0.00142946     0.01708905     0.08578048     0.22845016     0.32802563     0.20995911
   -2.43000000     0.00153791     0.01816063     0.08984108     0.23491230     0.32863538     0.20033974
   -2.41500000     0.00165383     0.01928926     0.09403302     0.24134726     0.32878779     0.19049781
   -2.40000000     0.00177770     0.02047723     0.09835655     0.24774069     0.32847169     0.18047239
   -2.38500000     0.00190998     0.02172688     0.10281166     0.25407772     0.32767732     0.17030438
   -2.37000000     0.00205119     0.02304061     0.10739799     0.26034298     0.32639644     0.16003638
   -2.35500000     0.00220184     0.02442082     0.11211486     0.26652062     0.32462240     0.14971248
   -2.34000000     0.00236249     0.02586997     0.11696125     0.27259435     0.32235030     0.13937808
   -2.32500000     0.00253373     0.02739053     0.12193574     0.27854750     0.31957703     0.12907962
   -2.31000000     0.00271615     0.02898501     0.12703656     0.28436304     0.31630136     0.11886438
   -2.29500000     0.00291040     0.03065592     0.13226151     0.29002364     0.31252405     0.10878021
   -2.28000000     0.00311714     0.03240580     0.13760797     0.29551172     0.30824790     0.09887528
   -2.26500000     0.00333706     0.03423719     0.14307290     0.30080953     0.30347783     0.08919776
   -2.25000000     0.00357089     0.03615264     0.14865281     0.30589917     0.29822093     0.07979557
   -2.23500000     0.00381938     0.03815469     0.15434372     0.31076268     0.29248650     0.07071607
   -2.22000000     0.00408333     0.04024586     0.16014121     0.31538211     0.28628609     0.06200575
   -2.20500000     0.00436356     0.04242867     0.16604034     0.31973956     0.27963352     0.05370993
   -2.19000000     0.00466092     0.04470561     0.17203569     0.32381732     0.27254494     0.04587242
   -2.17500000     0.00497631     0.04707914     0.17812132     0.32759787     0.26503874     0.03853527
   -2.16000000     0.00531064     0.04955166     0.18429077     0.33106401     0.25713563     0.03173838
   -2.14500000     0.00566489     0.05212555     0.19053708     0.33419894     0.24885857     0.02551925
   -2.13000000     0.00604005     0.05480310     0.19685272     0.33698631     0.24023271     0.01991268
   -2.11500000     0.00643716     0.05758657     0.20322967     0.33941035     0.23128541     0.01495043
   -2.10000000     0.00685729     0.06047809     0.20965935     0.34145594     0.22204608     0.01066098
   -2.08500000     0.00730156     0.06347975     0.21613266     0.34310868     0.21254618     0.00706929
   -2.07000000     0.00777111     0.06659353     0.22263996     0.34435502     0.20281908     0.00419648
   -2.05500000     0.00826714     0.06982127     0.22917111     0.34518230     0.19289993     0.00205967
   -2.04000000     0.00879087     0.07316474     0.23571541     0.34557890     0.18282560     0.00067173
   -2.02500000     0.00934357     0.07662553     0.24226170     0.34553427     0.17263445     0.00004111
   -2.01000000     0.00992656     0.08020511     0.24879830     0.34503904     0.16236626     0.00017171
   -1.99500000     0.01054118     0.08390481     0.25531306     0.34408513     0.15206202     0.00106269
   -1.98000000     0.01118881     0.08772575     0.26179336     0.34266579     0.14176372     0.00270843
   -1.96500000     0.01187090     0.09166891     0.26822613     0.34077572     0.13151421     0.00509844
   -1.95000000     0.01258890     0.09573506     0.27459792     0.33841110     0.12135698     0.00821733
   -1.93500000     0.01334432     0.09992476     0.28089484     0.33556971     0.11133589     0.01204481
   -1.92000000     0.01413871     0.10423837     0.28710267     0.33225096     0.10149503     0.01655572
   -1.90500000     0.01497364     0.10867600     0.29320683     0.32845599     0.09187842     0.02172014
   -1.89000000     0.01585075     0.11323754     0.29919248     0.32418768     0.08252976     0.02750345
   -1.87500000     0.01677169     0.11792260     0.30504449     0.31945073     0.07349224     0.03386652
   -1.86000000     0.01773816     0.12273054     0.31074750     0.31425170     0.06480824     0.04076590
   -1.84500000     0.01875187     0.12766044     0.31628601     0.30859904     0.05651908     0.04815403
   -1.83000000     0.01981460     0.13271108     0.32164436     0.30250311     0.04866476     0.05597948
   -1.81500000     0.02092814     0.13788094     0.32680681     0.29597622     0.04128371     0.06418731
   -1.80000000     0.02209432     0.14316819     0.33175758     0.28903260     0.03441252     0.07271935
   -1.78500000     0.02331498     0.14857068     0.33648094     0.28168845     0.02808571     0.08151458
   -1.77000000     0.02459201     0.15408590     0.34096119     0.27396189     0.02233546     0.09050952
   -1.75500000     0.02592733     0.15971101     0.34518281     0.26587296     0.01719137     0.09963868
   -1.74000000     0.02732284     0.16544283     0.34913042     0.25744357     0.01268024     0.10883498
   -1.72500000     0.02878052     0.17127780     0.35278894     0.24869748     0.00882585     0.11803023
   -1.71000000     0.03030233     0.17721198     0.35614359     0.23966025     0.00564873     0.12715562
   -1.69500000     0.03189025     0.18324106     0.35917995     0.23035914     0.00316602     0.13614224
   -1.68000000     0.03354629     0.18936036     0.36188406     0.22082309     0.00139123     0.14492157
   -1.66500000     0.03527244     0.19556479     0.36424249     0.21108258     0.00033413     0.15342605
   -1.65000000     0.03707073     0.20184888     0.36624237     0.20116957     0.00000059     0.16158956
   -1.63500000     0.03894318     0.20820674     0.36787147     0.19111738     0.00039248     0.16934797
   -1.62000000     0.04089180     0.21463211     0.36911828     0.18096057     0.00150758     0.17663970
   -1.60500000     0.04291860     0.22111831     0.36997208     0.17073482     0.00333948     0.18340618
   -1.59000000     0.04502560     0.22765826     0.37042297     0.16047678     0.00587759     0.18959236
   -1.57500000     0.04721479     0.23424448     0.37046199     0.15022393     0.00910707     0.19514722
   -1.56000000     0.04948814     0.24086911     0.37008115     0.14001443     0.01300890     0.20002422
   -1.54500000     0.05184761     0.24752389     0.36927347     0.12988693     0.01755987     0.20418170
   -1.53000000     0.05429515     0.25420015     0.36803310     0.11988044     0.02273267     0.20758332
   -1.51500000     0.05683264     0.26088889     0.36635533     0.11003408     0.02849602     0.21019839
   -1.50000000     0.05946196     0.26758068     0.36423668     0.10038698     0.03481473     0.21200220
   -1.48500000     0.06218493     0.27426579     0.36167490     0.09097803     0.04164991     0.21297630
   -1.47000000     0.06500334     0.28093411     0.35866908     0.08184569     0.04895916     0.21310873
   -1.45500000     0.06791892     0.28757519     0.35521967     0.07302782     0.05669675     0.21239421
   -1.44000000     0.07093334     0.29417828     0.35132849     0.06456146     0.06481387     0.21083423
   -1.42500000     0.07404823     0.30073232     0.34699882     0.05648262     0.07325893     0.20843716
   -1.41000000     0.07726512     0.30722597     0.34223540     0.04882609     0.08197779     0.20521826
   -1.39500000     0.08058549     0.31364763     0.33704445     0.04162524     0.09091415     0.20119959
   -1.38000000     0.08401073     0.31998544     0.33143371     0.03491181     0.10000983     0.19640998
   -1.36500000     0.08754217     0.32622735     0.32541245     0.02871575     0.10920516     0.19088479
   -1.35000000     0.09118100     0.33236109     0.31899147     0.02306497     0.11843934     0.18466575
   -1.33500000     0.09492837     0.33837426     0.31218312     0.01798522     0.12765084     0.17780065
   -1.32000000     0.09878528     0.34425429     0.30500125     0.01349988     0.13677777     0.17034301
   -1.30500000     0.10275265     0.34998851     0.29746128     0.00962980     0.14575835     0.16235168
   -1.29000000     0.10683127     0.35556420     0.28958009     0.00639315     0.15453130     0.15389038
   -1.27500000     0.11102182     0.36096855     0.28137607     0.00380526     0.16303623     0.14502728
   -1.26000000     0.11532483     0.36618879     0.27286906     0.00187851     0.17121415     0.13583435
   -1.24500000     0.11974073     0.37121215     0.26408027     0.00062221     0.17900780     0.12638687
   -1.23000000     0.12426978     0.37602593     0.25503231     0.00004245     0.18636212     0.11676276
   -1.21500000     0.12891211     0.38061752     0.24574909     0.00014210     0.19322466     0.10704197
   -1.20000000     0.13366770     0.38497446     0.23625575     0.00092065     0.19954597     0.09730575
   -1.18500000     0.13853637     0.38908447     0.22657863     0.00237420     0.20527995     0.08763600
   -1.17000000     0.14351778     0.39293548     0.21674514     0.00449544     0.21038426     0.07811453
   -1.15500000     0.14861142     0.39651570     0.20678375     0.00727359     0.21482067     0.06882236
   -1.14000000     0.15381660     0.39981361     0.19672384     0.01069445     0.21855529     0.05983897
   -1.12500000     0.15913247     0.40281806     0.18659561     0.01474037     0.22155899     0.05124160
   -1.11000000     0.16455799     0.40551827     0.17643001     0.01939035     0.22380754     0.04310455
   -1.09500000     0.17009193     0.40790388     0.16625862     0.02462008     0.22528191     0.03549847
   -1.08000000     0.17573287     0.40996503     0.15611353     0.03040200     0.22596844     0.02848971
   -1.06500000     0.18147921     0.41169232     0.14602721     0.03670546     0.22585900     0.02213969
   -1.05000000     0.18732913     0.41307696     0.13603242     0.04349679     0.22495110     0.01650429
   -1.03500000     0.19328062     0.41411070     0.12616204     0.05073948     0.22324796     0.01163331
   -1.02000000     0.19933147     0.41478594     0.11644899     0.05839434     0.22075855     0.00757000
   -1.00500000     0.20547926     0.41509577     0.10692605     0.06641968     0.21749759     0.00435054
   -0.99000000     0.21172136     0.41503395     0.09762576     0.07477150     0.21348549     0.00200376
   -0.97500000     0.21805494     0.41459502     0.08858024     0.08340374     0.20874824     0.00055071
   -0.96000000     0.22447695     0.41377428     0.07982111     0.09226848     0.20331727     0.00000449
   -0.94500000     0.23098412     0.41256784     0.07137929     0.10131621     0.19722930     0.00037003
   -0.93000000     0.23757300     0.41097267     0.06328489     0.11049610     0.19052608     0.00164402
   -0.91500000     0.24423989     0.40898660     0.05556707     0.11975625     0.18325411     0.00381485
   -0.90000000     0.25098089     0.40660838     0.04825390     0.12904401     0.17546440     0.00686265
   -0.88500000     0.25779192     0.40383765     0.04137224     0.13830625     0.16721202     0.01075947
   -0.87000000     0.26466865     0.40067505     0.03494755     0.14748967     0.15855582     0.01546943
   -0.85500000     0.27160657     0.39712214     0.02900384     0.15654110     0.14955795     0.02094905
   -0.84000000     0.27860095     0.39318151     0.02356350     0.16540784     0.14028344     0.02714756
   -0.82500000     0.28564688     0.38885672     0.01864718     0.17403793     0.13079973     0.03400736
   -0.81000000     0.29273924     0.38415236     0.01427370     0.18238051     0.12117616     0.04146453
   -0.79500000     0.29987272     0.37907403     0.01045992     0.19038609     0.11148346     0.04944935
   -0.78000000     0.30704183     0.37362837     0.00722064     0.19800688     0.10179323     0.05788694
   -0.76500000     0.31424088     0.36782305     0.00456855     0.20519708     0.09217738     0.06669799
   -0.75000000     0.32146403     0.36166675     0.00251408     0.21191316     0.08270758     0.07579938
   -0.73500000     0.32870526     0.35516918     0.00106537     0.21811418     0.07345471     0.08510505
   -0.72000000     0.33595839     0.34834107     0.00022822     0.22376201     0.06448831     0.09452674
   -0.70500000     0.34321707     0.34119415     0.00000596     0.22882159     0.05587603     0.10397484
   -0.69000000     0.35047483     0.33374113     0.00039951     0.23326121     0.04768306     0.11335925
   -0.67500000     0.35772505     0.32599569     0.00140726     0.23705269     0.03997166     0.12259020
   -0.66000000     0.36496097     0.31797246     0.00302508     0.24017156     0.03280063     0.13157915
   -0.64500000     0.37217574     0.30968698     0.00524634     0.24259729     0.02622481     0.14023962
   -0.63000000     0.37936238     0.30115567     0.00806184     0.24431342     0.02029467     0.14848807
   -0.61500000     0.38651382     0.29239583     0.01145990     0.24530767     0.01505583     0.15624466
   -0.60000000     0.39362290     0.28342554     0.01542633     0.24557207     0.01054873     0.16343408
   -0.58500000     0.40068237     0.27426370     0.01994448     0.24510303     0.00680826     0.16998627
   -0.57000000     0.40768495     0.26492989     0.02499533     0.24390141     0.00386345     0.17583717
   -0.55500000     0.41462329     0.25544442     0.03055749     0.24197249     0.00173720     0.18092929
   -0.54000000     0.42148998     0.24582823     0.03660730     0.23932605     0.00044611     0.18521234
   -0.52500000     0.42827763     0.23610281     0.04311894     0.23597626     0.00000027     0.18864378
   -0.51000000     0.43497878     0.22629022     0.05006449     0.23194164     0.00040317     0.19118917
   -0.49500000     0.44158603     0.21641296     0.05741404     0.22724501     0.00165164     0.19282263
   -0.48000000     0.44809194     0.20649395     0.06513585     0.22191331     0.00373586     0.19352707
   -0.46500000     0.45448914     0.19655645     0.07319641     0.21597751     0.00663937     0.19329441
   -0.45000000     0.46077026     0.18662401     0.08156066     0.20947239     0.01033922     0.19212566
   -0.43500000     0.46692801     0.17672039     0.09019205     0.20243639     0.01480610     0.19003098
   -0.42000000     0.47295518     0.16686949     0.09905276     0.19491134     0.02000456     0.18702959
   -0.40500000     0.47884460     0.15709529     0.10810386     0.18694225     0.02589326     0.18314961
   -0.39000000     0.48458924     0.14742178     0.11730542     0.17857702     0.03242532     0.17842779
   -0.37500000     0.49018216     0.13787288     0.12661676     0.16986616     0.03954862     0.17290921
   -0.36000000     0.49561654     0.12847237     0.13599659     0.16086248     0.04720625     0.16664683
   -0.34500000     0.50088571     0.11924383     0.14540320     0.15162076     0.05533693     0.15970101
   -0.33000000     0.50598315     0.11021054     0.15479465     0.14219742     0.06387550     0.15213892
   -0.31500000     0.51090250     0.10139545     0.16412899     0.13265018     0.07275345     0.14403387
   -0.30000000     0.51563758     0.09282106     0.17336439     0.12303765     0.08189943     0.13546467
   -0.28500000     0.52018240     0.08450938     0.18245939     0.11341902     0.09123987     0.12651476
   -0.27000000     0.52453118     0.07648187     0.19137309     0.10385366     0.10069952     0.11727149
   -0.25500000     0.52867834     0.06875933     0.20006529     0.09440074     0.11020211     0.10782522
   -0.24000000     0.53261855     0.06136187     0.20849675     0.08511883     0.11967092     0.09826840
   -0.22500000     0.53634671     0.05430885     0.21662932     0.07606559     0.12902944     0.08869471
   -0.21000000     0.53985796     0.04761876     0.22442613     0.06729732     0.13820197     0.07919812
   -0.19500000     0.54314771     0.04130924     0.23185181     0.05886866     0.14711425     0.06987191
   -0.18000000     0.54621166     0.03539697     0.23887260     0.05083220     0.15569408     0.06080781
   -0.16500000     0.54904575     0.02989762     0.24545653     0.04323816     0.16387189     0.05209503
   -0.15000000     0.55164624     0.02482581     0.25157362     0.03613404     0.17158133     0.04381941
   -0.13500000     0.55400967     0.02019506     0.25719594     0.02956434     0.17875979     0.03606253
   -0.12000000     0.55613291     0.01601775     0.26229782     0.02357023     0.18534896     0.02890092
   -0.10500000     0.55801311     0.01230505     0.26685594     0.01818935     0.19129529     0.02240526
   -0.09000000     0.55964775     0.00906693     0.27084944     0.01345547     0.19655042     0.01663969
   -0.07500000     0.56103466     0.00631208     0.27426004     0.00939834     0.20107160     0.01166120
   -0.06000000     0.56217195     0.00404792     0.27707211     0.00604348     0.20482203     0.00751897
   -0.04500000     0.56305811     0.00228055     0.27927276     0.00341199     0.20777118     0.00425397
   -0.03000000     0.56369193     0.00101472     0.28085191     0.00152043     0.20989504     0.00189848
   -0.01500000     0.56407257     0.00025385     0.28180231     0.00038071     0.21117632     0.00047580
    0.00000000     0.56419950     0.00000000     0.28211959     0.00000000     0.21160457     0.00000000
    0.01500000     0.56407257     0.00025385     0.28180231     0.00038071     0.21117632     0.00047580
    0.03000000     0.56369193     0.00101472     0.28085191     0.00152043     0.20989504     0.00189848
    0.04500000     0.56305811     0.00228055     0.27927276     0.00341199     0.20777118     0.00425397
    0.06000000     0.56217195     0.00404792     0.27707211     0.00604348     0.20482203     0.00751897
    0.07500000     0.56103466     0.00631208     0.27426004     0.00939834     0.20107160     0.01166120
    0.09000000     0.55964775     0.00906693     0.27084944     0.01345547     0.19655042     0.01663969
    0.10500000     0.55801311     0.01230505     0.26685594     0.01818935     0.19129529     0.02240526
    0.12000000     0.55613291     0.01601775     0.26229782     0.02357023     0.18534896     0.02890092
    0.13500000     0.55400967     0.02019506     0.25719594     0.02956434     0.17875979     0.03606253
    0.15000000     0.55164624     0.02482581     0.25157362     0.03613404     0.17158133     0.04381941
    0.16500000     0.54904575     0.02989762     0.24545653     0.04323816     0.16387189     0.05209503
    0.18000000     0.54621166     0.03539697     0.23887260     0.05083220     0.15569408     0.06080781
    0.19500000     0.54314771     0.04130924     0.23185181     0.05886866     0.14711425     0.06987191
    0.21000000     0.53985796     0.04761876     0.22442613     0.06729732     0.13820197     0.07919812
    0.22500000     0.53634671     0.05430885     0.21662932     0.07606559     0.12902944     0.08869471
    0.24000000     0.53261855     0.06136187     0.20849675     0.08511883     0.11967092     0.09826840
    0.25500000     0.52867834     0.06875933     0.20006529     0.09440074     0.11020211     0.10782522
    0.27000000     0.52453118     0.07648187     0.19137309     0.10385366     0.10069952     0.11727149
    0.28500000     0.52018240     0.08450938     0.18245939     0.11341902     0.09123987     0.12651476
    0.30000000     0.51563758     0.09282106     0.17336439     0.12303765     0.08189943     0.13546467
    0.31500000     0.51090250     0.10139545     0.16412899     0.13265018     0.07275345     0.14403387
    0.33000000     0.50598315     0.11021054     0.15479465     0.14219742     0.06387550     0.15213892
    0.34500000     0.50088571     0.11924383     0.14540320     0.15162076     0.05533693     0.15970101
    0.36000000     0.49561654     0.12847237     0.13599659     0.16086248     0.04720625     0.16664683
    0.37500000     0.49018216     0.13787288     0.12661676     0.16986616     0.03954862     0.17290921
    0.39000000     0.48458924     0.14742178     0.11730542     0.17857702     0.03242532     0.17842779
    0.40500000     0.47884460     0.15709529     0.10810386     0.18694225     0.02589326     0.18314961
    0.42000000     0.47295518     0.16686949     0.09905276     0.19491134     0.02000456     0.18702959
    0.43500000     0.46692801     0.17672039     0.09019205     0.20243639     0.01480610     0.19003098
    0.45000000     0.46077026     0.18662401     0.08156066     0.20947239     0.01033922     0.19212566
    0.46500000     0.45448914     0.19655645     0.07319641     0.21597751     0.00663937     0.19329441
    0.48000000     0.44809194     0.20649395     0.06513585     0.22191331     0.00373586     0.19352707
    0.49500000     0.44158603     0.21641296     0.05741404     0.22724501     0.00165164     0.19282263
    0.51000000     0.43497878     0.22629022     0.05006449     0.23194164     0.00040317     0.19118917
    0.52500000     0.42827763     0.23610281     0.04311894     0.23597626     0.00000027     0.18864378
    0.54000000     0.42148998     0.24582823     0.03660730     0.23932605     0.00044611     0.18521234
    0.55500000     0.41462329     0.25544442     0.03055749     0.24197249     0.00173720     0.18092929
    0.57000000     0.40768495     0.26492989     0.02499533     0.24390141     0.00386345     0.17583717
    0.58500000     0.40068237     0.27426370     0.01994448     0.24510303     0.00680826     0.16998627
    0.60000000     0.39362290     0.28342554     0.01542633     0.24557207     0.01054873     0.16343408
    0.61500000     0.38651382     0.29239583     0.01145990     0.24530767     0.01505583     0.15624466
    0.63000000     0.37936238     0.30115567     0.00806184     0.24431342     0.02029467     0.14848807
    0.64500000     0.37217574     0.30968698     0.00524634     0.24259729     0.02622481     0.14023962
    0.66000000     0.36496097     0.31797246     0.00302508     0.24017156     0.03280063     0.13157915
    0.67500000     0.35772505     0.32599569     0.00140726     0.23705269     0.03997166     0.12259020
    0.69000000     0.35047483     0.33374113     0.00039951     0.23326121     0.04768306     0.11335925
    0.70500000     0.34321707     0.34119415     0.00000596     0.22882159     0.05587603     0.10397485
    0.72000000     0.33595839     0.34834107     0.00022822     0.22376201     0.06448831     0.09452674
    0.73500000     0.32870526     0.35516918     0.00106537     0.21811418     0.07345471     0.08510505
    0.75000000     0.32146403     0.36166675     0.00251408     0.21191316     0.08270758     0.07579938
    0.76500000     0.31424088     0.36782305     0.00456855     0.20519708     0.09217738     0.06669799
    0.78000000     0.30704183     0.37362837     0.00722064     0.19800688     0.10179323     0.05788694
    0.79500000     0.29987272     0.37907403     0.01045992     0.19038609     0.11148346     0.04944935
    0.81000000     0.29273924     0.38415236     0.01427370     0.18238051     0.12117616     0.04146453
    0.82500000     0.28564688     0.38885672     0.01864718     0.17403793     0.13079973     0.03400736
    0.84000000     0.27860095     0.39318151     0.02356350     0.16540784     0.14028344     0.02714756
    0.85500000     0.27160657     0.39712214     0.02900384     0.15654110     0.14955795     0.02094905
    0.87000000     0.26466865     0.40067505     0.03494755     0.14748967     0.15855582     0.01546943
    0.88500000     0.25779192     0.40383765     0.04137224     0.13830625     0.16721202     0.01075947
    0.90000000     0.25098089     0.40660838     0.04825390     0.12904401     0.17546440     0.00686265
    0.91500000     0.24423989     0.40898660     0.05556707     0.11975625     0.18325411     0.00381485
    0.93000000     0.23757300     0.41097267     0.06328489     0.11049610     0.19052608     0.00164402
    0.94500000     0.23098412     0.41256784     0.07137929     0.10131621     0.19722930     0.00037003
    0.96000000     0.22447695     0.41377428     0.07982111     0.09226848     0.20331727     0.00000449
    0.97500000     0.21805494     0.41459502     0.08858024     0.08340374     0.20874824     0.00055071
    0.99000000     0.21172136     0.41503395     0.09762576     0.07477150     0.21348549     0.00200376
    1.00500000     0.20547926     0.41509577     0.10692605     0.06641968     0.21749759     0.00435054
    1.02000000     0.19933147     0.41478594     0.11644899     0.05839434     0.22075855     0.00757000
    1.03500000     0.19328062     0.41411070     0.12616204     0.05073948     0.22324796     0.01163331
    1.05000000     0.18732913     0.41307696     0.13603242     0.04349679     0.22495110     0.01650429
    1.06500000     0.18147921     0.41169232     0.14602721     0.03670546     0.22585900     0.02213969
    1.08000000     0.17573287     0.40996503     0.15611353     0.03040200     0.22596844     0.02848971
    1.09500000     0.17009193     0.40790388     0.16625862     0.02462008     0.22528191     0.03549847
    1.11000000     0.16455799     0.40551827     0.17643001     0.01939035     0.22380754     0.04310455
    1.12500000     0.15913247     0.40281806     0.18659561     0.01474037     0.22155899     0.05124160
    1.14000000     0.15381660     0.39981361     0.19672384     0.01069445     0.21855529     0.05983897
    1.15500000     0.14861142     0.39651570     0.20678375     0.00727359     0.21482067     0.06882236
    1.17000000     0.14351778     0.39293548     0.21674514     0.00449544     0.21038426     0.07811453
    1.18500000     0.13853637     0.38908447     0.22657863     0.00237420     0.20527995     0.08763600
    1.20000000     0.13366770     0.38497446     0.23625575     0.00092065     0.19954597     0.09730575
    1.21500000     0.12891211     0.38061752     0.24574909     0.00014210     0.19322466     0.10704197
    1.23000000     0.12426978     0.37602593     0.25503231     0.00004245     0.18636212     0.11676276
    1.24500000     0.11974073     0.37121215     0.26408027     0.00062221     0.17900780     0.12638687
    1.26000000     0.11532483     0.36618879     0.27286906     0.00187851     0.17121415     0.13583435
    1.27500000     0.11102182     0.36096855     0.28137607     0.00380526     0.16303623     0.14502728
    1.29000000     0.10683127     0.35556420     0.28958009     0.00639315     0.15453130     0.15389038
    1.30500000     0.10275265     0.34998851     0.29746128     0.00962980     0.14575835     0.16235167
    1.32000000     0.09878528     0.34425429     0.30500125     0.01349988     0.13677777     0.17034301
    1.33500000     0.09492837     0.33837426     0.31218312     0.01798522     0.12765084     0.17780065
    1.35000000     0.09118100     0.33236109     0.31899147     0.02306497     0.11843934     0.18466575
    1.36500000     0.08754217     0.32622735     0.32541245     0.02871575     0.10920516     0.19088479
    1.38000000     0.08401073     0.31998544     0.33143371     0.03491181     0.10000983     0.19640998
    1.39500000     0.08058549     0.31364763     0.33704445     0.04162524     0.09091415     0.20119959
    1.41000000     0.07726512     0.30722597     0.34223540     0.04882609     0.08197779     0.20521826
    1.42500000     0.07404823     0.30073232     0.34699882     0.05648262     0.07325893     0.20843716
    1.44000000     0.07093334     0.29417828     0.35132849     0.06456146     0.06481387     0.21083423
    1.45500000     0.06791892     0.28757519     0.35521967     0.07302782     0.05669675     0.21239421
    1.47000000     0.06500334     0.28093411     0.35866908     0.08184569     0.04895916     0.21310873
    1.48500000     0.06218493     0.27426579     0.36167490     0.09097803     0.04164991     0.21297630
    1.50000000     0.05946196     0.26758068     0.36423668     0.10038698     0.03481473     0.21200220
    1.51500000     0.05683264     0.26088889     0.36635533     0.11003408     0.02849602     0.21019839
    1.53000000     0.05429515     0.25420015     0.36803310     0.11988044     0.02273267     0.20758332
    1.54500000     0.05184761     0.24752389     0.36927347     0.12988693     0.01755987     0.20418170
    1.56000000     0.04948814     0.24086911     0.37008115     0.14001443     0.01300890     0.20002422
    1.57500000     0.04721479     0.23424448     0.37046199     0.15022393     0.00910707     0.19514722
    1.59000000     0.04502560     0.22765826     0.37042297     0.16047678     0.00587759     0.18959236
    1.60500000     0.04291860     0.22111831     0.36997208     0.17073482     0.00333948     0.18340618
    1.62000000     0.04089180     0.21463211     0.36911828     0.18096057     0.00150758     0.17663970
    1.63500000     0.03894318     0.20820674     0.36787147     0.19111738     0.00039248     0.16934797
    1.65000000     0.03707073     0.20184888     0.36624237     0.20116957     0.00000059     0.16158956
    1.66500000     0.03527244     0.19556479     0.36424249     0.21108258     0.00033413     0.15342605
    1.68000000     0.03354629     0.18936036     0.36188406     0.22082309     0.00139123     0.14492158
    1.69500000     0.03189025     0.18324106     0.35917995     0.23035914     0.00316602     0.13614224
    1.71000000     0.03030233     0.17721198     0.35614359     0.23966025     0.00564873     0.12715562
    1.72500000     0.02878052     0.17127780     0.35278894     0.24869748     0.00882585     0.11803023
    1.74000000     0.02732284     0.16544283     0.34913042     0.25744357     0.01268024     0.10883498
    1.75500000     0.02592733     0.15971101     0.34518281     0.26587296     0.01719137     0.09963868
    1.77000000     0.02459201     0.15408590     0.34096119     0.27396189     0.02233546     0.09050952
    1.78500000     0.02331498     0.14857068     0.33648094     0.28168845     0.02808571     0.08151458
    1.80000000     0.02209432     0.14316819     0.33175758     0.28903260     0.03441252     0.07271935
    1.81500000     0.02092814     0.13788094     0.32680681     0.29597622     0.04128371     0.06418731
    1.83000000     0.01981460     0.13271108     0.32164436     0.30250311     0.04866476     0.05597948
    1.84500000     0.01875187     0.12766044     0.31628601     0.30859904     0.05651908     0.04815403
    1.86000000     0.01773816     0.12273054     0.31074750     0.31425170     0.06480824     0.04076590
    1.87500000     0.01677169     0.11792260     0.30504449     0.31945073     0.07349224     0.03386652
    1.89000000     0.01585075     0.11323754     0.29919248     0.32418768     0.08252976     0.02750345
    1.90500000     0.01497364     0.10867600     0.29320683     0.32845599     0.09187842     0.02172014
    1.92000000     0.01413871     0.10423837     0.28710267     0.33225096     0.10149503     0.01655572
    1.93500000     0.01334432     0.09992476     0.28089484     0.33556971     0.11133589     0.01204481
    1.95000000     0.01258890     0.09573506     0.27459792     0.33841110     0.12135698     0.00821733
    1.96500000     0.01187090     0.09166891     0.26822613     0.34077572     0.13151421     0.00509844
    1.98000000     0.01118881     0.08772575     0.26179336     0.34266579     0.14176372     0.00270843
    1.99500000     0.01054118     0.08390481     0.25531306     0.34408513     0.15206202     0.00106269
    2.01000000     0.00992656     0.08020511     0.24879830     0.34503904     0.16236626     0.00017171
    2.02500000     0.00934357     0.07662553     0.24226170     0.34553427     0.17263445     0.00004111
    2.04000000     0.00879087     0.07316474     0.23571541     0.34557890     0.18282560     0.00067173
    2.05500000     0.00826714     0.06982127     0.22917111     0.34518230     0.19289993     0.00205967
    2.07000000     0.00777111     0.06659353     0.22263996     0.34435502     0.20281908     0.00419648
    2.08500000     0.00730156     0.06347975     0.21613266     0.34310868     0.21254618     0.00706929
    2.10000000     0.00685729     0.06047809     0.20965935     0.34145594     0.22204608     0.01066098
    2.11500000     0.00643716     0.05758657     0.20322967     0.33941035     0.23128541     0.01495043
    2.13000000     0.00604005     0.05480310     0.19685272     0.33698631     0.24023271     0.01991268
    2.14500000     0.00566489     0.05212555     0.19053708     0.33419894     0.24885857     0.02551925
    2.16000000     0.00531064     0.04955166     0.18429077     0.33106401     0.25713563     0.03173838
    2.17500000     0.00497631     0.04707914     0.17812132     0.32759787     0.26503874     0.03853527
    2.19000000     0.00466092     0.04470561     0.17203569     0.32381732     0.27254494     0.04587242
    2.20500000     0.00436356     0.04242867     0.16604034     0.31973956     0.27963352     0.05370993
    2.22000000     0.00408333     0.04024586     0.16014121     0.31538211     0.28628609     0.06200575
    2.23500000     0.00381938     0.03815469     0.15434372     0.31076268     0.29248650     0.07071607
    2.25000000     0.00357089     0.03615264     0.14865281     0.30589917     0.29822093     0.07979557
    2.26500000     0.00333706     0.03423719     0.14307290     0.30080953     0.30347783     0.08919776
    2.28000000     0.00311714     0.03240580     0.13760797     0.29551172     0.30824790     0.09887528
    2.29500000     0.00291040     0.03065592     0.13226151     0.29002364     0.31252405     0.10878021
    2.31000000     0.00271615     0.02898501     0.12703656     0.28436304     0.31630136     0.11886438
    2.32500000     0.00253373     0.02739053     0.12193574     0.27854750     0.31957703     0.12907961
    2.34000000     0.00236249     0.02586997     0.11696125     0.27259435     0.32235030     0.13937808
    2.35500000     0.00220184     0.02442082     0.11211486     0.26652062     0.32462240     0.14971248
    2.37000000     0.00205119     0.02304061     0.10739799     0.26034298     0.32639644     0.16003638
    2.38500000     0.00190998     0.02172688     0.10281166     0.25407772     0.32767732     0.17030438
    2.40000000     0.00177770     0.02047723     0.09835655     0.24774069     0.32847169     0.18047239
    2.41500000     0.00165383     0.01928926     0.09403302     0.24134726     0.32878779     0.19049781
    2.43000000     0.00153791     0.01816063     0.08984108     0.23491230     0.32863538     0.20033973
    2.44500000     0.00142946     0.01708905     0.08578048     0.22845016     0.32802564     0.20995911
    2.46000000     0.00132807     0.01607225     0.08185066     0.22197460     0.32697103     0.21931891
    2.47500000     0.00123331     0.01510803     0.07805080     0.21549883     0.32548523     0.22838426
    2.49000000     0.00114480     0.01419422     0.07437985     0.20903544     0.32358299     0.23712256
    2.50500000     0.00106216     0.01332872     0.07083652     0.20259640     0.32128003     0.24550358
    2.52000000     0.00098504     0.01250947     0.06741931     0.19619308     0.31859295     0.25349953
    2.53500000     0.00091311     0.01173446     0.06412653     0.18983620     0.31553908     0.26108516
    2.55000000     0.00084606     0.01100174     0.06095632     0.18353584     0.31213641     0.26823776
    2.56500000     0.00078357     0.01030942     0.05790663     0.17730143     0.30840347     0.27493724
    2.58000000     0.00072538     0.00965566     0.05497529     0.17114180     0.30435922     0.28116608
    2.59500000     0.00067120     0.00903867     0.05216000     0.16506510     0.30002297     0.28690937
    2.61000000     0.00062079     0.00845675     0.04945834     0.15907886     0.29541427     0.29215479
    2.62500000     0.00057391     0.00790820     0.04686776     0.15319002     0.29055279     0.29689255
    2.64000000     0.00053033     0.00739143     0.04438567     0.14740487     0.28545828     0.30111536
    2.65500000     0.00048984     0.00690487     0.04200938     0.14172911     0.28015047     0.30481840
    2.67000000     0.00045223     0.00644703     0.03973612     0.13616786     0.27464896     0.30799917
    2.68500000     0.00041733     0.00601646     0.03756310     0.13072568     0.26897317     0.31065749
    2.70000000     0.00038495     0.00561177     0.03548747     0.12540656     0.26314228     0.31279538
    2.71500000     0.00035492     0.00523162     0.03350635     0.12021395     0.25717513     0.31441694
    2.73000000     0.00032708     0.00487473     0.03161686     0.11515080     0.25109020     0.31552827
    2.74500000     0.00030129     0.00453987     0.02981608     0.11021956     0.24490552     0.31613734
    2.76000000     0.00027741     0.00422586     0.02810111     0.10542220     0.23863862     0.31625392
    2.77500000     0.00025531     0.00393157     0.02646905     0.10076023     0.23230651     0.31588936
    2.79000000     0.00023487     0.00365591     0.02491702     0.09623475     0.22592563     0.31505658
    2.80500000     0.00021596     0.00339786     0.02344215     0.09184643     0.21951179     0.31376985
    2.82000000     0.00019849     0.00315641     0.02204159     0.08759556     0.21308020     0.31204471
    2.83500000     0.00018235     0.00293064     0.02071256     0.08348207     0.20664534     0.30989783
    2.85000000     0.00016744     0.00271965     0.01945227     0.07950553     0.20022107     0.30734687
    2.86500000     0.00015369     0.00252256     0.01825801     0.07566521     0.19382049     0.30441038
    2.88000000     0.00014100     0.00233858     0.01712710     0.07196007     0.18745602     0.30110763
    2.89500000     0.00012930     0.00216693     0.01605693     0.06838881     0.18113933     0.29745852
    2.91000000     0.00011852     0.00200686     0.01504491     0.06494985     0.17488136     0.29348345
    2.92500000     0.00010858     0.00185768     0.01408854     0.06164141     0.16869233     0.28920320
    2.94000000     0.00009944     0.00171873     0.01318538     0.05846148     0.16258172     0.28463883
    2.95500000     0.00009102     0.00158938     0.01233304     0.05540785     0.15655829     0.27981153
    2.97000000     0.00008328     0.00146902     0.01152919     0.05247815     0.15063008     0.27474258
    2.98500000     0.00007617     0.00135709     0.01077158     0.04966986     0.14480441     0.26945320
    3.00000000     0.00006963     0.00125307     0.01005802     0.04698032     0.13908794     0.26396448
    3.01500000     0.00006362     0.00115644     0.00938640     0.04440673     0.13348662     0.25829727
    3.03000000     0.00005811     0.00106673     0.00875466     0.04194623     0.12800576     0.25247216
    3.04500000     0.00005305     0.00098349     0.00816082     0.03959585     0.12265003     0.24650931
    3.06000000     0.00004840     0.00090629     0.00760297     0.03735254     0.11742346     0.24042848
    3.07500000     0.00004415     0.00083474     0.00707927     0.03521321     0.11232951     0.23424889
    3.09000000     0.00004025     0.00076845     0.00658794     0.03317473     0.10737107     0.22798920
    3.10500000     0.00003668     0.00070708     0.00612728     0.03123394     0.10255045     0.22166748
    3.12000000     0.00003341     0.00065028     0.00569564     0.02938763     0.09786946     0.21530110
    3.13500000     0.00003042     0.00059775     0.00529146     0.02763263     0.09332943     0.20890676
    3.15000000     0.00002768     0.00054919     0.00491322     0.02596574     0.08893119     0.20250043
    3.16500000     0.00002518     0.00050433     0.00455949     0.02438379     0.08467515     0.19609730
    3.18000000     0.00002289     0.00046290     0.00422887     0.02288362     0.08056128     0.18971180
    3.19500000     0.00002081     0.00042466     0.00392006     0.02146211     0.07658919     0.18335756
    3.21000000     0.00001890     0.00038940     0.00363180     0.02011616     0.07275811     0.17704742
    3.22500000     0.00001716     0.00035688     0.00336288     0.01884273     0.06906693     0.17079336
    3.24000000     0.00001557     0.00032692     0.00311216     0.01763883     0.06551424     0.16460661
    3.25500000     0.00001413     0.00029932     0.00287855     0.01650151     0.06209835     0.15849752
    3.27000000     0.00001281     0.00027392     0.00266102     0.01542790     0.05881729     0.15247568
    3.28500000     0.00001161     0.00025055     0.00245858     0.01441517     0.05566888     0.14654986
    3.30000000     0.00001052     0.00022907     0.00227031     0.01346057     0.05265071     0.14072805
    3.31500000     0.00000953     0.00020932     0.00209531     0.01256142     0.04976020     0.13501746
    3.33000000     0.00000862     0.00019118     0.00193274     0.01171513     0.04699457     0.12942456
    3.34500000     0.00000780     0.00017453     0.00178183     0.01091914     0.04435093     0.12395507
    3.36000000     0.00000705     0.00015925     0.00164180     0.01017102     0.04182624     0.11861403
    3.37500000     0.00000638     0.00014524     0.00151196     0.00946837     0.03941736     0.11340576
    3.39000000     0.00000576     0.00013239     0.00139164     0.00880891     0.03712108     0.10833395
    3.40500000     0.00000520     0.00012062     0.00128020     0.00819042     0.03493408     0.10340163
    3.42000000     0.00000470     0.00010985     0.00117706     0.00761074     0.03285302     0.09861125
    3.43500000     0.00000424     0.00009998     0.00108164     0.00706784     0.03087450     0.09396469
    3.45000000     0.00000382     0.00009096     0.00099342     0.00655972     0.02899511     0.08946327
    3.46500000     0.00000345     0.00008272     0.00091191     0.00608448     0.02721142     0.08510780
    3.48000000     0.00000310     0.00007518     0.00083664     0.00564030     0.02551998     0.08089861
    3.49500000     0.00000280     0.00006830     0.00076717     0.00522543     0.02391739     0.07683558
    3.51000000     0.00000252     0.00006201     0.00070310     0.00483820     0.02240025     0.07291818
    3.52500000     0.00000227     0.00005628     0.00064403     0.00447702     0.02096518     0.06914548
    3.54000000     0.00000204     0.00005105     0.00058962     0.00414035     0.01960886     0.06551618
    3.55500000     0.00000183     0.00004629     0.00053951     0.00382673     0.01832802     0.06202866
    3.57000000     0.00000165     0.00004195     0.00049340     0.00353480     0.01711942     0.05868101
    3.58500000     0.00000148     0.00003800     0.00045099     0.00326322     0.01597991     0.05547103
    3.60000000     0.00000133     0.00003440     0.00041201     0.00301074     0.01490639     0.05239628
    3.61500000     0.00000119     0.00003113     0.00037620     0.00277618     0.01389583     0.04945410
    3.63000000     0.00000107     0.00002816     0.00034332     0.00255840     0.01294528     0.04664164
    3.64500000     0.00000096     0.00002546     0.00031315     0.00235634     0.01205188     0.04395587
    3.66000000     0.00000086     0.00002300     0.00028549     0.00216898     0.01121283     0.04139362
    3.67500000     0.00000077     0.00002078     0.00026012     0.00199536     0.01042542     0.03895160
    3.69000000     0.00000069     0.00001875     0.00023689     0.00183458     0.00968705     0.03662641
    3.70500000     0.00000062     0.00001692     0.00021562     0.00168578     0.00899518     0.03441456
    3.72000000     0.00000055     0.00001526     0.00019616     0.00154817     0.00834736     0.03231253
    3.73500000     0.00000049     0.00001376     0.00017836     0.00142097     0.00774124     0.03031670
    3.75000000     0.00000044     0.00001240     0.00016209     0.00130348     0.00717456     0.02842346
    3.76500000     0.00000039     0.00001116     0.00014723     0.00119502     0.00664514     0.02662917
    3.78000000     0.00000035     0.00001005     0.00013366     0.00109496     0.00615089     0.02493019
    3.79500000     0.00000031     0.00000904     0.00012128     0.00100271     0.00568981     0.02332288
    3.81000000     0.00000028     0.00000813     0.00010999     0.00091771     0.00525998     0.02180365
    3.82500000     0.00000025     0.00000731     0.00009970     0.00083944     0.00485958     0.02036892
    3.84000000     0.00000022     0.00000656     0.00009032     0.00076742     0.00448685     0.01901515
    3.85500000     0.00000020     0.00000589     0.00008178     0.00070117     0.00414012     0.01773889
    3.87000000     0.00000018     0.00000529     0.00007402     0.00064029     0.00381782     0.01653671
    3.88500000     0.00000016     0.00000475     0.00006695     0.00058436     0.00351843     0.01540526
    3.90000000     0.00000014     0.00000426     0.00006053     0.00053302     0.00324051     0.01434127
    3.91500000     0.00000012     0.00000381     0.00005470     0.00048592     0.00298271     0.01334155
    3.93000000     0.00000011     0.00000342     0.00004940     0.00044273     0.00274373     0.01240299
    3.94500000     0.00000010     0.00000306     0.00004459     0.00040316     0.00252235     0.01152256
    3.96000000     0.00000009     0.00000274     0.00004023     0.00036692     0.00231742     0.01069733
    3.97500000     0.00000008     0.00000245     0.00003628     0.00033375     0.00212785     0.00992445
    3.99000000     0.00000007     0.00000219     0.00003270     0.00030341     0.00195259     0.00920119
    4.00500000     0.00000006     0.00000196     0.00002946     0.00027568     0.00179068     0.00852489
    4.02000000     0.00000005     0.00000175     0.00002652     0.00025035     0.00164121     0.00789300
    4.03500000     0.00000005     0.00000156     0.00002387     0.00022721     0.00150331     0.00730306
    4.05000000     0.00000004     0.00000139     0.00002147     0.00020610     0.00137617     0.00675272
    4.06500000     0.00000004     0.00000124     0.00001930     0.00018685     0.00125902     0.00623970
    4.08000000     0.00000003     0.00000111     0.00001734     0.00016931     0.00115116     0.00576185
    4.09500000     0.00000003     0.00000099     0.00001557     0.00015332     0.00105191     0.00531709
    4.11000000     0.00000003     0.00000088     0.00001398     0.00013877     0.00096065     0.00490343
    4.12500000     0.00000002     0.00000078     0.00001254     0.00012554     0.00087678     0.00451901
    4.14000000     0.00000002     0.00000070     0.00001125     0.00011350     0.00079976     0.00416200
    4.15500000     0.00000002     0.00000062     0.00001008     0.00010256     0.00072908     0.00383071
    4.17000000     0.00000002     0.00000055     0.00000903     0.00009263     0.00066425     0.00352351
    4.18500000     0.00000001     0.00000049     0.00000809     0.00008361     0.00060483     0.00323885
    4.20000000     0.00000001     0.00000043     0.00000724     0.00007543     0.00055040     0.00297527
    4.21500000     0.00000001     0.00000039     0.00000647     0.00006801     0.00050058     0.00273139
    4.23000000     0.00000001     0.00000034     0.00000579     0.00006129     0.00045500     0.00250590
    4.24500000     0.00000001     0.00000030     0.00000517     0.00005520     0.00041333     0.00229755
    4.26000000     0.00000001     0.00000027     0.00000462     0.00004970     0.00037526     0.00210520
    4.27500000     0.00000001     0.00000024     0.00000412     0.00004471     0.00034049     0.00192772
    4.29000000     0.00000001     0.00000021     0.00000368     0.00004021     0.00030877     0.00176409
    4.30500000     0.00000001     0.00000019     0.00000328     0.00003614     0.00027984     0.00161334
    4.32000000     0.00000000     0.00000017     0.00000292     0.00003246     0.00025348     0.00147454
    4.33500000     0.00000000     0.00000015     0.00000260     0.00002914     0.00022947     0.00134684
    4.35000000     0.00000000     0.00000013     0.00000232     0.00002615     0.00020761     0.00122943
    4.36500000     0.00000000     0.00000011     0.00000206     0.00002345     0.00018773     0.00112155
    4.38000000     0.00000000     0.00000010     0.00000184     0.00002102     0.00016965     0.00102251
    4.39500000     0.00000000     0.00000009     0.00000163     0.00001883     0.00015323     0.00093164
    4.41000000     0.00000000     0.00000008     0.00000145     0.00001686     0.00013831     0.00084832
    4.42500000     0.00000000     0.00000007     0.00000129     0.00001509     0.00012478     0.00077197
    4.44000000     0.00000000     0.00000006     0.00000114     0.00001350     0.00011251     0.00070206
    4.45500000     0.00000000     0.00000005     0.00000101     0.00001207     0.00010139     0.00063810
    4.47000000     0.00000000     0.00000005     0.00000090     0.00001078     0.00009131     0.00057960
    4.48500000     0.00000000     0.00000004     0.00000080     0.00000963     0.00008219     0.00052615
    4.50000000     0.00000000     0.00000004     0.00000071     0.00000859     0.00007394     0.00047734
    4.51500000     0.00000000     0.00000003     0.00000063     0.00000767     0.00006648     0.00043279
    4.53000000     0.00000000     0.00000003     0.00000055     0.00000684     0.00005974     0.00039216
    4.54500000     0.00000000     0.00000002     0.00000049     0.00000609     0.00005365     0.00035513
    4.56000000     0.00000000     0.00000002     0.00000043     0.00000543     0.00004816     0.00032141
    4.57500000     0.00000000     0.00000002     0.00000038     0.00000483     0.00004320     0.00029071
    4.59000000     0.00000000     0.00000002     0.00000034     0.00000430     0.00003873     0.00026279
    4.60500000     0.00000000     0.00000001     0.00000030     0.00000382     0.00003471     0.00023740
    4.62000000     0.00000000     0.00000001     0.00000026     0.00000340     0.00003109     0.00021434
    4.63500000     0.00000000     0.00000001     0.00000023     0.00000302     0.00002782     0.00019341
    4.65000000     0.00000000     0.00000001     0.00000020     0.00000268     0.00002489     0.00017441
    4.66500000     0.00000000     0.00000001     0.00000018     0.00000238     0.00002226     0.00015719
    4.68000000     0.00000000     0.00000001     0.00000016     0.00000211     0.00001989     0.00014159
    4.69500000     0.00000000     0.00000001     0.00000014     0.00000187     0.00001776     0.00012746
    4.71000000     0.00000000     0.00000001     0.00000012     0.00000166     0.00001585     0.00011467
    4.72500000     0.00000000     0.00000001     0.00000011     0.00000147     0.00001414     0.00010310
    4.74000000     0.00000000     0.00000000     0.00000010     0.00000130     0.00001261     0.00009265
    4.75500000     0.00000000     0.00000000     0.00000008     0.00000115     0.00001124     0.00008320
    4.77000000     0.00000000     0.00000000     0.00000007     0.00000102     0.00001001     0.00007468
    4.78500000     0.00000000     0.00000000     0.00000006     0.00000090     0.00000891     0.00006699
    4.80000000     0.00000000     0.00000000     0.00000006     0.00000079     0.00000793     0.00006006
    4.81500000     0.00000000     0.00000000     0.00000005     0.00000070     0.00000705     0.00005381
    4.83000000     0.00000000     0.00000000     0.00000004     0.00000062     0.00000626     0.00004818
    4.84500000     0.00000000     0.00000000     0.00000004     0.00000054     0.00000556     0.00004312
    4.86000000     0.00000000     0.00000000     0.00000003     0.00000048     0.00000494     0.00003857
    4.87500000     0.00000000     0.00000000     0.00000003     0.00000042     0.00000438     0.00003448
    4.89000000     0.00000000     0.00000000     0.00000003     0.00000037     0.00000389     0.00003080
    4.90500000     0.00000000     0.00000000     0.00000002     0.00000033     0.00000344     0.00002750
    4.92000000     0.00000000     0.00000000     0.00000002     0.00000029     0.00000305     0.00002454
    4.93500000     0.00000000     0.00000000     0.00000002     0.00000025     0.00000270     0.00002189
    4.95000000     0.00000000     0.00000000     0.00000001     0.00000022     0.00000239     0.00001951
    4.96500000     0.00000000     0.00000000     0.00000001     0.00000020     0.00000211     0.00001738
    4.98000000     0.00000000     0.00000000     0.00000001     0.00000017     0.00000187     0.00001547
    4.99500000     0.00000000     0.00000000     0.00000001     0.00000015     0.00000165     0.00001377
    5.01000000     0.00000000     0.00000000     0.00000001     0.00000013     0.00000146     0.00001224
    5.02500000     0.00000000     0.00000000     0.00000001     0.00000012     0.00000129     0.00001088
    5.04000000     0.00000000     0.00000000     0.00000001     0.00000010     0.00000113     0.00000967
    5.05500000     0.00000000     0.00000000     0.00000001     0.00000009     0.00000100     0.00000858
    5.07000000     0.00000000     0.00000000     0.00000000     0.00000008     0.00000088     0.00000761
    5.08500000     0.00000000     0.00000000     0.00000000     0.00000007     0.00000078     0.00000675
    5.10000000     0.00000000     0.00000000     0.00000000     0.00000006     0.00000068     0.00000598
    5.11500000     0.00000000     0.00000000     0.00000000     0.00000005     0.00000060     0.00000530
    5.13000000     0.00000000     0.00000000     0.00000000     0.00000005     0.00000053     0.00000469
    5.14500000     0.00000000     0.00000000     0.00000000     0.00000004     0.00000046     0.00000415
    5.16000000     0.00000000     0.00000000     0.00000000     0.00000003     0.00000041     0.00000367
    5.17500000     0.00000000     0.00000000     0.00000000     0.00000003     0.00000036     0.00000324
    5.19000000     0.00000000     0.00000000     0.00000000     0.00000003     0.00000031     0.00000287
    5.20500000     0.00000000     0.00000000     0.00000000     0.00000002     0.00000028     0.00000253
    5.22000000     0.00000000     0.00000000     0.00000000     0.00000002     0.00000024     0.00000223
    5.23500000     0.00000000     0.00000000     0.00000000     0.00000002     0.00000021     0.00000197
    5.25000000     0.00000000     0.00000000     0.00000000     0.00000002     0.00000018     0.00000173
    5.26500000     0.00000000     0.00000000     0.00000000     0.00000001     0.00000016     0.00000153
    5.28000000     0.00000000     0.00000000     0.00000000     0.00000001     0.00000014     0.00000134
    5.29500000     0.00000000     0.00000000     0.00000000     0.00000001     0.00000012     0.00000118
    5.31000000     0.00000000     0.00000000     0.00000000     0.00000001     0.00000011     0.00000104
    5.32500000     0.00000000     0.00000000     0.00000000     0.00000001     0.00000009     0.00000091
    5.34000000     0.00000000     0.00000000     0.00000000     0.00000001     0.00000008     0.00000080
    5.35500000     0.00000000     0.00000000     0.00000000     0.00000001     0.00000007     0.00000070
    5.37000000     0.00000000     0.00000000     0.00000000     0.00000000     0.00000006     0.00000062
    5.38500000     0.00000000     0.00000000     0.00000000     0.00000000     0.00000005     0.00000054
    5.40000000     0.00000000     0.00000000     0.00000000     0.00000000     0.00000005     0.00000047
    5.41500000     0.00000000     0.00000000     0.00000000     0.00000000     0.00000004     0.00000041
    5.43000000     0.00000000     0.00000000     0.00000000     0.00000000     0.00000004     0.00000036
    5.44500000     0.00000000     0.00000000     0.00000000     0.00000000     0.00000003     0.00000032
    5.46000000     0.00000000     0.00000000     0.00000000     0.00000000     0.00000003     0.00000028
    5.47500000     0.00000000     0.00000000     0.00000000     0.00000000     0.00000002     0.00000024
    5.49000000     0.00000000     0.00000000     0.00000000     0.00000000     0.00000002     0.00000021
    5.50500000     0.00000000     0.00000000     0.00000000     0.00000000     0.00000002     0.00000018
    5.52000000     0.00000000     0.00000000     0.00000000     0.00000000     0.00000002     0.00000016
    5.53500000     0.00000000     0.00000000     0.00000000     0.00000000     0.00000001     0.00000014
    5.55000000     0.00000000     0.00000000     0.00000000     0.00000000     0.00000001     0.00000012
    5.56500000     0.00000000     0.00000000     0.00000000     0.00000000     0.00000001     0.00000010
    5.58000000     0.00000000     0.00000000     0.00000000     0.00000000     0.00000001     0.00000009
    5.59500000     0.00000000     0.00000000     0.00000000     0.00000000     0.00000001     0.00000008
    5.61000000     0.00000000     0.00000000     0.00000000     0.00000000     0.00000001     0.00000007
    5.62500000     0.00000000     0.00000000     0.00000000     0.00000000     0.00000001     0.00000006
    5.64000000     0.00000000     0.00000000     0.00000000     0.00000000     0.00000000     0.00000005
    5.65500000     0.00000000     0.00000000     0.00000000     0.00000000     0.00000000     0.00000004
    5.67000000     0.00000000     0.00000000     0.00000000     0.00000000     0.00000000     0.00000004
    5.68500000     0.00000000     0.00000000     0.00000000     0.00000000     0.00000000     0.00000003
    5.70000000     0.00000000     0.00000000     0.00000000     0.00000000     0.00000000     0.00000003
    5.71500000     0.00000000     0.00000000     0.00000000     0.00000000     0.00000000     0.00000002
    5.73000000     0.00000000     0.00000000     0.00000000     0.00000000     0.00000000     0.00000002
    5.74500000     0.00000000     0.00000000     0.00000000     0.00000000     0.00000000     0.00000002
    5.76000000     0.00000000     0.00000000     0.00000000     0.00000000     0.00000000     0.00000001
    5.77500000     0.00000000     0.00000000     0.00000000     0.00000000     0.00000000     0.00000001
    5.79000000     0.00000000     0.00000000     0.00000000     0.00000000     0.00000000     0.00000001
    5.80500000     0.00000000     0.00000000     0.00000000     0.00000000     0.00000000     0.00000001
    5.82000000     0.00000000     0.00000000     0.00000000     0.00000000     0.00000000     0.00000001
    5.83500000     0.00000000     0.00000000     0.00000000     0.00000000     0.00000000     0.00000001
    5.85000000     0.00000000     0.00000000     0.00000000     0.00000000     0.00000000     0.00000000
    5.86500000     0.00000000     0.00000000     0.00000000     0.00000000     0.00000000     0.00000000
    5.88000000     0.00000000     0.00000000     0.00000000     0.00000000     0.00000000     0.00000000
    5.89500000     0.00000000     0.00000000     0.00000000     0.00000000     0.00000000     0.00000000
    5.91000000     0.00000000     0.00000000     0.00000000     0.00000000     0.00000000     0.00000000
    5.92500000     0.00000000     0.00000000     0.00000000     0.00000000     0.00000000     0.00000000
    5.94000000     0.00000000     0.00000000     0.00000000     0.00000000     0.00000000     0.00000000
    5.95500000     0.00000000     0.00000000     0.00000000     0.00000000     0.00000000     0.00000000
    5.97000000     0.00000000     0.00000000     0.00000000     0.00000000     0.00000000     0.00000000
    5.98500000     0.00000000     0.00000000     0.00000000     0.00000000     0.00000000     0.00000000
    6.00000000     0.00000000     0.00000000     0.00000000     0.00000000     0.00000000     0.00000000
