# N=  800     -0.37162410    -0.35637257    -0.29773914     0.64119838     0.77193250     1.03811475
   -9.97500000     0.00000045     0.00000071     0.00007711     0.00000436     0.00001462     0.00015444
   -9.95000000     0.00000180     0.00000283     0.00030860     0.00001746     0.00005847     0.00061756
   -9.92500000     0.00000404     0.00000636     0.00069493     0.00003927     0.00013153     0.00138874
   -9.90000000     0.00000720     0.00001133     0.00123685     0.00006980     0.00023374     0.00246689
   -9.87500000     0.00001127     0.00001773     0.00193537     0.00010903     0.00036501     0.00385043
   -9.85000000     0.00001625     0.00002558     0.00279175     0.00015694     0.00052523     0.00553721
   -9.82500000     0.00002217     0.00003489     0.00380745     0.00021349     0.00071425     0.00752451
   -9.80000000     0.00002903     0.00004568     0.00498416     0.00027865     0.00093188     0.00980898
   -9.77500000     0.00003685     0.00005797     0.00632374     0.00035237     0.00117787     0.01238660
   -9.75000000     0.00004562     0.00007177     0.00782821     0.00043459     0.00145194     0.01525263
   -9.72500000     0.00005538     0.00008712     0.00949973     0.00052523     0.00175375     0.01840161
   -9.70000000     0.00006614     0.00010403     0.01134056     0.00062420     0.00208291     0.02182728
   -9.67500000     0.00007791     0.00012253     0.01335307     0.00073139     0.00243894     0.02552257
   -9.65000000     0.00009070     0.00014264     0.01553968     0.00084669     0.00282133     0.02947958
   -9.62500000     0.00010454     0.00016439     0.01790289     0.00096995     0.00322948     0.03368954
   -9.60000000     0.00011944     0.00018781     0.02044517     0.00110101     0.00366273     0.03814277
   -9.57500000     0.00013542     0.00021291     0.02316901     0.00123969     0.00412035     0.04282869
   -9.55000000     0.00015250     0.00023974     0.02607688     0.00138578     0.00460150     0.04773579
   -9.52500000     0.00017069     0.00026830     0.02917118     0.00153908     0.00510530     0.05285162
   -9.50000000     0.00019001     0.00029864     0.03245421     0.00169931     0.00563075     0.05816277
   -9.47500000     0.00021048     0.00033077     0.03592818     0.00186623     0.00617681     0.06365491
   -9.45000000     0.00023211     0.00036471     0.03959515     0.00203951     0.00674230     0.06931273
   -9.42500000     0.00025493     0.00040050     0.04345702     0.00221885     0.00732600     0.07512001
   -9.40000000     0.00027893     0.00043815     0.04751548     0.00240390     0.00792658     0.08105962
   -9.37500000     0.00030414     0.00047768     0.05177201     0.00259428     0.00854261     0.08711351
   -9.35000000     0.00033057     0.00051910     0.05622782     0.00278959     0.00917260     0.09326279
   -9.32500000     0.00035823     0.00056244     0.06088387     0.00298940     0.00981496     0.09948774
   -9.30000000     0.00038712     0.00060771     0.06574076     0.00319325     0.01046801     0.10576783
   -9.27500000     0.00041726     0.00065490     0.07079879     0.00340068     0.01113000     0.11208184
   -9.25000000     0.00044865     0.00070404     0.07605789     0.00361117     0.01179908     0.11840786
   -9.22500000     0.00048129     0.00075513     0.08151756     0.00382420     0.01247334     0.12472334
   -9.20000000     0.00051519     0.00080815     0.08717693     0.00403920     0.01315079     0.13100525
   -9.17500000     0.00055034     0.00086312     0.09303463     0.00425561     0.01382939     0.13723007
   -9.15000000     0.00058674     0.00092001     0.09908885     0.00447281     0.01450700     0.14337392
   -9.12500000     0.00062438     0.00097882     0.10533727     0.00469019     0.01518147     0.14941264
   -9.10000000     0.00066325     0.00103953     0.11177706     0.00490712     0.01585055     0.15532190
   -9.07500000     0.00070333     0.00110212     0.11840482     0.00512293     0.01651200     0.16107731
   -9.05000000     0.00074463     0.00116656     0.12521662     0.00533694     0.01716350     0.16665451
   -9.02500000     0.00078710     0.00123281     0.13220793     0.00554849     0.01780273     0.17202930
   -9.00000000     0.00083073     0.00130084     0.13937362     0.00575686     0.01842735     0.17717776
   -8.97500000     0.00087550     0.00137060     0.14670797     0.00596136     0.01903501     0.18207640
   -8.95000000     0.00092137     0.00144205     0.15420463     0.00616128     0.01962336     0.18670223
   -8.92500000     0.00096832     0.00151512     0.16185659     0.00635590     0.02019008     0.19103293
   -8.90000000     0.00101629     0.00158977     0.16965624     0.00654450     0.02073285     0.19504701
   -8.87500000     0.00106526     0.00166591     0.17759532     0.00672639     0.02124942     0.19872386
   -8.85000000     0.00111517     0.00174348     0.18566490     0.00690086     0.02173755     0.20204397
   -8.82500000     0.00116598     0.00182240     0.19385545     0.00706722     0.02219508     0.20498900
   -8.80000000     0.00121764     0.00190258     0.20215678     0.00722478     0.02261994     0.20754195
   -8.77500000     0.00127008     0.00198394     0.21055807     0.00737289     0.02301011     0.20968726
   -8.75000000     0.00132325     0.00206636     0.21904790     0.00751091     0.02336370     0.21141093
   -8.72500000     0.00137708     0.00214976     0.22761425     0.00763821     0.02367890     0.21270066
   -8.70000000     0.00143151     0.00223402     0.23624452     0.00775422     0.02395404     0.21354594
   -8.67500000     0.00148647     0.00231903     0.24492553     0.00785837     0.02418757     0.21393817
   -8.65000000     0.00154187     0.00240466     0.25364361     0.00795014     0.02437811     0.21387073
   -8.62500000     0.00159764     0.00249080     0.26238455     0.00802905     0.02452439     0.21333907
   -8.60000000     0.00165370     0.00257731     0.27113370     0.00809466     0.02462535     0.21234082
   -8.57500000     0.00170996     0.00266406     0.27987595     0.00814656     0.02468008     0.21087581
   -8.55000000     0.00176634     0.00275090     0.28859583     0.00818441     0.02468784     0.20894613
   -8.52500000     0.00182275     0.00283771     0.29727748     0.00820791     0.02464813     0.20655619
   -8.50000000     0.00187909     0.00292432     0.30590478     0.00821681     0.02456059     0.20371272
   -8.47500000     0.00193527     0.00301060     0.31446131     0.00821094     0.02442510     0.20042481
   -8.45000000     0.00199120     0.00309639     0.32293047     0.00819014     0.02424175     0.19670387
   -8.42500000     0.00204677     0.00318154     0.33129550     0.00815437     0.02401083     0.19256365
   -8.40000000     0.00210189     0.00326588     0.33953955     0.00810360     0.02373285     0.18802017
   -8.37500000     0.00215645     0.00334927     0.34764573     0.00803789     0.02340854     0.18309170
   -8.35000000     0.00221037     0.00343154     0.35559716     0.00795736     0.02303885     0.17779869
   -8.32500000     0.00226352     0.00351255     0.36337706     0.00786219     0.02262495     0.17216369
   -8.30000000     0.00231582     0.00359212     0.37096877     0.00775264     0.02216823     0.16621124
   -8.27500000     0.00236717     0.00367010     0.37835586     0.00762901     0.02167027     0.15996778
   -8.25000000     0.00241746     0.00374635     0.38552214     0.00749168     0.02113288     0.15346154
   -8.22500000     0.00246660     0.00382070     0.39245178     0.00734110     0.02055806     0.14672238
   -8.20000000     0.00251448     0.00389300     0.39912932     0.00717776     0.01994801     0.13978164
   -8.17500000     0.00256102     0.00396312     0.40553977     0.00700224     0.01930512     0.13267200
   -8.15000000     0.00260613     0.00403089     0.41166864     0.00681515     0.01863194     0.12542731
   -8.12500000     0.00264970     0.00409620     0.41750202     0.00661718     0.01793119     0.11808239
   -8.10000000     0.00269166     0.00415889     0.42302663     0.00640905     0.01720575     0.11067285
   -8.07500000     0.00273193     0.00421885     0.42822987     0.00619156     0.01645863     0.10323491
   -8.05000000     0.00277041     0.00427595     0.43309990     0.00596553     0.01569297     0.09580518
   -8.02500000     0.00280704     0.00433008     0.43762563     0.00573184     0.01491200     0.08842044
   -8.00000000     0.00284174     0.00438112     0.44179684     0.00549141     0.01411908     0.08111749
   -7.97500000     0.00287445     0.00442897     0.44560417     0.00524519     0.01331761     0.07393286
   -7.95000000     0.00290510     0.00447354     0.44903917     0.00499415     0.01251107     0.06690268
   -7.92500000     0.00293363     0.00451474     0.45209435     0.00473931     0.01170297     0.06006241
   -7.90000000     0.00296000     0.00455250     0.45476320     0.00448170     0.01089686     0.05344667
   -7.87500000     0.00298416     0.00458674     0.45704023     0.00422237     0.01009628     0.04708901
   -7.85000000     0.00300607     0.00461742     0.45892094     0.00396236     0.00930476     0.04102177
   -7.82500000     0.00302568     0.00464446     0.46040194     0.00370276     0.00852581     0.03527583
   -7.80000000     0.00304298     0.00466784     0.46148085     0.00344463     0.00776288     0.02988048
   -7.77500000     0.00305793     0.00468753     0.46215637     0.00318902     0.00701936     0.02486322
   -7.75000000     0.00307052     0.00470349     0.46242829     0.00293700     0.00629855     0.02024965
   -7.72500000     0.00308075     0.00471573     0.46229746     0.00268959     0.00560366     0.01606328
   -7.70000000     0.00308860     0.00472423     0.46176576     0.00244784     0.00493776     0.01232542
   -7.67500000     0.00309408     0.00472900     0.46083617     0.00221272     0.00430383     0.00905509
   -7.65000000     0.00309719     0.00473007     0.45951266     0.00198521     0.00370466     0.00626889
   -7.62500000     0.00309796     0.00472746     0.45780025     0.00176625     0.00314291     0.00398093
   -7.60000000     0.00309638     0.00472119     0.45570490     0.00155672     0.00262105     0.00220275
   -7.57500000     0.00309251     0.00471133     0.45323356     0.00135750     0.00214138     0.00094332
   -7.55000000     0.00308636     0.00469792     0.45039408     0.00116938     0.00170600     0.00020895
   -7.52500000     0.00307796     0.00468102     0.44719521     0.00099314     0.00131682     0.00000332
   -7.50000000     0.00306738     0.00466071     0.44364652     0.00082949     0.00097551     0.00032744
   -7.47500000     0.00305464     0.00463706     0.43975840     0.00067908     0.00068357     0.00117971
   -7.45000000     0.00303981     0.00461016     0.43554197     0.00054250     0.00044222     0.00255595
   -7.42500000     0.00302293     0.00458010     0.43100904     0.00042032     0.00025252     0.00444943
   -7.40000000     0.00300408     0.00454699     0.42617208     0.00031300     0.00011526     0.00685095
   -7.37500000     0.00298331     0.00451092     0.42104414     0.00022096     0.00003102     0.00974894
   -7.35000000     0.00296070     0.00447202     0.41563880     0.00014457     0.00000016     0.01312952
   -7.32500000     0.00293632     0.00443040     0.40997013     0.00008411     0.00002279     0.01697666
   -7.30000000     0.00291024     0.00438617     0.40405258     0.00003981     0.00009883     0.02127223
   -7.27500000     0.00288254     0.00433948     0.39790099     0.00001185     0.00022798     0.02599621
   -7.25000000     0.00285331     0.00429044     0.39153048     0.00000033     0.00040970     0.03112677
   -7.22500000     0.00282262     0.00423919     0.38495639     0.00000528     0.00064328     0.03664046
   -7.20000000     0.00279057     0.00418587     0.37819425     0.00002670     0.00092780     0.04251235
   -7.17500000     0.00275723     0.00413061     0.37125970     0.00006450     0.00126217     0.04871618
   -7.15000000     0.00272271     0.00407356     0.36416846     0.00011855     0.00164508     0.05522455
   -7.12500000     0.00268708     0.00401485     0.35693621     0.00018866     0.00207511     0.06200909
   -7.10000000     0.00265044     0.00395462     0.34957860     0.00027459     0.00255065     0.06904061
   -7.07500000     0.00261287     0.00389303     0.34211119     0.00037605     0.00306996     0.07628928
   -7.05000000     0.00257447     0.00383020     0.33454934     0.00049271     0.00363115     0.08372484
   -7.02500000     0.00253532     0.00376628     0.32690823     0.00062417     0.00423223     0.09131670
   -7.00000000     0.00249552     0.00370141     0.31920279     0.00077002     0.00487112     0.09903417
   -6.97500000     0.00245515     0.00363572     0.31144764     0.00092979     0.00554560     0.10684659
   -6.95000000     0.00241429     0.00356936     0.30365708     0.00110299     0.00625343     0.11472349
   -6.92500000     0.00237305     0.00350244     0.29584500     0.00128911     0.00699226     0.12263477
   -6.90000000     0.00233149     0.00343511     0.28802492     0.00148757     0.00775970     0.13055081
   -6.87500000     0.00228969     0.00336749     0.28020990     0.00169782     0.00855334     0.13844261
   -6.85000000     0.00224775     0.00329970     0.27241251     0.00191925     0.00937073     0.14628196
   -6.82500000     0.00220574     0.00323187     0.26464486     0.00215126     0.01020940     0.15404150
   -6.80000000     0.00216373     0.00316410     0.25691852     0.00239322     0.01106690     0.16169488
   -6.77500000     0.00212180     0.00309651     0.24924452     0.00264450     0.01194077     0.16921685
   -6.75000000     0.00208001     0.00302920     0.24163335     0.00290446     0.01282859     0.17658332
   -6.72500000     0.00203843     0.00296229     0.23409491     0.00317247     0.01372796     0.18377149
   -6.70000000     0.00199714     0.00289586     0.22663855     0.00344789     0.01463654     0.19075986
   -6.67500000     0.00195618     0.00283001     0.21927302     0.00373007     0.01555203     0.19752837
   -6.65000000     0.00191563     0.00276483     0.21200649     0.00401840     0.01647220     0.20405835
   -6.62500000     0.00187553     0.00270040     0.20484654     0.00431226     0.01739488     0.21033266
   -6.60000000     0.00183593     0.00263680     0.19780015     0.00461104     0.01831799     0.21633563
   -6.57500000     0.00179690     0.00257411     0.19087373     0.00491416     0.01923953     0.22205315
   -6.55000000     0.00175847     0.00251239     0.18407310     0.00522105     0.02015760     0.22747263
   -6.52500000     0.00172070     0.00245170     0.17740354     0.00553115     0.02107037     0.23258301
   -6.50000000     0.00168361     0.00239211     0.17086972     0.00584393     0.02197615     0.23737478
   -6.47500000     0.00164726     0.00233367     0.16447580     0.00615889     0.02287331     0.24183992
   -6.45000000     0.00161167     0.00227643     0.15822541     0.00647556     0.02376036     0.24597191
   -6.42500000     0.00157687     0.00222044     0.15212162     0.00679346     0.02463592     0.24976568
   -6.40000000     0.00154291     0.00216573     0.14616705     0.00711218     0.02549869     0.25321758
   -6.37500000     0.00150980     0.00211235     0.14036379     0.00743132     0.02634752     0.25632533
   -6.35000000     0.00147758     0.00206032     0.13471350     0.00775052     0.02718135     0.25908796
   -6.32500000     0.00144626     0.00200968     0.12921738     0.00806942     0.02799924     0.26150578
   -6.30000000     0.00141586     0.00196045     0.12387618     0.00838772     0.02880036     0.26358031
   -6.27500000     0.00138641     0.00191265     0.11869030     0.00870516     0.02958400     0.26531421
   -6.25000000     0.00135792     0.00186630     0.11365971     0.00902147     0.03034954     0.26671121
   -6.22500000     0.00133041     0.00182142     0.10878404     0.00933646     0.03109648     0.26777608
   -6.20000000     0.00130388     0.00177801     0.10406258     0.00964993     0.03182444     0.26851450
   -6.17500000     0.00127836     0.00173610     0.09949429     0.00996173     0.03253310     0.26893305
   -6.15000000     0.00125384     0.00169568     0.09507787     0.01027175     0.03322227     0.26903908
   -6.12500000     0.00123035     0.00165676     0.09081169     0.01057989     0.03389185     0.26884071
   -6.10000000     0.00120788     0.00161935     0.08669393     0.01088610     0.03454184     0.26834667
   -6.07500000     0.00118645     0.00158344     0.08272250     0.01119034     0.03517229     0.26756632
   -6.05000000     0.00116607     0.00154903     0.07889510     0.01149261     0.03578338     0.26650950
   -6.02500000     0.00114673     0.00151613     0.07520927     0.01179295     0.03637533     0.26518652
   -6.00000000     0.00112844     0.00148473     0.07166235     0.01209140     0.03694846     0.26360806
   -5.97500000     0.00111121     0.00145482     0.06825155     0.01238804     0.03750315     0.26178512
   -5.95000000     0.00109505     0.00142641     0.06497393     0.01268298     0.03803985     0.25972895
   -5.92500000     0.00107995     0.00139948     0.06182645     0.01297635     0.03855905     0.25745100
   -5.90000000     0.00106593     0.00137404     0.05880597     0.01326831     0.03906134     0.25496285
   -5.87500000     0.00105298     0.00135007     0.05590925     0.01355904     0.03954731     0.25227615
   -5.85000000     0.00104112     0.00132757     0.05313301     0.01384873     0.04001764     0.24940262
   -5.82500000     0.00103035     0.00130654     0.05047390     0.01413761     0.04047304     0.24635391
   -5.80000000     0.00102068     0.00128697     0.04792853     0.01442593     0.04091424     0.24314165
   -5.77500000     0.00101212     0.00126886     0.04549351     0.01471393     0.04134203     0.23977734
   -5.75000000     0.00100467     0.00125221     0.04316540     0.01500192     0.04175723     0.23627235
   -5.72500000     0.00099835     0.00123701     0.04094077     0.01529017     0.04216067     0.23263786
   -5.70000000     0.00099318     0.00122327     0.03881622     0.01557902     0.04255322     0.22888487
   -5.67500000     0.00098916     0.00121098     0.03678834     0.01586879     0.04293577     0.22502409
   -5.65000000     0.00098631     0.00120015     0.03485375     0.01615984     0.04330922     0.22106601
   -5.62500000     0.00098466     0.00119079     0.03300911     0.01645252     0.04367449     0.21702081
   -5.60000000     0.00098421     0.00118290     0.03125112     0.01674721     0.04403251     0.21289837
   -5.57500000     0.00098500     0.00117649     0.02957652     0.01704431     0.04438421     0.20870825
   -5.55000000     0.00098705     0.00117158     0.02798213     0.01734422     0.04473055     0.20445966
   -5.52500000     0.00099038     0.00116817     0.02646479     0.01764736     0.04507247     0.20016147
   -5.50000000     0.00099504     0.00116629     0.02502143     0.01795416     0.04541093     0.19582219
   -5.47500000     0.00100105     0.00116597     0.02364904     0.01826506     0.04574686     0.19144996
   -5.45000000     0.00100845     0.00116721     0.02234468     0.01858052     0.04608123     0.18705255
   -5.42500000     0.00101729     0.00117006     0.02110547     0.01890099     0.04641498     0.18263737
   -5.40000000     0.00102761     0.00117454     0.01992864     0.01922695     0.04674904     0.17821144
   -5.37500000     0.00103945     0.00118069     0.01881146     0.01955889     0.04708434     0.17378143
   -5.35000000     0.00105288     0.00118855     0.01775131     0.01989729     0.04742182     0.16935361
   -5.32500000     0.00106796     0.00119817     0.01674563     0.02024268     0.04776238     0.16493392
   -5.30000000     0.00108474     0.00120960     0.01579195     0.02059555     0.04810693     0.16052792
   -5.27500000     0.00110330     0.00122288     0.01488788     0.02095643     0.04845636     0.15614084
   -5.25000000     0.00112371     0.00123808     0.01403111     0.02132585     0.04881154     0.15177754
   -5.22500000     0.00114605     0.00125528     0.01321941     0.02170435     0.04917336     0.14744256
   -5.20000000     0.00117041     0.00127453     0.01245064     0.02209249     0.04954264     0.14314012
   -5.17500000     0.00119688     0.00129592     0.01172273     0.02249082     0.04992025     0.13887414
   -5.15000000     0.00122557     0.00131953     0.01103369     0.02289990     0.05030698     0.13464820
   -5.12500000     0.00125657     0.00134545     0.01038161     0.02332031     0.05070366     0.13046564
   -5.10000000     0.00129002     0.00137379     0.00976466     0.02375263     0.05111107     0.12632947
   -5.07500000     0.00132602     0.00140465     0.00918109     0.02419745     0.05152998     0.12224249
   -5.05000000     0.00136471     0.00143815     0.00862920     0.02465537     0.05196115     0.11820721
   -5.02500000     0.00140623     0.00147441     0.00810740     0.02512698     0.05240530     0.11422592
   -5.00000000     0.00145074     0.00151355     0.00761413     0.02561290     0.05286316     0.11030069
   -4.97500000     0.00149840     0.00155574     0.00714792     0.02611375     0.05333543     0.10643335
   -4.95000000     0.00154937     0.00160111     0.00670738     0.02663014     0.05382277     0.10262557
   -4.92500000     0.00160384     0.00164983     0.00629114     0.02716271     0.05432584     0.09887881
   -4.90000000     0.00166200     0.00170207     0.00589795     0.02771207     0.05484528     0.09519437
   -4.87500000     0.00172406     0.00175802     0.00552658     0.02827888     0.05538169     0.09157339
   -4.85000000     0.00179024     0.00181788     0.00517586     0.02886377     0.05593566     0.08801686
   -4.82500000     0.00186078     0.00188185     0.00484470     0.02946738     0.05650774     0.08452564
   -4.80000000     0.00193591     0.00195016     0.00453205     0.03009035     0.05709849     0.08110047
   -4.77500000     0.00201591     0.00202304     0.00423692     0.03073333     0.05770839     0.07774198
   -4.75000000     0.00210105     0.00210075     0.00395834     0.03139697     0.05833793     0.07445069
   -4.72500000     0.00219162     0.00218355     0.00369544     0.03208189     0.05898755     0.07122706
   -4.70000000     0.00228795     0.00227173     0.00344736     0.03278875     0.05965768     0.06807144
   -4.67500000     0.00239035     0.00236558     0.00321330     0.03351817     0.06034869     0.06498414
   -4.65000000     0.00249919     0.00246542     0.00299248     0.03427079     0.06106093     0.06196541
   -4.62500000     0.00261482     0.00257159     0.00278420     0.03504723     0.06179471     0.05901545
   -4.60000000     0.00273764     0.00268443     0.00258778     0.03584808     0.06255030     0.05613440
   -4.57500000     0.00286805     0.00280432     0.00240256     0.03667396     0.06332793     0.05332242
   -4.55000000     0.00300650     0.00293166     0.00222794     0.03752544     0.06412778     0.05057960
   -4.52500000     0.00315344     0.00306686     0.00206335     0.03840309     0.06494998     0.04790604
   -4.50000000     0.00330935     0.00321036     0.00190825     0.03930747     0.06579462     0.04530184
   -4.47500000     0.00347474     0.00336261     0.00176213     0.04023908     0.06666174     0.04276708
   -4.45000000     0.00365014     0.00352410     0.00162451     0.04119844     0.06755131     0.04030186
   -4.42500000     0.00383611     0.00369535     0.00149495     0.04218601     0.06846326     0.03790627
   -4.40000000     0.00403324     0.00387687     0.00137302     0.04320224     0.06939743     0.03558045
   -4.37500000     0.00424215     0.00406924     0.00125833     0.04424752     0.07035363     0.03332454
   -4.35000000     0.00446349     0.00427304     0.00115051     0.04532223     0.07133158     0.03113870
   -4.32500000     0.00469793     0.00448889     0.00104921     0.04642668     0.07233091     0.02902312
   -4.30000000     0.00494618     0.00471743     0.00095410     0.04756115     0.07335122     0.02697804
   -4.27500000     0.00520900     0.00495933     0.00086489     0.04872585     0.07439200     0.02500370
   -4.25000000     0.00548715     0.00521531     0.00078130     0.04992096     0.07545264     0.02310041
   -4.22500000     0.00578145     0.00548608     0.00070306     0.05114658     0.07653248     0.02126849
   -4.20000000     0.00609274     0.00577243     0.00062992     0.05240274     0.07763075     0.01950830
   -4.17500000     0.00642192     0.00607515     0.00056167     0.05368942     0.07874658     0.01782024
   -4.15000000     0.00676989     0.00639507     0.00049810     0.05500649     0.07987901     0.01620476
   -4.12500000     0.00713763     0.00673306     0.00043902     0.05635378     0.08102697     0.01466232
   -4.10000000     0.00752611     0.00709002     0.00038424     0.05773100     0.08218929     0.01319343
   -4.07500000     0.00793638     0.00746687     0.00033361     0.05913778     0.08336468     0.01179862
   -4.05000000     0.00836950     0.00786459     0.00028698     0.06057365     0.08455174     0.01047846
   -4.02500000     0.00882659     0.00828418     0.00024422     0.06203803     0.08574897     0.00923353
   -4.00000000     0.00930880     0.00872667     0.00020521     0.06353024     0.08695471     0.00806444
   -3.97500000     0.00981731     0.00919313     0.00016983     0.06504946     0.08816722     0.00697182
   -3.95000000     0.01035335     0.00968466     0.00013800     0.06659479     0.08938460     0.00595630
   -3.92500000     0.01091818     0.01020240     0.00010963     0.06816516     0.09060485     0.00501852
   -3.90000000     0.01151311     0.01074752     0.00008463     0.06975939     0.09182581     0.00415913
   -3.87500000     0.01213946     0.01132122     0.00006296     0.07137616     0.09304523     0.00337874
   -3.85000000     0.01279863     0.01192473     0.00004455     0.07301399     0.09426068     0.00267797
   -3.82500000     0.01349200     0.01255932     0.00002936     0.07467127     0.09546964     0.00205742
   -3.80000000     0.01422103     0.01322626     0.00001735     0.07634623     0.09666943     0.00151765
   -3.77500000     0.01498718     0.01392687     0.00000850     0.07803693     0.09785725     0.00105916
   -3.75000000     0.01579196     0.01466250     0.00000278     0.07974129     0.09903016     0.00068244
   -3.72500000     0.01663688     0.01543450     0.00000017     0.08145705     0.10018512     0.00038788
   -3.70000000     0.01752351     0.01624427     0.00000069     0.08318177     0.10131892     0.00017582
   -3.67500000     0.01845341     0.01709318     0.00000432     0.08491286     0.10242828     0.00004652
   -3.65000000     0.01942817     0.01798267     0.00001107     0.08664755     0.10350977     0.00000014
   -3.62500000     0.02044941     0.01891415     0.00002096     0.08838289     0.10455985     0.00003675
   -3.60000000     0.02151872     0.01988905     0.00003401     0.09011575     0.10557489     0.00015629
   -3.57500000     0.02263775     0.02090881     0.00005023     0.09184284     0.10655115     0.00035859
   -3.55000000     0.02380810     0.02197486     0.00006967     0.09356069     0.10748482     0.00064332
   -3.52500000     0.02503140     0.02308863     0.00009234     0.09526565     0.10837199     0.00101003
   -3.50000000     0.02630926     0.02425153     0.00011829     0.09695392     0.10920871     0.00145809
   -3.47500000     0.02764328     0.02546496     0.00014755     0.09862151     0.10999093     0.00198671
   -3.45000000     0.02903503     0.02673030     0.00018017     0.10026430     0.11071460     0.00259492
   -3.42500000     0.03048607     0.02804891     0.00021620     0.10187799     0.11137562     0.00328154
   -3.40000000     0.03199791     0.02942209     0.00025568     0.10345816     0.11196987     0.00404522
   -3.37500000     0.03357202     0.03085113     0.00029866     0.10500024     0.11249325     0.00488436
   -3.35000000     0.03520983     0.03233725     0.00034519     0.10649954     0.11294167     0.00579716
   -3.32500000     0.03691272     0.03388164     0.00039531     0.10795125     0.11331106     0.00678160
   -3.30000000     0.03868198     0.03548539     0.00044909     0.10935046     0.11359743     0.00783540
   -3.27500000     0.04051884     0.03714955     0.00050657     0.11069219     0.11379685     0.00895604
   -3.25000000     0.04242447     0.03887510     0.00056779     0.11197137     0.11390551     0.01014078
   -3.22500000     0.04439990     0.04066289     0.00063281     0.11318288     0.11391969     0.01138660
   -3.20000000     0.04644611     0.04251373     0.00070168     0.11432158     0.11383582     0.01269022
   -3.17500000     0.04856394     0.04442828     0.00077442     0.11538228     0.11365051     0.01404812
   -3.15000000     0.05075411     0.04640712     0.00085110     0.11635983     0.11336054     0.01545651
   -3.12500000     0.05301723     0.04845070     0.00093173     0.11724910     0.11296292     0.01691136
   -3.10000000     0.05535375     0.05055932     0.00101635     0.11804500     0.11245487     0.01840836
   -3.07500000     0.05776397     0.05273317     0.00110498     0.11874253     0.11183390     0.01994297
   -3.05000000     0.06024805     0.05497228     0.00119766     0.11933677     0.11109779     0.02151040
   -3.02500000     0.06280597     0.05727653     0.00129438     0.11982296     0.11024464     0.02310563
   -3.00000000     0.06543752     0.05964561     0.00139517     0.12019648     0.10927288     0.02472342
   -2.97500000     0.06814231     0.06207908     0.00150002     0.12045288     0.10818130     0.02635830
   -2.95000000     0.07091976     0.06457628     0.00160892     0.12058794     0.10696906     0.02800461
   -2.92500000     0.07376907     0.06713638     0.00172186     0.12059769     0.10563574     0.02965652
   -2.90000000     0.07668923     0.06975834     0.00183882     0.12047841     0.10418133     0.03130802
   -2.87500000     0.07967900     0.07244094     0.00195976     0.12022670     0.10260628     0.03295297
   -2.85000000     0.08273692     0.07518272     0.00208464     0.11983948     0.10091149     0.03458507
   -2.82500000     0.08586129     0.07798202     0.00221340     0.11931404     0.09909834     0.03619798
   -2.80000000     0.08905015     0.08083696     0.00234598     0.11864804     0.09716871     0.03778523
   -2.77500000     0.09230131     0.08374542     0.00248231     0.11783958     0.09512498     0.03934034
   -2.75000000     0.09561230     0.08670506     0.00262229     0.11688719     0.09297005     0.04085679
   -2.72500000     0.09898041     0.08971331     0.00276582     0.11578987     0.09070733     0.04232808
   -2.70000000     0.10240267     0.09276735     0.00291281     0.11454711     0.08834079     0.04374775
   -2.67500000     0.10587584     0.09586414     0.00306311     0.11315893     0.08587491     0.04510943
   -2.65000000     0.10939640     0.09900039     0.00321660     0.11162589     0.08331470     0.04640684
   -2.62500000     0.11296059     0.10217258     0.00337312     0.10994909     0.08066571     0.04763384
   -2.60000000     0.11656437     0.10537695     0.00353252     0.10813021     0.07793400     0.04878450
   -2.57500000     0.12020345     0.10860952     0.00369461     0.10617153     0.07512616     0.04985307
   -2.55000000     0.12387328     0.11186606     0.00385920     0.10407591     0.07224927     0.05083407
   -2.52500000     0.12756905     0.11514215     0.00402611     0.10184683     0.06931087     0.05172230
   -2.50000000     0.13128571     0.11843313     0.00419511     0.09948838     0.06631900     0.05251286
   -2.47500000     0.13501799     0.12173414     0.00436597     0.09700527     0.06328211     0.05320124
   -2.45000000     0.13876036     0.12504013     0.00453845     0.09440282     0.06020908     0.05378328
   -2.42500000     0.14250711     0.12834584     0.00471232     0.09168696     0.05710916     0.05425528
   -2.40000000     0.14625230     0.13164586     0.00488730     0.08886422     0.05399195     0.05461394
   -2.37500000     0.14998981     0.13493460     0.00506311     0.08594173     0.05086735     0.05485648
   -2.35000000     0.15371334     0.13820634     0.00523949     0.08292717     0.04774555     0.05498062
   -2.32500000     0.15741644     0.14145519     0.00541613     0.07982880     0.04463696     0.05498458
   -2.30000000     0.16109251     0.14467517     0.00559273     0.07665539     0.04155217     0.05486716
   -2.27500000     0.16473482     0.14786021     0.00576899     0.07341624     0.03850191     0.05462772
   -2.25000000     0.16833655     0.15100413     0.00594457     0.07012109     0.03549699     0.05426622
   -2.22500000     0.17189080     0.15410070     0.00611917     0.06678014     0.03254825     0.05378320
   -2.20000000     0.17539060     0.15714365     0.00629245     0.06340399     0.02966652     0.05317982
   -2.17500000     0.17882894     0.16012670     0.00646408     0.06000358     0.02686254     0.05245785
   -2.15000000     0.18219881     0.16304354     0.00663372     0.05659018     0.02414693     0.05161970
   -2.12500000     0.18549320     0.16588790     0.00680102     0.05317534     0.02153011     0.05066836
   -2.10000000     0.18870513     0.16865358     0.00696566     0.04977080     0.01902228     0.04960745
   -2.07500000     0.19182771     0.17133440     0.00712728     0.04638847     0.01663330     0.04844119
   -2.05000000     0.19485411     0.17392432     0.00728555     0.04304040     0.01437271     0.04717438
   -2.02500000     0.19777762     0.17641738     0.00744013     0.03973866     0.01224962     0.04581240
   -2.00000000     0.20059167     0.17880777     0.00759069     0.03649533     0.01027268     0.04436116
   -1.97500000     0.20328986     0.18108987     0.00773690     0.03332242     0.00845001     0.04282711
   -1.95000000     0.20586597     0.18325819     0.00787843     0.03023184     0.00678918     0.04121719
   -1.92500000     0.20831400     0.18530751     0.00801497     0.02723529     0.00529713     0.03953878
   -1.90000000     0.21062820     0.18723279     0.00814622     0.02434424     0.00398017     0.03779971
   -1.87500000     0.21280307     0.18902926     0.00827189     0.02156987     0.00284387     0.03600818
   -1.85000000     0.21483341     0.19069244     0.00839167     0.01892299     0.00189311     0.03417273
   -1.82500000     0.21671433     0.19221810     0.00850531     0.01641398     0.00113196     0.03230221
   -1.80000000     0.21844125     0.19360237     0.00861254     0.01405279     0.00056372     0.03040569
   -1.77500000     0.22000997     0.19484167     0.00871312     0.01184880     0.00019086     0.02849247
   -1.75000000     0.22141664     0.19593277     0.00880682     0.00981083     0.00001499     0.02657199
   -1.72500000     0.22265780     0.19687280     0.00889343     0.00794710     0.00003690     0.02465377
   -1.70000000     0.22373039     0.19765927     0.00897275     0.00626514     0.00025649     0.02274739
   -1.67500000     0.22463178     0.19829007     0.00904461     0.00477176     0.00067279     0.02086240
   -1.65000000     0.22535974     0.19876346     0.00910884     0.00347305     0.00128395     0.01900829
   -1.62500000     0.22591250     0.19907813     0.00916532     0.00237432     0.00208728     0.01719443
   -1.60000000     0.22628872     0.19923315     0.00921392     0.00148005     0.00307922     0.01543002
   -1.57500000     0.22648752     0.19922802     0.00925455     0.00079391     0.00425538     0.01372400
   -1.55000000     0.22650847     0.19906264     0.00928712     0.00031871     0.00561054     0.01208508
   -1.52500000     0.22635159     0.19873732     0.00931159     0.00005640     0.00713871     0.01052159
   -1.50000000     0.22601737     0.19825281     0.00932792     0.00000806     0.00883313     0.00904150
   -1.47500000     0.22550673     0.19761023     0.00933610     0.00017389     0.01068631     0.00765238
   -1.45000000     0.22482107     0.19681113     0.00933614     0.00055321     0.01269009     0.00636130
   -1.42500000     0.22396222     0.19585745     0.00932808     0.00114446     0.01483567     0.00517485
   -1.40000000     0.22293242     0.19475152     0.00931195     0.00194524     0.01711365     0.00409906
   -1.37500000     0.22173437     0.19349604     0.00928785     0.00295230     0.01951409     0.00313941
   -1.35000000     0.22037117     0.19209409     0.00925585     0.00416157     0.02202657     0.00230076
   -1.32500000     0.21884631     0.19054909     0.00921609     0.00556817     0.02464023     0.00158736
   -1.30000000     0.21716367     0.18886480     0.00916868     0.00716646     0.02734384     0.00100281
   -1.27500000     0.21532749     0.18704531     0.00911378     0.00895008     0.03012586     0.00055004
   -1.25000000     0.21334236     0.18509500     0.00905157     0.01091194     0.03297449     0.00023133
   -1.22500000     0.21121320     0.18301854     0.00898223     0.01304435     0.03587777     0.00004826
   -1.20000000     0.20894523     0.18082088     0.00890597     0.01533895     0.03882357     0.00000175
   -1.17500000     0.20654394     0.17850719     0.00882300     0.01778686     0.04179974     0.00009202
   -1.15000000     0.20401511     0.17608287     0.00873356     0.02037869     0.04479411     0.00031864
   -1.12500000     0.20136473     0.17355352     0.00863789     0.02310455     0.04779456     0.00068049
   -1.10000000     0.19859900     0.17092493     0.00853627     0.02595420     0.05078911     0.00117583
   -1.07500000     0.19572434     0.16820301     0.00842895     0.02891701     0.05376595     0.00180226
   -1.05000000     0.19274728     0.16539384     0.00831622     0.03198208     0.05671351     0.00255681
   -1.02500000     0.18967452     0.16250358     0.00819837     0.03513827     0.05962051     0.00343591
   -1.00000000     0.18651286     0.15953848     0.00807569     0.03837426     0.06247600     0.00443542
   -0.97500000     0.18326917     0.15650485     0.00794849     0.04167862     0.06526943     0.00555070
   -0.95000000     0.17995038     0.15340904     0.00781708     0.04503983     0.06799069     0.00677661
   -0.92500000     0.17656348     0.15025740     0.00768177     0.04844641     0.07063013     0.00810759
   -0.90000000     0.17311542     0.14705629     0.00754287     0.05188689     0.07317862     0.00953761
   -0.87500000     0.16961316     0.14381202     0.00740070     0.05534990     0.07562758     0.01106033
   -0.85000000     0.16606363     0.14053086     0.00725559     0.05882426     0.07796902     0.01266903
   -0.82500000     0.16247367     0.13721901     0.00710784     0.06229896     0.08019551     0.01435674
   -0.80000000     0.15885004     0.13388257     0.00695776     0.06576323     0.08230030     0.01611623
   -0.77500000     0.15519943     0.13052753     0.00680568     0.06920662     0.08427724     0.01794006
   -0.75000000     0.15152835     0.12715977     0.00665190     0.07261900     0.08612084     0.01982064
   -0.72500000     0.14784320     0.12378501     0.00649672     0.07599062     0.08782631     0.02175029
   -0.70000000     0.14415021     0.12040882     0.00634044     0.07931211     0.08938949     0.02372123
   -0.67500000     0.14045545     0.11703660     0.00618335     0.08257456     0.09080689     0.02572566
   -0.65000000     0.13676477     0.11367354     0.00602574     0.08576953     0.09207573     0.02775581
   -0.62500000     0.13308384     0.11032469     0.00586787     0.08888905     0.09319383     0.02980393
   -0.60000000     0.12941810     0.10699483     0.00571002     0.09192568     0.09415972     0.03186240
   -0.57500000     0.12577276     0.10368858     0.00555244     0.09487249     0.09497253     0.03392371
   -0.55000000     0.12215282     0.10041031     0.00539539     0.09772312     0.09563203     0.03598050
   -0.52500000     0.11856301     0.09716416     0.00523909     0.10047172     0.09613858     0.03802562
   -0.50000000     0.11500783     0.09395404     0.00508378     0.10311305     0.09649312     0.04005214
   -0.47500000     0.11149150     0.09078365     0.00492967     0.10564240     0.09669717     0.04205338
   -0.45000000     0.10801800     0.08765641     0.00477696     0.10805563     0.09675274     0.04402293
   -0.42500000     0.10459106     0.08457551     0.00462584     0.11034918     0.09666238     0.04595470
   -0.40000000     0.10121412     0.08154393     0.00447651     0.11252002     0.09642910     0.04784290
   -0.37500000     0.09789038     0.07856437     0.00432912     0.11456569     0.09605633     0.04968208
   -0.35000000     0.09462278     0.07563931     0.00418383     0.11648426     0.09554793     0.05146714
   -0.32500000     0.09141398     0.07277099     0.00404079     0.11827434     0.09490813     0.05319334
   -0.30000000     0.08826641     0.06996142     0.00390013     0.11993503     0.09414150     0.05485632
   -0.27500000     0.08518222     0.06721237     0.00376198     0.12146593     0.09325291     0.05645209
   -0.25000000     0.08216335     0.06452540     0.00362643     0.12286711     0.09224752     0.05797704
   -0.22500000     0.07921147     0.06190185     0.00349360     0.12413911     0.09113072     0.05942796
   -0.20000000     0.07632802     0.05934284     0.00336356     0.12528290     0.08990810     0.06080201
   -0.17500000     0.07351423     0.05684931     0.00323640     0.12629983     0.08858543     0.06209673
   -0.15000000     0.07077108     0.05442196     0.00311218     0.12719168     0.08716861     0.06331004
   -0.12500000     0.06809938     0.05206133     0.00299096     0.12796054     0.08566367     0.06444024
   -0.10000000     0.06549969     0.04976779     0.00287278     0.12860889     0.08407668     0.06548599
   -0.07500000     0.06297241     0.04754151     0.00275767     0.12913947     0.08241380     0.06644629
   -0.05000000     0.06051775     0.04538251     0.00264568     0.12955532     0.08068119     0.06732050
   -0.02500000     0.05813572     0.04329065     0.00253680     0.12985976     0.07888500     0.06810829
    0.00000000     0.05582621     0.04126565     0.00243106     0.13005632     0.07703135     0.06880966
    0.02500000     0.05358891     0.03930710     0.00232846     0.13014872     0.07512633     0.06942491
    0.05000000     0.05142338     0.03741444     0.00222899     0.13014089     0.07317591     0.06995461
    0.07500000     0.04932905     0.03558700     0.00213263     0.13003691     0.07118599     0.07039962
    0.10000000     0.04730523     0.03382403     0.00203938     0.12984098     0.06916236     0.07076103
    0.12500000     0.04535108     0.03212463     0.00194920     0.12955741     0.06711066     0.07104019
    0.15000000     0.04346569     0.03048785     0.00186207     0.12919060     0.06503639     0.07123866
    0.17500000     0.04164804     0.02891263     0.00177795     0.12874503     0.06294489     0.07135817
    0.20000000     0.03989701     0.02739785     0.00169679     0.12822520     0.06084131     0.07140067
    0.22500000     0.03821142     0.02594232     0.00161856     0.12763565     0.05873064     0.07136827
    0.25000000     0.03658999     0.02454479     0.00154320     0.12698091     0.05661767     0.07126319
    0.27500000     0.03503142     0.02320396     0.00147067     0.12626552     0.05450697     0.07108783
    0.30000000     0.03353431     0.02191849     0.00140090     0.12549398     0.05240293     0.07084467
    0.32500000     0.03209725     0.02068699     0.00133385     0.12467074     0.05030973     0.07053629
    0.35000000     0.03071878     0.01950806     0.00126944     0.12380023     0.04823131     0.07016536
    0.37500000     0.02939739     0.01838027     0.00120761     0.12288677     0.04617143     0.06973460
    0.40000000     0.02813157     0.01730216     0.00114831     0.12193462     0.04413360     0.06924681
    0.42500000     0.02691978     0.01627226     0.00109146     0.12094796     0.04212115     0.06870478
    0.45000000     0.02576046     0.01528912     0.00103700     0.11993084     0.04013717     0.06811136
    0.47500000     0.02465206     0.01435126     0.00098485     0.11888723     0.03818456     0.06746940
    0.50000000     0.02359302     0.01345721     0.00093496     0.11782098     0.03626600     0.06678173
    0.52500000     0.02258177     0.01260552     0.00088725     0.11673581     0.03438398     0.06605120
    0.55000000     0.02161678     0.01179474     0.00084165     0.11563534     0.03254078     0.06528061
    0.57500000     0.02069649     0.01102343     0.00079810     0.11452303     0.03073850     0.06447273
    0.60000000     0.01981939     0.01029018     0.00075651     0.11340222     0.02897905     0.06363031
    0.62500000     0.01898398     0.00959360     0.00071684     0.11227613     0.02726417     0.06275602
    0.65000000     0.01818876     0.00893232     0.00067900     0.11114782     0.02559542     0.06185249
    0.67500000     0.01743230     0.00830500     0.00064294     0.11002024     0.02397420     0.06092230
    0.70000000     0.01671316     0.00771033     0.00060858     0.10889617     0.02240176     0.05996792
    0.72500000     0.01602994     0.00714703     0.00057586     0.10777828     0.02087919     0.05899179
    0.75000000     0.01538129     0.00661386     0.00054471     0.10666910     0.01940747     0.05799625
    0.77500000     0.01476586     0.00610959     0.00051508     0.10557102     0.01798742     0.05698356
    0.80000000     0.01418238     0.00563306     0.00048691     0.10448630     0.01661975     0.05595591
    0.82500000     0.01362957     0.00518313     0.00046012     0.10341709     0.01530507     0.05491538
    0.85000000     0.01310623     0.00475869     0.00043467     0.10236537     0.01404386     0.05386397
    0.87500000     0.01261117     0.00435868     0.00041050     0.10133305     0.01283653     0.05280360
    0.90000000     0.01214326     0.00398208     0.00038755     0.10032188     0.01168339     0.05173610
    0.92500000     0.01170139     0.00362791     0.00036577     0.09933351     0.01058466     0.05066319
    0.95000000     0.01128452     0.00329522     0.00034511     0.09836949     0.00954052     0.04958651
    0.97500000     0.01089162     0.00298311     0.00032551     0.09743124     0.00855105     0.04850763
    1.00000000     0.01052173     0.00269072     0.00030693     0.09652010     0.00761631     0.04742799
    1.02500000     0.01017391     0.00241722     0.00028932     0.09563728     0.00673627     0.04634898
    1.05000000     0.00984728     0.00216183     0.00027263     0.09478394     0.00591090     0.04527188
    1.07500000     0.00954098     0.00192382     0.00025683     0.09396110     0.00514011     0.04419790
    1.10000000     0.00925421     0.00170248     0.00024186     0.09316972     0.00442379     0.04312816
    1.12500000     0.00898620     0.00149715     0.00022769     0.09241069     0.00376180     0.04206370
    1.15000000     0.00873624     0.00130721     0.00021428     0.09168480     0.00315400     0.04100549
    1.17500000     0.00850363     0.00113208     0.00020159     0.09099277     0.00260022     0.03995442
    1.20000000     0.00828774     0.00097122     0.00018959     0.09033527     0.00210030     0.03891131
    1.22500000     0.00808796     0.00082412     0.00017824     0.08971287     0.00165408     0.03787690
    1.25000000     0.00790373     0.00069031     0.00016751     0.08912611     0.00126138     0.03685189
    1.27500000     0.00773453     0.00056937     0.00015736     0.08857546     0.00092206     0.03583688
    1.30000000     0.00757986     0.00046091     0.00014777     0.08806132     0.00063597     0.03483245
    1.32500000     0.00743928     0.00036457     0.00013870     0.08758407     0.00040299     0.03383910
    1.35000000     0.00731238     0.00028005     0.00013014     0.08714400     0.00022300     0.03285727
    1.37500000     0.00719878     0.00020706     0.00012204     0.08674140     0.00009591     0.03188737
    1.40000000     0.00709816     0.00014535     0.00011440     0.08637649     0.00002167     0.03092976
    1.42500000     0.00701020     0.00009474     0.00010718     0.08604943     0.00000023     0.02998474
    1.45000000     0.00693465     0.00005503     0.00010037     0.08576038     0.00003159     0.02905259
    1.47500000     0.00687128     0.00002611     0.00009393     0.08550944     0.00011575     0.02813353
    1.50000000     0.00681989     0.00000787     0.00008785     0.08529668     0.00025277     0.02722776
    1.52500000     0.00678032     0.00000025     0.00008212     0.08512213     0.00044273     0.02633546
    1.55000000     0.00675246     0.00000323     0.00007671     0.08498579     0.00068572     0.02545676
    1.57500000     0.00673621     0.00001682     0.00007160     0.08488762     0.00098190     0.02459176
    1.60000000     0.00673153     0.00004106     0.00006678     0.08482757     0.00133143     0.02374056
    1.62500000     0.00673838     0.00007603     0.00006223     0.08480552     0.00173450     0.02290324
    1.65000000     0.00675678     0.00012186     0.00005794     0.08482136     0.00219136     0.02207983
    1.67500000     0.00678680     0.00017869     0.00005389     0.08487492     0.00270224     0.02127038
    1.70000000     0.00682849     0.00024672     0.00005008     0.08496600     0.00326742     0.02047491
    1.72500000     0.00688200     0.00032619     0.00004648     0.08509438     0.00388722     0.01969343
    1.75000000     0.00694746     0.00041734     0.00004309     0.08525979     0.00456195     0.01892595
    1.77500000     0.00702506     0.00052050     0.00003989     0.08546193     0.00529195     0.01817247
    1.80000000     0.00711503     0.00063600     0.00003688     0.08570047     0.00607757     0.01743299
    1.82500000     0.00721761     0.00076421     0.00003404     0.08597503     0.00691918     0.01670749
    1.85000000     0.00733311     0.00090558     0.00003136     0.08628519     0.00781715     0.01599598
    1.87500000     0.00746184     0.00106054     0.00002885     0.08663050     0.00877184     0.01529844
    1.90000000     0.00760417     0.00122961     0.00002648     0.08701046     0.00978364     0.01461489
    1.92500000     0.00776050     0.00141332     0.00002425     0.08742450     0.01085289     0.01394532
    1.95000000     0.00793125     0.00161226     0.00002216     0.08787203     0.01197995     0.01328974
    1.97500000     0.00811690     0.00182704     0.00002019     0.08835240     0.01316513     0.01264818
    2.00000000     0.00831796     0.00205835     0.00001835     0.08886489     0.01440876     0.01202066
    2.02500000     0.00853495     0.00230689     0.00001661     0.08940873     0.01571108     0.01140721
    2.05000000     0.00876848     0.00257340     0.00001499     0.08998308     0.01707233     0.01080790
    2.07500000     0.00901914     0.00285870     0.00001348     0.09058706     0.01849269     0.01022278
    2.10000000     0.00928760     0.00316363     0.00001206     0.09121968     0.01997229     0.00965192
    2.12500000     0.00957455     0.00348906     0.00001073     0.09187991     0.02151119     0.00909541
    2.15000000     0.00988071     0.00383594     0.00000950     0.09256663     0.02310938     0.00855336
    2.17500000     0.01020686     0.00420525     0.00000836     0.09327863     0.02476678     0.00802587
    2.20000000     0.01055379     0.00459800     0.00000730     0.09401463     0.02648320     0.00751308
    2.22500000     0.01092236     0.00501528     0.00000632     0.09477327     0.02825837     0.00701514
    2.25000000     0.01131343     0.00545819     0.00000542     0.09555307     0.03009192     0.00653220
    2.27500000     0.01172794     0.00592791     0.00000460     0.09635249     0.03198333     0.00606443
    2.30000000     0.01216682     0.00642564     0.00000385     0.09716986     0.03393198     0.00561203
    2.32500000     0.01263107     0.00695263     0.00000317     0.09800343     0.03593710     0.00517519
    2.35000000     0.01312172     0.00751019     0.00000256     0.09885134     0.03799779     0.00475413
    2.37500000     0.01363982     0.00809966     0.00000202     0.09971163     0.04011298     0.00434907
    2.40000000     0.01418647     0.00872243     0.00000154     0.10058221     0.04228142     0.00396027
    2.42500000     0.01476280     0.00937993     0.00000113     0.10146090     0.04450172     0.00358795
    2.45000000     0.01536996     0.01007362     0.00000079     0.10234540     0.04677226     0.00323239
    2.47500000     0.01600914     0.01080501     0.00000050     0.10323330     0.04909126     0.00289385
    2.50000000     0.01668156     0.01157566     0.00000028     0.10412207     0.05145671     0.00257259
    2.52500000     0.01738845     0.01238713     0.00000013     0.10500907     0.05386640     0.00226891
    2.55000000     0.01813109     0.01324106     0.00000003     0.10589153     0.05631790     0.00198307
    2.57500000     0.01891077     0.01413907     0.00000000     0.10676658     0.05880853     0.00171536
    2.60000000     0.01972878     0.01508285     0.00000003     0.10763124     0.06133539     0.00146607
    2.62500000     0.02058646     0.01607407     0.00000012     0.10848240     0.06389534     0.00123545
    2.65000000     0.02148513     0.01711447     0.00000027     0.10931687     0.06648497     0.00102380
    2.67500000     0.02242614     0.01820576     0.00000049     0.11013134     0.06910063     0.00083136
    2.70000000     0.02341084     0.01934968     0.00000076     0.11092239     0.07173841     0.00065840
    2.72500000     0.02444058     0.02054799     0.00000110     0.11168652     0.07439412     0.00050514
    2.75000000     0.02551672     0.02180243     0.00000151     0.11242013     0.07706334     0.00037182
    2.77500000     0.02664058     0.02311474     0.00000197     0.11311956     0.07974135     0.00025863
    2.80000000     0.02781349     0.02448665     0.00000251     0.11378106     0.08242320     0.00016575
    2.82500000     0.02903677     0.02591987     0.00000311     0.11440081     0.08510365     0.00009334
    2.85000000     0.03031169     0.02741610     0.00000377     0.11497495     0.08777722     0.00004152
    2.87500000     0.03163952     0.02897699     0.00000451     0.11549957     0.09043818     0.00001039
    2.90000000     0.03302146     0.03060416     0.00000531     0.11597073     0.09308055     0.00000000
    2.92500000     0.03445869     0.03229918     0.00000618     0.11638447     0.09569811     0.00001038
    2.95000000     0.03595234     0.03406357     0.00000712     0.11673682     0.09828442     0.00004150
    2.97500000     0.03750347     0.03589877     0.00000813     0.11702384     0.10083285     0.00009330
    3.00000000     0.03911308     0.03780616     0.00000922     0.11724160     0.10333654     0.00016566
    3.02500000     0.04078211     0.03978703     0.00001038     0.11738622     0.10578847     0.00025842
    3.05000000     0.04251140     0.04184259     0.00001161     0.11745388     0.10818147     0.00037136
    3.07500000     0.04430171     0.04397393     0.00001292     0.11744083     0.11050821     0.00050422
    3.10000000     0.04615372     0.04618203     0.00001431     0.11734345     0.11276126     0.00065665
    3.12500000     0.04806796     0.04846776     0.00001577     0.11715821     0.11493308     0.00082826
    3.15000000     0.05004491     0.05083182     0.00001731     0.11688173     0.11701611     0.00101860
    3.17500000     0.05208487     0.05327481     0.00001892     0.11651081     0.11900270     0.00122714
    3.20000000     0.05418803     0.05579714     0.00002062     0.11604240     0.12088525     0.00145330
    3.22500000     0.05635446     0.05839907     0.00002239     0.11547368     0.12265616     0.00169643
    3.25000000     0.05858406     0.06108068     0.00002425     0.11480207     0.12430791     0.00195579
    3.27500000     0.06087657     0.06384186     0.00002618     0.11402522     0.12583307     0.00223061
    3.30000000     0.06323159     0.06668228     0.00002820     0.11314105     0.12722436     0.00252001
    3.32500000     0.06564852     0.06960144     0.00003029     0.11214781     0.12847469     0.00282307
    3.35000000     0.06812660     0.07259859     0.00003246     0.11104402     0.12957718     0.00313880
    3.37500000     0.07066488     0.07567277     0.00003472     0.10982860     0.13052520     0.00346612
    3.40000000     0.07326220     0.07882277     0.00003705     0.10850077     0.13131246     0.00380390
    3.42500000     0.07591722     0.08204714     0.00003946     0.10706017     0.13193297     0.00415096
    3.45000000     0.07862837     0.08534417     0.00004194     0.10550684     0.13238118     0.00450604
    3.47500000     0.08139390     0.08871189     0.00004450     0.10384121     0.13265194     0.00486784
    3.50000000     0.08421182     0.09214806     0.00004714     0.10206416     0.13274060     0.00523498
    3.52500000     0.08707993     0.09565018     0.00004985     0.10017704     0.13264299     0.00560607
    3.55000000     0.08999578     0.09921546     0.00005262     0.09818162     0.13235555     0.00597963
    3.57500000     0.09295674     0.10284083     0.00005547     0.09608016     0.13187528     0.00635418
    3.60000000     0.09595991     0.10652293     0.00005839     0.09387543     0.13119984     0.00672818
    3.62500000     0.09900219     0.11025812     0.00006136     0.09157064     0.13032755     0.00710008
    3.65000000     0.10208024     0.11404248     0.00006440     0.08916954     0.12925745     0.00746829
    3.67500000     0.10519049     0.11787179     0.00006750     0.08667633     0.12798930     0.00783123
    3.70000000     0.10832915     0.12174155     0.00007065     0.08409573     0.12652365     0.00818730
    3.72500000     0.11149222     0.12564700     0.00007385     0.08143295     0.12486184     0.00853489
    3.75000000     0.11467547     0.12958308     0.00007710     0.07869368     0.12300600     0.00887241
    3.77500000     0.11787446     0.13354448     0.00008039     0.07588409     0.12095913     0.00919829
    3.80000000     0.12108457     0.13752562     0.00008372     0.07301079     0.11872504     0.00951098
    3.82500000     0.12430096     0.14152068     0.00008708     0.07008086     0.11630843     0.00980897
    3.85000000     0.12751861     0.14552359     0.00009048     0.06710179     0.11371484     0.01009077
    3.87500000     0.13073235     0.14952806     0.00009389     0.06408149     0.11095067     0.01035498
    3.90000000     0.13393683     0.15352759     0.00009733     0.06102825     0.10802317     0.01060024
    3.92500000     0.13712654     0.15751549     0.00010078     0.05795070     0.10494046     0.01082524
    3.95000000     0.14029587     0.16148486     0.00010424     0.05485779     0.10171146     0.01102877
    3.97500000     0.14343905     0.16542868     0.00010770     0.05175879     0.09834591     0.01120970
    4.00000000     0.14655024     0.16933976     0.00011115     0.04866318     0.09485433     0.01136700
    4.02500000     0.14962351     0.17321079     0.00011460     0.04558068     0.09124799     0.01149973
    4.05000000     0.15265285     0.17703439     0.00011803     0.04252117     0.08753887     0.01160707
    4.07500000     0.15563222     0.18080308     0.00012143     0.03949468     0.08373962     0.01168829
    4.10000000     0.15855554     0.18450932     0.00012481     0.03651128     0.07986351     0.01174280
    4.12500000     0.16141673     0.18814557     0.00012815     0.03358113     0.07592438     0.01177015
    4.15000000     0.16420972     0.19170429     0.00013145     0.03071434     0.07193659     0.01176999
    4.17500000     0.16692848     0.19517794     0.00013470     0.02792096     0.06791494     0.01174213
    4.20000000     0.16956704     0.19855907     0.00013789     0.02521097     0.06387461     0.01168651
    4.22500000     0.17211951     0.20184028     0.00014102     0.02259413     0.05983111     0.01160320
    4.25000000     0.17458011     0.20501432     0.00014408     0.02008002     0.05580017     0.01149244
    4.27500000     0.17694317     0.20807403     0.00014707     0.01767797     0.05179772     0.01135459
    4.30000000     0.17920317     0.21101247     0.00014997     0.01539696     0.04783975     0.01119016
    4.32500000     0.18135479     0.21382284     0.00015278     0.01324563     0.04394226     0.01099981
    4.35000000     0.18339288     0.21649861     0.00015550     0.01123221     0.04012119     0.01078434
    4.37500000     0.18531249     0.21903347     0.00015812     0.00936446     0.03639232     0.01054469
    4.40000000     0.18710894     0.22142139     0.00016063     0.00764966     0.03277119     0.01028191
    4.42500000     0.18877777     0.22365666     0.00016303     0.00609453     0.02927300     0.00999722
    4.45000000     0.19031483     0.22573386     0.00016531     0.00470521     0.02591259     0.00969194
    4.47500000     0.19171622     0.22764796     0.00016747     0.00348722     0.02270427     0.00936751
    4.50000000     0.19297839     0.22939426     0.00016950     0.00244543     0.01966182     0.00902548
    4.52500000     0.19409809     0.23096847     0.00017140     0.00158403     0.01679838     0.00866752
    4.55000000     0.19507242     0.23236672     0.00017316     0.00090650     0.01412636     0.00829537
    4.57500000     0.19589883     0.23358555     0.00017478     0.00041557     0.01165743     0.00791086
    4.60000000     0.19657513     0.23462194     0.00017625     0.00011326     0.00940237     0.00751592
    4.62500000     0.19709951     0.23547334     0.00017758     0.00000079     0.00737109     0.00711250
    4.65000000     0.19747053     0.23613765     0.00017875     0.00007862     0.00557253     0.00670265
    4.67500000     0.19768716     0.23661327     0.00017978     0.00034643     0.00401464     0.00628842
    4.70000000     0.19774876     0.23689905     0.00018065     0.00080312     0.00270429     0.00587191
    4.72500000     0.19765506     0.23699436     0.00018136     0.00144683     0.00164729     0.00545525
    4.75000000     0.19740621     0.23689904     0.00018191     0.00227491     0.00084832     0.00504055
    4.77500000     0.19700277     0.23661344     0.00018230     0.00328396     0.00031092     0.00462993
    4.80000000     0.19644568     0.23613837     0.00018254     0.00446986     0.00003746     0.00422549
    4.82500000     0.19573626     0.23547516     0.00018262     0.00582775     0.00002915     0.00382930
    4.85000000     0.19487623     0.23462560     0.00018253     0.00735211     0.00028604     0.00344338
    4.87500000     0.19386769     0.23359196     0.00018229     0.00903673     0.00080699     0.00306970
    4.90000000     0.19271311     0.23237696     0.00018189     0.01087479     0.00158970     0.00271017
    4.92500000     0.19141529     0.23098378     0.00018134     0.01285888     0.00263076     0.00236662
    4.95000000     0.18997742     0.22941603     0.00018064     0.01498103     0.00392562     0.00204081
    4.97500000     0.18840298     0.22767774     0.00017978     0.01723276     0.00546864     0.00173439
    5.00000000     0.18669579     0.22577334     0.00017878     0.01960515     0.00725316     0.00144891
    5.02500000     0.18485997     0.22370764     0.00017763     0.02208883     0.00927148     0.00118580
    5.05000000     0.18289990     0.22148579     0.00017634     0.02467410     0.01151498     0.00094640
    5.07500000     0.18082024     0.21911332     0.00017491     0.02735092     0.01397412     0.00073190
    5.10000000     0.17862590     0.21659603     0.00017335     0.03010899     0.01663852     0.00054338
    5.12500000     0.17632199     0.21394003     0.00017166     0.03293781     0.01949701     0.00038175
    5.15000000     0.17391384     0.21115169     0.00016985     0.03582672     0.02253772     0.00024783
    5.17500000     0.17140694     0.20823761     0.00016792     0.03876495     0.02574814     0.00014227
    5.20000000     0.16880697     0.20520461     0.00016588     0.04174170     0.02911517     0.00006559
    5.22500000     0.16611972     0.20205967     0.00016373     0.04474614     0.03262524     0.00001814
    5.25000000     0.16335108     0.19880996     0.00016147     0.04776753     0.03626432     0.00000017
    5.27500000     0.16050706     0.19546272     0.00015912     0.05079521     0.04001808     0.00001176
    5.30000000     0.15759373     0.19202535     0.00015668     0.05381869     0.04387189     0.00005285
    5.32500000     0.15461717     0.18850528     0.00015415     0.05682766     0.04781095     0.00012325
    5.35000000     0.15158354     0.18490998     0.00015154     0.05981208     0.05182034     0.00022264
    5.37500000     0.14849895     0.18124697     0.00014886     0.06276217     0.05588512     0.00035056
    5.40000000     0.14536952     0.17752372     0.00014612     0.06566851     0.05999038     0.00050642
    5.42500000     0.14220131     0.17374769     0.00014331     0.06852201     0.06412131     0.00068953
    5.45000000     0.13900034     0.16992626     0.00014045     0.07131400     0.06826330     0.00089908
    5.47500000     0.13577252     0.16606675     0.00013754     0.07403622     0.07240198     0.00113415
    5.50000000     0.13252370     0.16217635     0.00013459     0.07668090     0.07652330     0.00139371
    5.52500000     0.12925958     0.15826212     0.00013161     0.07924070     0.08061357     0.00167666
    5.55000000     0.12598575     0.15433100     0.00012859     0.08170883     0.08465955     0.00198181
    5.57500000     0.12270766     0.15038973     0.00012555     0.08407898     0.08864845     0.00230789
    5.60000000     0.11943058     0.14644488     0.00012249     0.08634540     0.09256805     0.00265357
    5.62500000     0.11615963     0.14250281     0.00011942     0.08850285     0.09640666     0.00301745
    5.65000000     0.11289972     0.13856968     0.00011634     0.09054668     0.10015324     0.00339810
    5.67500000     0.10965560     0.13465140     0.00011326     0.09247277     0.10379737     0.00379403
    5.70000000     0.10643179     0.13075365     0.00011019     0.09427754     0.10732932     0.00420374
    5.72500000     0.10323262     0.12688186     0.00010712     0.09595800     0.11074003     0.00462569
    5.75000000     0.10006219     0.12304120     0.00010406     0.09751169     0.11402121     0.00505834
    5.77500000     0.09692438     0.11923656     0.00010102     0.09893666     0.11716525     0.00550012
    5.80000000     0.09382285     0.11547257     0.00009800     0.10023155     0.12016531     0.00594948
    5.82500000     0.09076103     0.11175358     0.00009501     0.10139545     0.12301530     0.00640489
    5.85000000     0.08774212     0.10808365     0.00009205     0.10242800     0.12570987     0.00686481
    5.87500000     0.08476908     0.10446657     0.00008912     0.10332930     0.12824443     0.00732775
    5.90000000     0.08184464     0.10090584     0.00008623     0.10409992     0.13061511     0.00779224
    5.92500000     0.07897131     0.09740469     0.00008337     0.10474086     0.13281880     0.00825683
    5.95000000     0.07615136     0.09396604     0.00008056     0.10525357     0.13485306     0.00872014
    5.97500000     0.07338685     0.09059257     0.00007780     0.10563987     0.13671620     0.00918082
    6.00000000     0.07067959     0.08728666     0.00007508     0.10590195     0.13840717     0.00963757
    6.02500000     0.06803121     0.08405043     0.00007241     0.10604238     0.13992558     0.01008917
    6.05000000     0.06544309     0.08088576     0.00006980     0.10606402     0.14127168     0.01053444
    6.07500000     0.06291644     0.07779423     0.00006723     0.10597003     0.14244631     0.01097225
    6.10000000     0.06045224     0.07477721     0.00006473     0.10576385     0.14345089     0.01140157
    6.12500000     0.05805130     0.07183581     0.00006228     0.10544916     0.14428737     0.01182141
    6.15000000     0.05571422     0.06897093     0.00005989     0.10502983     0.14495821     0.01223087
    6.17500000     0.05344145     0.06618322     0.00005755     0.10450995     0.14546633     0.01262910
    6.20000000     0.05123325     0.06347315     0.00005528     0.10389376     0.14581511     0.01301533
    6.22500000     0.04908972     0.06084095     0.00005307     0.10318563     0.14600832     0.01338888
    6.25000000     0.04701082     0.05828668     0.00005092     0.10239005     0.14605010     0.01374911
    6.27500000     0.04499636     0.05581023     0.00004883     0.10151158     0.14594492     0.01409548
    6.30000000     0.04304599     0.05341130     0.00004680     0.10055487     0.14569754     0.01442749
    6.32500000     0.04115927     0.05108943     0.00004483     0.09952460     0.14531300     0.01474475
    6.35000000     0.03933563     0.04884401     0.00004292     0.09842547     0.14479655     0.01504690
    6.37500000     0.03757436     0.04667430     0.00004107     0.09726217     0.14415364     0.01533367
    6.40000000     0.03587470     0.04457943     0.00003929     0.09603939     0.14338989     0.01560484
    6.42500000     0.03423575     0.04255840     0.00003756     0.09476177     0.14251103     0.01586025
    6.45000000     0.03265656     0.04061012     0.00003589     0.09343390     0.14152291     0.01609982
    6.47500000     0.03113608     0.03873337     0.00003428     0.09206031     0.14043144     0.01632352
    6.50000000     0.02967321     0.03692688     0.00003273     0.09064543     0.13924256     0.01653135
    6.52500000     0.02826677     0.03518927     0.00003123     0.08919361     0.13796226     0.01672338
    6.55000000     0.02691555     0.03351911     0.00002979     0.08770910     0.13659648     0.01689974
    6.57500000     0.02561826     0.03191489     0.00002840     0.08619600     0.13515116     0.01706058
    6.60000000     0.02437360     0.03037508     0.00002707     0.08465832     0.13363217     0.01720610
    6.62500000     0.02318023     0.02889806     0.00002579     0.08309991     0.13204530     0.01733656
    6.65000000     0.02203677     0.02748222     0.00002456     0.08152449     0.13039627     0.01745222
    6.67500000     0.02094185     0.02612587     0.00002338     0.07993563     0.12869067     0.01755339
    6.70000000     0.01989404     0.02482735     0.00002225     0.07833676     0.12693397     0.01764042
    6.72500000     0.01889193     0.02358494     0.00002116     0.07673113     0.12513151     0.01771367
    6.75000000     0.01793410     0.02239694     0.00002012     0.07512185     0.12328847     0.01777353
    6.77500000     0.01701913     0.02126163     0.00001913     0.07351187     0.12140987     0.01782040
    6.80000000     0.01614559     0.02017729     0.00001818     0.07190398     0.11950057     0.01785472
    6.82500000     0.01531208     0.01914222     0.00001727     0.07030079     0.11756523     0.01787692
    6.85000000     0.01451719     0.01815472     0.00001640     0.06870477     0.11560835     0.01788745
    6.87500000     0.01375953     0.01721311     0.00001557     0.06711822     0.11363422     0.01788678
    6.90000000     0.01303773     0.01631571     0.00001478     0.06554330     0.11164695     0.01787537
    6.92500000     0.01235044     0.01546089     0.00001402     0.06398200     0.10965044     0.01785370
    6.95000000     0.01169634     0.01464702     0.00001330     0.06243616     0.10764842     0.01782224
    6.97500000     0.01107411     0.01387253     0.00001262     0.06090747     0.10564438     0.01778148
    7.00000000     0.01048248     0.01313585     0.00001196     0.05939748     0.10364165     0.01773187
    7.02500000     0.00992020     0.01243544     0.00001134     0.05790760     0.10164334     0.01767390
    7.05000000     0.00938604     0.01176983     0.00001075     0.05643911     0.09965236     0.01760803
    7.07500000     0.00887882     0.01113755     0.00001018     0.05499314     0.09767145     0.01753472
    7.10000000     0.00839737     0.01053718     0.00000965     0.05357072     0.09570313     0.01745442
    7.12500000     0.00794058     0.00996734     0.00000914     0.05217273     0.09374976     0.01736758
    7.15000000     0.00750734     0.00942670     0.00000865     0.05079996     0.09181351     0.01727463
    7.17500000     0.00709660     0.00891394     0.00000819     0.04945307     0.08989637     0.01717599
    7.20000000     0.00670732     0.00842780     0.00000776     0.04813264     0.08800015     0.01707206
    7.22500000     0.00633851     0.00796707     0.00000734     0.04683913     0.08612651     0.01696325
    7.25000000     0.00598922     0.00753057     0.00000695     0.04557290     0.08427694     0.01684994
    7.27500000     0.00565852     0.00711716     0.00000658     0.04433424     0.08245277     0.01673249
    7.30000000     0.00534552     0.00672573     0.00000622     0.04312335     0.08065520     0.01661127
    7.32500000     0.00504936     0.00635523     0.00000589     0.04194035     0.07888527     0.01648660
    7.35000000     0.00476920     0.00600464     0.00000557     0.04078528     0.07714388     0.01635881
    7.37500000     0.00450427     0.00567298     0.00000527     0.03965813     0.07543182     0.01622821
    7.40000000     0.00425379     0.00535931     0.00000498     0.03855881     0.07374974     0.01609510
    7.42500000     0.00401704     0.00506274     0.00000471     0.03748718     0.07209819     0.01595973
    7.45000000     0.00379332     0.00478238     0.00000446     0.03644304     0.07047758     0.01582238
    7.47500000     0.00358195     0.00451742     0.00000422     0.03542614     0.06888825     0.01568329
    7.50000000     0.00338229     0.00426706     0.00000399     0.03443620     0.06733042     0.01554269
    7.52500000     0.00319374     0.00403055     0.00000377     0.03347289     0.06580422     0.01540078
    7.55000000     0.00301571     0.00380716     0.00000357     0.03253582     0.06430970     0.01525776
    7.57500000     0.00284764     0.00359619     0.00000338     0.03162461     0.06284683     0.01511382
    7.60000000     0.00268900     0.00339699     0.00000319     0.03073881     0.06141549     0.01496912
    7.62500000     0.00253927     0.00320893     0.00000302     0.02987798     0.06001552     0.01482380
    7.65000000     0.00239798     0.00303140     0.00000286     0.02904161     0.05864666     0.01467801
    7.67500000     0.00226467     0.00286385     0.00000270     0.02822922     0.05730862     0.01453187
    7.70000000     0.00213891     0.00270572     0.00000256     0.02744028     0.05600104     0.01438548
    7.72500000     0.00202026     0.00255650     0.00000242     0.02667425     0.05472351     0.01423893
    7.75000000     0.00190834     0.00241570     0.00000229     0.02593059     0.05347558     0.01409232
    7.77500000     0.00180278     0.00228285     0.00000217     0.02520873     0.05225675     0.01394570
    7.80000000     0.00170322     0.00215751     0.00000205     0.02450812     0.05106650     0.01379913
    7.82500000     0.00160932     0.00203926     0.00000194     0.02382817     0.04990426     0.01365266
    7.85000000     0.00152077     0.00192770     0.00000184     0.02316831     0.04876944     0.01350632
    7.87500000     0.00143725     0.00182245     0.00000174     0.02252796     0.04766141     0.01336012
    7.90000000     0.00135849     0.00172317     0.00000165     0.02190654     0.04657953     0.01321409
    7.92500000     0.00128421     0.00162950     0.00000156     0.02130347     0.04552314     0.01306821
    7.95000000     0.00121415     0.00154113     0.00000148     0.02071817     0.04449155     0.01292248
    7.97500000     0.00114807     0.00145775     0.00000140     0.02015007     0.04348407     0.01277688
    8.00000000     0.00108575     0.00137908     0.00000132     0.01959860     0.04249999     0.01263139
    8.02500000     0.00102696     0.00130485     0.00000125     0.01906319     0.04153859     0.01248596
    8.05000000     0.00097150     0.00123480     0.00000119     0.01854329     0.04059915     0.01234056
    8.07500000     0.00091917     0.00116869     0.00000113     0.01803834     0.03968094     0.01219513
    8.10000000     0.00086980     0.00110630     0.00000107     0.01754779     0.03878321     0.01204962
    8.12500000     0.00082321     0.00104739     0.00000101     0.01707112     0.03790525     0.01190396
    8.15000000     0.00077924     0.00099178     0.00000096     0.01660779     0.03704631     0.01175808
    8.17500000     0.00073774     0.00093927     0.00000091     0.01615730     0.03620566     0.01161191
    8.20000000     0.00069855     0.00088968     0.00000086     0.01571913     0.03538258     0.01146537
    8.22500000     0.00066155     0.00084284     0.00000082     0.01529278     0.03457634     0.01131837
    8.25000000     0.00062660     0.00079858     0.00000078     0.01487778     0.03378623     0.01117083
    8.27500000     0.00059359     0.00075676     0.00000074     0.01447365     0.03301154     0.01102265
    8.30000000     0.00056240     0.00071724     0.00000070     0.01407993     0.03225158     0.01087374
    8.32500000     0.00053292     0.00067987     0.00000066     0.01369616     0.03150565     0.01072402
    8.35000000     0.00050506     0.00064453     0.00000063     0.01332192     0.03077309     0.01057337
    8.37500000     0.00047871     0.00061111     0.00000060     0.01295678     0.03005324     0.01042171
    8.40000000     0.00045378     0.00057948     0.00000057     0.01260032     0.02934544     0.01026893
    8.42500000     0.00043021     0.00054955     0.00000054     0.01225215     0.02864908     0.01011495
    8.45000000     0.00040789     0.00052121     0.00000051     0.01191187     0.02796353     0.00995966
    8.47500000     0.00038677     0.00049438     0.00000049     0.01157913     0.02728821     0.00980297
    8.50000000     0.00036676     0.00046895     0.00000046     0.01125355     0.02662254     0.00964479
    8.52500000     0.00034781     0.00044486     0.00000044     0.01093480     0.02596596     0.00948503
    8.55000000     0.00032985     0.00042202     0.00000042     0.01062254     0.02531793     0.00932361
    8.57500000     0.00031282     0.00040036     0.00000040     0.01031645     0.02467796     0.00916044
    8.60000000     0.00029667     0.00037981     0.00000038     0.01001624     0.02404554     0.00899546
    8.62500000     0.00028135     0.00036031     0.00000036     0.00972161     0.02342022     0.00882860
    8.65000000     0.00026681     0.00034178     0.00000034     0.00943228     0.02280155     0.00865979
    8.67500000     0.00025300     0.00032419     0.00000032     0.00914801     0.02218914     0.00848898
    8.70000000     0.00023988     0.00030747     0.00000031     0.00886854     0.02158258     0.00831612
    8.72500000     0.00022741     0.00029158     0.00000029     0.00859364     0.02098153     0.00814119
    8.75000000     0.00021556     0.00027646     0.00000028     0.00832310     0.02038566     0.00796415
    8.77500000     0.00020428     0.00026208     0.00000026     0.00805671     0.01979468     0.00778498
    8.80000000     0.00019355     0.00024838     0.00000025     0.00779430     0.01920833     0.00760369
    8.82500000     0.00018334     0.00023534     0.00000024     0.00753570     0.01862636     0.00742027
    8.85000000     0.00017361     0.00022291     0.00000022     0.00728075     0.01804860     0.00723476
    8.87500000     0.00016434     0.00021107     0.00000021     0.00702931     0.01747487     0.00704718
    8.90000000     0.00015550     0.00019977     0.00000020     0.00678127     0.01690504     0.00685759
    8.92500000     0.00014707     0.00018899     0.00000019     0.00653651     0.01633903     0.00666604
    8.95000000     0.00013903     0.00017870     0.00000018     0.00629496     0.01577679     0.00647261
    8.97500000     0.00013136     0.00016888     0.00000017     0.00605653     0.01521829     0.00627740
    9.00000000     0.00012403     0.00015950     0.00000016     0.00582117     0.01466356     0.00608052
    9.02500000     0.00011703     0.00015053     0.00000015     0.00558885     0.01411266     0.00588210
    9.05000000     0.00011034     0.00014196     0.00000014     0.00535953     0.01356568     0.00568227
    9.07500000     0.00010394     0.00013377     0.00000014     0.00513321     0.01302277     0.00548121
    9.10000000     0.00009783     0.00012593     0.00000013     0.00490990     0.01248411     0.00527910
    9.12500000     0.00009198     0.00011843     0.00000012     0.00468962     0.01194990     0.00507613
    9.15000000     0.00008639     0.00011126     0.00000011     0.00447242     0.01142042     0.00487251
    9.17500000     0.00008104     0.00010439     0.00000011     0.00425835     0.01089595     0.00466850
    9.20000000     0.00007593     0.00009782     0.00000010     0.00404748     0.01037684     0.00446433
    9.22500000     0.00007103     0.00009153     0.00000009     0.00383991     0.00986345     0.00426028
    9.25000000     0.00006635     0.00008551     0.00000009     0.00363573     0.00935620     0.00405664
    9.27500000     0.00006187     0.00007975     0.00000008     0.00343507     0.00885553     0.00385371
    9.30000000     0.00005758     0.00007424     0.00000008     0.00323805     0.00836192     0.00365183
    9.32500000     0.00005349     0.00006897     0.00000007     0.00304482     0.00787591     0.00345131
    9.35000000     0.00004957     0.00006393     0.00000007     0.00285554     0.00739802     0.00325253
    9.37500000     0.00004583     0.00005912     0.00000006     0.00267037     0.00692885     0.00305584
    9.40000000     0.00004226     0.00005452     0.00000006     0.00248951     0.00646901     0.00286164
    9.42500000     0.00003886     0.00005014     0.00000005     0.00231313     0.00601912     0.00267030
    9.45000000     0.00003561     0.00004596     0.00000005     0.00214146     0.00557985     0.00248225
    9.47500000     0.00003252     0.00004198     0.00000004     0.00197468     0.00515188     0.00229788
    9.50000000     0.00002959     0.00003819     0.00000004     0.00181303     0.00473590     0.00211763
    9.52500000     0.00002680     0.00003460     0.00000004     0.00165674     0.00433264     0.00194191
    9.55000000     0.00002416     0.00003120     0.00000003     0.00150602     0.00394280     0.00177116
    9.57500000     0.00002166     0.00002797     0.00000003     0.00136111     0.00356714     0.00160582
    9.60000000     0.00001931     0.00002494     0.00000003     0.00122226     0.00320639     0.00144631
    9.62500000     0.00001709     0.00002208     0.00000002     0.00108970     0.00286127     0.00129308
    9.65000000     0.00001502     0.00001940     0.00000002     0.00096367     0.00253254     0.00114653
    9.67500000     0.00001308     0.00001689     0.00000002     0.00084441     0.00222091     0.00100711
    9.70000000     0.00001127     0.00001457     0.00000001     0.00073215     0.00192709     0.00087521
    9.72500000     0.00000961     0.00001241     0.00000001     0.00062712     0.00165178     0.00075123
    9.75000000     0.00000807     0.00001043     0.00000001     0.00052954     0.00139566     0.00063557
    9.77500000     0.00000667     0.00000862     0.00000001     0.00043963     0.00115936     0.00052858
    9.80000000     0.00000540     0.00000698     0.00000001     0.00035759     0.00094350     0.00043063
    9.82500000     0.00000427     0.00000552     0.00000001     0.00028362     0.00074867     0.00034203
    9.85000000     0.00000327     0.00000423     0.00000000     0.00021788     0.00057539     0.00026308
    9.87500000     0.00000240     0.00000311     0.00000000     0.00016056     0.00042415     0.00019407
    9.90000000     0.00000167     0.00000216     0.00000000     0.00011179     0.00029540     0.00013524
    9.92500000     0.00000107     0.00000138     0.00000000     0.00007170     0.00018950     0.00008681
    9.95000000     0.00000060     0.00000078     0.00000000     0.00004040     0.00010680     0.00004894
    9.97500000     0.00000027     0.00000035     0.00000000     0.00001798     0.00004753     0.00002179
   10.00000000     0.00000007     0.00000009     0.00000000     0.00000450     0.00001189     0.00000545
