# N=  800    0.49999512   1.49997559   2.49993660   3.49987909   4.49981183   5.49979643
  -4.9875000    0.0000000    0.0000000    0.0000000    0.0000000    0.0000000    0.0000001
  -4.9750000    0.0000000    0.0000000    0.0000000    0.0000000    0.0000001    0.0000005
  -4.9625000    0.0000000    0.0000000    0.0000000    0.0000000    0.0000001    0.0000010
  -4.9500000    0.0000000    0.0000000    0.0000000    0.0000000    0.0000003    0.0000019
  -4.9375000    0.0000000    0.0000000    0.0000000    0.0000000    0.0000004    0.0000029
  -4.9250000    0.0000000    0.0000000    0.0000000    0.0000001    0.0000006    0.0000042
  -4.9125000    0.0000000    0.0000000    0.0000000    0.0000001    0.0000008    0.0000058
  -4.9000000    0.0000000    0.0000000    0.0000000    0.0000001    0.0000011    0.0000077
  -4.8875000    0.0000000    0.0000000    0.0000000    0.0000001    0.0000014    0.0000098
  -4.8750000    0.0000000    0.0000000    0.0000000    0.0000002    0.0000017    0.0000123
  -4.8625000    0.0000000    0.0000000    0.0000000    0.0000002    0.0000021    0.0000151
  -4.8500000    0.0000000    0.0000000    0.0000000    0.0000003    0.0000025    0.0000182
  -4.8375000    0.0000000    0.0000000    0.0000000    0.0000003    0.0000030    0.0000218
  -4.8250000    0.0000000    0.0000000    0.0000000    0.0000004    0.0000036    0.0000257
  -4.8125000    0.0000000    0.0000000    0.0000000    0.0000004    0.0000042    0.0000300
  -4.8000000    0.0000000    0.0000000    0.0000000    0.0000005    0.0000049    0.0000349
  -4.7875000    0.0000000    0.0000000    0.0000000    0.0000006    0.0000057    0.0000402
  -4.7750000    0.0000000    0.0000000    0.0000001    0.0000007    0.0000065    0.0000460
  -4.7625000    0.0000000    0.0000000    0.0000001    0.0000008    0.0000075    0.0000525
  -4.7500000    0.0000000    0.0000000    0.0000001    0.0000009    0.0000085    0.0000595
  -4.7375000    0.0000000    0.0000000    0.0000001    0.0000010    0.0000096    0.0000672
  -4.7250000    0.0000000    0.0000000    0.0000001    0.0000012    0.0000109    0.0000757
  -4.7125000    0.0000000    0.0000000    0.0000001    0.0000013    0.0000123    0.0000849
  -4.7000000    0.0000000    0.0000000    0.0000001    0.0000015    0.0000138    0.0000950
  -4.6875000    0.0000000    0.0000000    0.0000001    0.0000017    0.0000154    0.0001060
  -4.6750000    0.0000000    0.0000000    0.0000001    0.0000019    0.0000173    0.0001180
  -4.6625000    0.0000000    0.0000000    0.0000002    0.0000021    0.0000193    0.0001311
  -4.6500000    0.0000000    0.0000000    0.0000002    0.0000024    0.0000214    0.0001452
  -4.6375000    0.0000000    0.0000000    0.0000002    0.0000026    0.0000238    0.0001607
  -4.6250000    0.0000000    0.0000000    0.0000002    0.0000030    0.0000265    0.0001774
  -4.6125000    0.0000000    0.0000000    0.0000003    0.0000033    0.0000293    0.0001956
  -4.6000000    0.0000000    0.0000000    0.0000003    0.0000037    0.0000325    0.0002154
  -4.5875000    0.0000000    0.0000000    0.0000003    0.0000041    0.0000359    0.0002368
  -4.5750000    0.0000000    0.0000000    0.0000004    0.0000045    0.0000396    0.0002600
  -4.5625000    0.0000000    0.0000000    0.0000004    0.0000050    0.0000437    0.0002852
  -4.5500000    0.0000000    0.0000000    0.0000004    0.0000055    0.0000481    0.0003124
  -4.5375000    0.0000000    0.0000000    0.0000005    0.0000061    0.0000530    0.0003418
  -4.5250000    0.0000000    0.0000000    0.0000006    0.0000068    0.0000582    0.0003736
  -4.5125000    0.0000000    0.0000000    0.0000006    0.0000075    0.0000640    0.0004081
  -4.5000000    0.0000000    0.0000000    0.0000007    0.0000083    0.0000702    0.0004452
  -4.4875000    0.0000000    0.0000000    0.0000008    0.0000091    0.0000770    0.0004854
  -4.4750000    0.0000000    0.0000000    0.0000008    0.0000100    0.0000844    0.0005287
  -4.4625000    0.0000000    0.0000000    0.0000009    0.0000111    0.0000924    0.0005754
  -4.4500000    0.0000000    0.0000001    0.0000010    0.0000122    0.0001012    0.0006258
  -4.4375000    0.0000000    0.0000001    0.0000011    0.0000134    0.0001106    0.0006800
  -4.4250000    0.0000000    0.0000001    0.0000013    0.0000147    0.0001209    0.0007385
  -4.4125000    0.0000000    0.0000001    0.0000014    0.0000162    0.0001321    0.0008014
  -4.4000000    0.0000000    0.0000001    0.0000015    0.0000178    0.0001442    0.0008691
  -4.3875000    0.0000000    0.0000001    0.0000017    0.0000196    0.0001573    0.0009419
  -4.3750000    0.0000000    0.0000001    0.0000019    0.0000215    0.0001715    0.0010202
  -4.3625000    0.0000000    0.0000001    0.0000021    0.0000235    0.0001869    0.0011043
  -4.3500000    0.0000000    0.0000001    0.0000023    0.0000258    0.0002036    0.0011946
  -4.3375000    0.0000000    0.0000001    0.0000025    0.0000283    0.0002217    0.0012915
  -4.3250000    0.0000000    0.0000002    0.0000028    0.0000310    0.0002412    0.0013954
  -4.3125000    0.0000000    0.0000002    0.0000031    0.0000339    0.0002623    0.0015069
  -4.3000000    0.0000000    0.0000002    0.0000034    0.0000371    0.0002851    0.0016264
  -4.2875000    0.0000000    0.0000002    0.0000037    0.0000406    0.0003098    0.0017544
  -4.2750000    0.0000000    0.0000002    0.0000041    0.0000444    0.0003364    0.0018915
  -4.2625000    0.0000000    0.0000003    0.0000045    0.0000485    0.0003651    0.0020381
  -4.2500000    0.0000000    0.0000003    0.0000050    0.0000529    0.0003961    0.0021950
  -4.2375000    0.0000000    0.0000003    0.0000054    0.0000578    0.0004295    0.0023627
  -4.2250000    0.0000000    0.0000004    0.0000060    0.0000631    0.0004656    0.0025419
  -4.2125000    0.0000000    0.0000004    0.0000066    0.0000688    0.0005044    0.0027333
  -4.2000000    0.0000000    0.0000004    0.0000072    0.0000751    0.0005462    0.0029376
  -4.1875000    0.0000000    0.0000005    0.0000079    0.0000818    0.0005912    0.0031556
  -4.1750000    0.0000000    0.0000005    0.0000087    0.0000892    0.0006396    0.0033881
  -4.1625000    0.0000000    0.0000006    0.0000095    0.0000971    0.0006917    0.0036359
  -4.1500000    0.0000000    0.0000006    0.0000104    0.0001057    0.0007477    0.0038999
  -4.1375000    0.0000000    0.0000007    0.0000114    0.0001151    0.0008078    0.0041809
  -4.1250000    0.0000000    0.0000008    0.0000125    0.0001252    0.0008725    0.0044801
  -4.1125000    0.0000000    0.0000009    0.0000137    0.0001361    0.0009418    0.0047982
  -4.1000000    0.0000000    0.0000009    0.0000150    0.0001479    0.0010163    0.0051365
  -4.0875000    0.0000000    0.0000010    0.0000164    0.0001608    0.0010961    0.0054959
  -4.0750000    0.0000000    0.0000011    0.0000179    0.0001746    0.0011817    0.0058776
  -4.0625000    0.0000000    0.0000013    0.0000196    0.0001896    0.0012735    0.0062828
  -4.0500000    0.0000000    0.0000014    0.0000214    0.0002057    0.0013718    0.0067126
  -4.0375000    0.0000000    0.0000015    0.0000234    0.0002232    0.0014770    0.0071683
  -4.0250000    0.0000001    0.0000017    0.0000256    0.0002420    0.0015896    0.0076513
  -4.0125000    0.0000001    0.0000018    0.0000279    0.0002624    0.0017100    0.0081629
  -4.0000000    0.0000001    0.0000020    0.0000305    0.0002843    0.0018388    0.0087044
  -3.9875000    0.0000001    0.0000022    0.0000332    0.0003079    0.0019764    0.0092774
  -3.9750000    0.0000001    0.0000024    0.0000363    0.0003334    0.0021234    0.0098833
  -3.9625000    0.0000001    0.0000027    0.0000395    0.0003608    0.0022803    0.0105237
  -3.9500000    0.0000001    0.0000029    0.0000431    0.0003904    0.0024478    0.0112001
  -3.9375000    0.0000001    0.0000032    0.0000469    0.0004222    0.0026265    0.0119142
  -3.9250000    0.0000001    0.0000035    0.0000511    0.0004564    0.0028169    0.0126676
  -3.9125000    0.0000001    0.0000039    0.0000556    0.0004931    0.0030199    0.0134621
  -3.9000000    0.0000001    0.0000043    0.0000605    0.0005327    0.0032361    0.0142995
  -3.8875000    0.0000002    0.0000047    0.0000658    0.0005751    0.0034662    0.0151815
  -3.8750000    0.0000002    0.0000051    0.0000716    0.0006208    0.0037112    0.0161100
  -3.8625000    0.0000002    0.0000056    0.0000778    0.0006697    0.0039716    0.0170868
  -3.8500000    0.0000002    0.0000061    0.0000845    0.0007223    0.0042485    0.0181139
  -3.8375000    0.0000002    0.0000067    0.0000918    0.0007787    0.0045428    0.0191933
  -3.8250000    0.0000002    0.0000073    0.0000997    0.0008391    0.0048553    0.0203269
  -3.8125000    0.0000003    0.0000080    0.0001082    0.0009039    0.0051870    0.0215168
  -3.8000000    0.0000003    0.0000087    0.0001174    0.0009733    0.0055389    0.0227650
  -3.7875000    0.0000003    0.0000095    0.0001273    0.0010476    0.0059121    0.0240735
  -3.7750000    0.0000004    0.0000104    0.0001380    0.0011271    0.0063077    0.0254444
  -3.7625000    0.0000004    0.0000114    0.0001496    0.0012122    0.0067267    0.0268799
  -3.7500000    0.0000004    0.0000124    0.0001621    0.0013032    0.0071705    0.0283820
  -3.7375000    0.0000005    0.0000135    0.0001755    0.0014005    0.0076401    0.0299528
  -3.7250000    0.0000005    0.0000147    0.0001900    0.0015044    0.0081368    0.0315945
  -3.7125000    0.0000006    0.0000161    0.0002057    0.0016154    0.0086620    0.0333091
  -3.7000000    0.0000006    0.0000175    0.0002225    0.0017339    0.0092169    0.0350988
  -3.6875000    0.0000007    0.0000191    0.0002406    0.0018603    0.0098030    0.0369655
  -3.6750000    0.0000008    0.0000208    0.0002601    0.0019952    0.0104217    0.0389114
  -3.6625000    0.0000008    0.0000226    0.0002811    0.0021389    0.0110744    0.0409385
  -3.6500000    0.0000009    0.0000246    0.0003037    0.0022921    0.0117627    0.0430487
  -3.6375000    0.0000010    0.0000268    0.0003279    0.0024553    0.0124882    0.0452440
  -3.6250000    0.0000011    0.0000291    0.0003540    0.0026291    0.0132523    0.0475262
  -3.6125000    0.0000012    0.0000317    0.0003820    0.0028140    0.0140568    0.0498971
  -3.6000000    0.0000013    0.0000344    0.0004120    0.0030107    0.0149033    0.0523585
  -3.5875000    0.0000015    0.0000374    0.0004443    0.0032198    0.0157935    0.0549120
  -3.5750000    0.0000016    0.0000406    0.0004789    0.0034421    0.0167292    0.0575591
  -3.5625000    0.0000017    0.0000441    0.0005160    0.0036782    0.0177121    0.0603014
  -3.5500000    0.0000019    0.0000478    0.0005558    0.0039289    0.0187442    0.0631400
  -3.5375000    0.0000021    0.0000519    0.0005984    0.0041949    0.0198271    0.0660763
  -3.5250000    0.0000023    0.0000563    0.0006441    0.0044771    0.0209629    0.0691113
  -3.5125000    0.0000025    0.0000610    0.0006929    0.0047764    0.0221533    0.0722460
  -3.5000000    0.0000027    0.0000661    0.0007453    0.0050936    0.0234004    0.0754810
  -3.4875000    0.0000029    0.0000717    0.0008013    0.0054296    0.0247060    0.0788170
  -3.4750000    0.0000032    0.0000776    0.0008611    0.0057853    0.0260721    0.0822545
  -3.4625000    0.0000035    0.0000840    0.0009251    0.0061618    0.0275008    0.0857935
  -3.4500000    0.0000038    0.0000910    0.0009935    0.0065601    0.0289939    0.0894341
  -3.4375000    0.0000042    0.0000984    0.0010665    0.0069812    0.0305535    0.0931762
  -3.4250000    0.0000045    0.0001065    0.0011445    0.0074263    0.0321815    0.0970192
  -3.4125000    0.0000049    0.0001151    0.0012277    0.0078964    0.0338800    0.1009625
  -3.4000000    0.0000054    0.0001244    0.0013165    0.0083928    0.0356509    0.1050051
  -3.3875000    0.0000059    0.0001345    0.0014112    0.0089166    0.0374961    0.1091458
  -3.3750000    0.0000064    0.0001452    0.0015121    0.0094691    0.0394176    0.1133831
  -3.3625000    0.0000069    0.0001568    0.0016196    0.0100516    0.0414173    0.1177152
  -3.3500000    0.0000075    0.0001693    0.0017341    0.0106655    0.0434971    0.1221400
  -3.3375000    0.0000082    0.0001827    0.0018560    0.0113120    0.0456588    0.1266551
  -3.3250000    0.0000089    0.0001971    0.0019858    0.0119926    0.0479041    0.1312578
  -3.3125000    0.0000097    0.0002125    0.0021238    0.0127087    0.0502349    0.1359450
  -3.3000000    0.0000105    0.0002291    0.0022705    0.0134618    0.0526527    0.1407132
  -3.2875000    0.0000114    0.0002469    0.0024264    0.0142534    0.0551592    0.1455587
  -3.2750000    0.0000124    0.0002659    0.0025921    0.0150851    0.0577558    0.1504774
  -3.2625000    0.0000135    0.0002864    0.0027681    0.0159585    0.0604441    0.1554647
  -3.2500000    0.0000146    0.0003083    0.0029548    0.0168750    0.0632252    0.1605157
  -3.2375000    0.0000158    0.0003318    0.0031530    0.0178365    0.0661005    0.1656252
  -3.2250000    0.0000172    0.0003569    0.0033632    0.0188446    0.0690710    0.1707875
  -3.2125000    0.0000186    0.0003838    0.0035860    0.0199010    0.0721377    0.1759966
  -3.2000000    0.0000201    0.0004126    0.0038221    0.0210073    0.0753014    0.1812461
  -3.1875000    0.0000218    0.0004434    0.0040722    0.0221655    0.0785628    0.1865290
  -3.1750000    0.0000236    0.0004764    0.0043370    0.0233772    0.0819224    0.1918382
  -3.1625000    0.0000256    0.0005116    0.0046172    0.0246442    0.0853806    0.1971660
  -3.1500000    0.0000277    0.0005492    0.0049136    0.0259684    0.0889376    0.2025045
  -3.1375000    0.0000299    0.0005894    0.0052271    0.0273516    0.0925934    0.2078452
  -3.1250000    0.0000324    0.0006323    0.0055584    0.0287956    0.0963476    0.2131794
  -3.1125000    0.0000350    0.0006782    0.0059084    0.0303023    0.1002001    0.2184979
  -3.1000000    0.0000378    0.0007270    0.0062781    0.0318735    0.1041500    0.2237914
  -3.0875000    0.0000409    0.0007792    0.0066682    0.0335111    0.1081965    0.2290498
  -3.0750000    0.0000441    0.0008348    0.0070799    0.0352168    0.1123384    0.2342631
  -3.0625000    0.0000477    0.0008940    0.0075140    0.0369927    0.1165745    0.2394208
  -3.0500000    0.0000515    0.0009572    0.0079717    0.0388403    0.1209031    0.2445121
  -3.0375000    0.0000555    0.0010244    0.0084539    0.0407616    0.1253222    0.2495260
  -3.0250000    0.0000599    0.0010959    0.0089617    0.0427584    0.1298297    0.2544510
  -3.0125000    0.0000646    0.0011721    0.0094963    0.0448323    0.1344230    0.2592758
  -3.0000000    0.0000696    0.0012531    0.0100589    0.0469851    0.1390994    0.2639886
  -2.9875000    0.0000750    0.0013393    0.0106506    0.0492184    0.1438558    0.2685774
  -2.9750000    0.0000808    0.0014309    0.0112726    0.0515339    0.1486887    0.2730301
  -2.9625000    0.0000871    0.0015282    0.0119262    0.0539331    0.1535945    0.2773346
  -2.9500000    0.0000938    0.0016315    0.0126127    0.0564174    0.1585690    0.2814787
  -2.9375000    0.0001009    0.0017413    0.0133335    0.0589885    0.1636078    0.2854500
  -2.9250000    0.0001086    0.0018578    0.0140898    0.0616475    0.1687061    0.2892361
  -2.9125000    0.0001168    0.0019814    0.0148830    0.0643957    0.1738590    0.2928249
  -2.9000000    0.0001256    0.0021124    0.0157146    0.0672344    0.1790608    0.2962042
  -2.8875000    0.0001350    0.0022514    0.0165860    0.0701645    0.1843059    0.2993618
  -2.8750000    0.0001451    0.0023986    0.0174987    0.0731871    0.1895879    0.3022859
  -2.8625000    0.0001559    0.0025546    0.0184541    0.0763031    0.1949006    0.3049647
  -2.8500000    0.0001674    0.0027198    0.0194539    0.0795130    0.2002368    0.3073868
  -2.8375000    0.0001798    0.0028946    0.0204995    0.0828175    0.2055896    0.3095411
  -2.8250000    0.0001930    0.0030796    0.0215926    0.0862171    0.2109512    0.3114168
  -2.8125000    0.0002071    0.0032753    0.0227346    0.0897120    0.2163138    0.3130036
  -2.8000000    0.0002221    0.0034822    0.0239273    0.0933024    0.2216692    0.3142915
  -2.7875000    0.0002382    0.0037008    0.0251723    0.0969881    0.2270087    0.3152712
  -2.7750000    0.0002553    0.0039318    0.0264712    0.1007691    0.2323235    0.3159338
  -2.7625000    0.0002736    0.0041757    0.0278257    0.1046449    0.2376045    0.3162712
  -2.7500000    0.0002931    0.0044332    0.0292374    0.1086148    0.2428421    0.3162757
  -2.7375000    0.0003139    0.0047049    0.0307080    0.1126782    0.2480266    0.3159407
  -2.7250000    0.0003361    0.0049915    0.0322392    0.1168338    0.2531479    0.3152599
  -2.7125000    0.0003598    0.0052936    0.0338328    0.1210805    0.2581958    0.3142283
  -2.7000000    0.0003850    0.0056121    0.0354902    0.1254168    0.2631597    0.3128414
  -2.6875000    0.0004118    0.0059476    0.0372134    0.1298410    0.2680290    0.3110959
  -2.6750000    0.0004403    0.0063009    0.0390038    0.1343511    0.2727927    0.3089892
  -2.6625000    0.0004707    0.0066728    0.0408632    0.1389448    0.2774399    0.3065198
  -2.6500000    0.0005030    0.0070642    0.0427931    0.1436196    0.2819593    0.3036874
  -2.6375000    0.0005374    0.0074758    0.0447953    0.1483729    0.2863396    0.3004925
  -2.6250000    0.0005739    0.0079086    0.0468713    0.1532015    0.2905695    0.2969371
  -2.6125000    0.0006127    0.0083635    0.0490225    0.1581021    0.2946375    0.2930238
  -2.6000000    0.0006540    0.0088414    0.0512507    0.1630711    0.2985322    0.2887570
  -2.5875000    0.0006978    0.0093432    0.0535572    0.1681046    0.3022423    0.2841418
  -2.5750000    0.0007443    0.0098699    0.0559434    0.1731983    0.3057562    0.2791849
  -2.5625000    0.0007937    0.0104226    0.0584108    0.1783478    0.3090629    0.2738938
  -2.5500000    0.0008461    0.0110023    0.0609606    0.1835482    0.3121512    0.2682778
  -2.5375000    0.0009016    0.0116101    0.0635941    0.1887944    0.3150100    0.2623469
  -2.5250000    0.0009605    0.0122469    0.0663125    0.1940810    0.3176287    0.2561128
  -2.5125000    0.0010230    0.0129141    0.0691170    0.1994022    0.3199968    0.2495881
  -2.5000000    0.0010891    0.0136127    0.0720084    0.2047520    0.3221040    0.2427870
  -2.4875000    0.0011592    0.0143438    0.0749878    0.2101240    0.3239405    0.2357246
  -2.4750000    0.0012333    0.0151088    0.0780559    0.2155116    0.3254969    0.2284173
  -2.4625000    0.0013118    0.0159088    0.0812136    0.2209078    0.3267640    0.2208829
  -2.4500000    0.0013949    0.0167450    0.0844615    0.2263052    0.3277332    0.2131400
  -2.4375000    0.0014828    0.0176187    0.0878000    0.2316965    0.3283966    0.2052086
  -2.4250000    0.0015757    0.0185313    0.0912295    0.2370737    0.3287465    0.1971095
  -2.4125000    0.0016739    0.0194840    0.0947503    0.2424288    0.3287762    0.1888647
  -2.4000000    0.0017777    0.0204782    0.0983625    0.2477533    0.3284792    0.1804971
  -2.3875000    0.0018874    0.0215153    0.1020661    0.2530386    0.3278500    0.1720304
  -2.3750000    0.0020031    0.0225965    0.1058609    0.2582759    0.3268838    0.1634892
  -2.3625000    0.0021253    0.0237234    0.1097466    0.2634560    0.3255766    0.1548989
  -2.3500000    0.0022543    0.0248973    0.1137225    0.2685696    0.3239249    0.1462854
  -2.3375000    0.0023903    0.0261196    0.1177881    0.2736072    0.3219265    0.1376753
  -2.3250000    0.0025338    0.0273918    0.1219425    0.2785591    0.3195797    0.1290956
  -2.3125000    0.0026850    0.0287154    0.1261847    0.2834155    0.3168840    0.1205737
  -2.3000000    0.0028444    0.0300917    0.1305133    0.2881662    0.3138397    0.1121373
  -2.2875000    0.0030122    0.0315223    0.1349269    0.2928012    0.3104482    0.1038142
  -2.2750000    0.0031890    0.0330086    0.1394239    0.2973103    0.3067118    0.0956324
  -2.2625000    0.0033751    0.0345521    0.1440024    0.3016830    0.3026337    0.0876197
  -2.2500000    0.0035710    0.0361543    0.1486603    0.3059091    0.2982186    0.0798037
  -2.2375000    0.0037770    0.0378166    0.1533953    0.3099781    0.2934717    0.0722120
  -2.2250000    0.0039937    0.0395405    0.1582049    0.3138797    0.2883999    0.0648713
  -2.2125000    0.0042215    0.0413275    0.1630862    0.3176035    0.2830106    0.0578082
  -2.2000000    0.0044608    0.0431790    0.1680362    0.3211391    0.2773127    0.0510484
  -2.1875000    0.0047123    0.0450964    0.1730518    0.3244764    0.2713160    0.0446169
  -2.1750000    0.0049764    0.0470811    0.1781293    0.3276053    0.2650317    0.0385377
  -2.1625000    0.0052537    0.0491347    0.1832650    0.3305158    0.2584717    0.0328338
  -2.1500000    0.0055447    0.0512583    0.1884550    0.3331982    0.2516492    0.0275270
  -2.1375000    0.0058499    0.0534534    0.1936949    0.3356430    0.2445785    0.0226379
  -2.1250000    0.0061701    0.0557213    0.1989801    0.3378409    0.2372749    0.0181857
  -2.1125000    0.0065057    0.0580633    0.2043061    0.3397828    0.2297547    0.0141879
  -2.1000000    0.0068575    0.0604805    0.2096676    0.3414602    0.2220352    0.0106605
  -2.0875000    0.0072260    0.0629742    0.2150594    0.3428648    0.2141349    0.0076179
  -2.0750000    0.0076119    0.0655456    0.2204759    0.3439886    0.2060728    0.0050723
  -2.0625000    0.0080159    0.0681957    0.2259114    0.3448243    0.1978690    0.0030345
  -2.0500000    0.0084388    0.0709255    0.2313598    0.3453648    0.1895446    0.0015127
  -2.0375000    0.0088811    0.0737361    0.2368147    0.3456037    0.1811212    0.0005135
  -2.0250000    0.0093438    0.0766284    0.2422698    0.3455349    0.1726213    0.0000410
  -2.0125000    0.0098275    0.0796031    0.2477181    0.3451532    0.1640679    0.0000973
  -2.0000000    0.0103329    0.0826611    0.2531526    0.3444539    0.1554847    0.0006821
  -1.9875000    0.0108610    0.0858031    0.2585662    0.3434327    0.1468958    0.0017930
  -1.9750000    0.0114125    0.0890296    0.2639513    0.3420864    0.1383259    0.0034249
  -1.9625000    0.0119883    0.0923412    0.2693003    0.3404121    0.1298000    0.0055706
  -1.9500000    0.0125892    0.0957383    0.2746054    0.3384079    0.1213433    0.0082206
  -1.9375000    0.0132161    0.0992212    0.2798585    0.3360726    0.1129812    0.0113627
  -1.9250000    0.0138698    0.1027901    0.2850514    0.3334058    0.1047391    0.0149828
  -1.9125000    0.0145513    0.1064451    0.2901757    0.3304078    0.0966427    0.0190641
  -1.9000000    0.0152616    0.1101863    0.2952228    0.3270800    0.0887173    0.0235878
  -1.8875000    0.0160015    0.1140134    0.3001842    0.3234243    0.0809881    0.0285326
  -1.8750000    0.0167721    0.1179262    0.3050510    0.3194439    0.0734799    0.0338754
  -1.8625000    0.0175742    0.1219244    0.3098143    0.3151425    0.0662174    0.0395907
  -1.8500000    0.0184090    0.1260074    0.3144651    0.3105251    0.0592243    0.0456511
  -1.8375000    0.0192774    0.1301746    0.3189945    0.3055973    0.0525242    0.0520276
  -1.8250000    0.0201805    0.1344251    0.3233933    0.3003657    0.0461396    0.0586890
  -1.8125000    0.0211193    0.1387580    0.3276523    0.2948380    0.0400923    0.0656029
  -1.8000000    0.0220948    0.1431722    0.3317626    0.2890226    0.0344033    0.0727349
  -1.7875000    0.0231082    0.1476664    0.3357149    0.2829291    0.0290924    0.0800498
  -1.7750000    0.0241605    0.1522392    0.3395002    0.2765679    0.0241784    0.0875109
  -1.7625000    0.0252528    0.1568890    0.3431094    0.2699502    0.0196788    0.0950804
  -1.7500000    0.0263863    0.1616141    0.3465336    0.2630883    0.0156097    0.1027200
  -1.7375000    0.0275620    0.1664124    0.3497641    0.2559953    0.0119860    0.1103905
  -1.7250000    0.0287811    0.1712820    0.3527920    0.2486853    0.0088210    0.1180523
  -1.7125000    0.0300448    0.1762204    0.3556090    0.2411730    0.0061264    0.1256655
  -1.7000000    0.0313541    0.1812253    0.3582065    0.2334743    0.0039123    0.1331903
  -1.6875000    0.0327103    0.1862940    0.3605764    0.2256057    0.0021870    0.1405868
  -1.6750000    0.0341144    0.1914235    0.3627109    0.2175843    0.0009571    0.1478158
  -1.6625000    0.0355678    0.1966110    0.3646023    0.2094283    0.0002274    0.1548384
  -1.6500000    0.0370714    0.2018531    0.3662433    0.2011562    0.0000006    0.1616165
  -1.6375000    0.0386266    0.2071465    0.3676267    0.1927876    0.0002777    0.1681132
  -1.6250000    0.0402344    0.2124875    0.3687460    0.1843422    0.0010575    0.1742927
  -1.6125000    0.0418961    0.2178723    0.3695947    0.1758407    0.0023369    0.1801206
  -1.6000000    0.0436127    0.2232969    0.3701669    0.1673039    0.0041109    0.1855642
  -1.5875000    0.0453855    0.2287571    0.3704573    0.1587534    0.0063722    0.1905924
  -1.5750000    0.0472156    0.2342486    0.3704605    0.1502108    0.0091117    0.1951765
  -1.5625000    0.0491042    0.2397668    0.3701722    0.1416984    0.0123182    0.1992897
  -1.5500000    0.0510523    0.2453069    0.3695883    0.1332385    0.0159784    0.2029076
  -1.5375000    0.0530612    0.2508639    0.3687051    0.1248536    0.0200770    0.2060084
  -1.5250000    0.0551318    0.2564327    0.3675196    0.1165664    0.0245970    0.2085729
  -1.5125000    0.0572654    0.2620081    0.3660295    0.1083994    0.0295193    0.2105849
  -1.5000000    0.0594629    0.2675845    0.3642329    0.1003754    0.0348230    0.2120308
  -1.4875000    0.0617255    0.2731562    0.3621285    0.0925168    0.0404853    0.2129004
  -1.4750000    0.0640542    0.2787175    0.3597158    0.0848459    0.0464819    0.2131863
  -1.4625000    0.0664499    0.2842623    0.3569948    0.0773847    0.0527868    0.2128846
  -1.4500000    0.0689137    0.2897845    0.3539663    0.0701549    0.0593725    0.2119944
  -1.4375000    0.0714466    0.2952777    0.3506316    0.0631776    0.0662100    0.2105183
  -1.4250000    0.0740493    0.3007356    0.3469929    0.0564736    0.0732690    0.2084622
  -1.4125000    0.0767229    0.3061515    0.3430529    0.0500629    0.0805182    0.2058352
  -1.4000000    0.0794683    0.3115188    0.3388153    0.0439649    0.0879251    0.2026497
  -1.3875000    0.0822861    0.3168307    0.3342842    0.0381982    0.0954561    0.1989215
  -1.3750000    0.0851772    0.3220801    0.3294646    0.0327807    0.1030771    0.1946695
  -1.3625000    0.0881424    0.3272601    0.3243623    0.0277290    0.1107533    0.1899157
  -1.3500000    0.0911822    0.3323636    0.3189838    0.0230592    0.1184493    0.1846851
  -1.3375000    0.0942975    0.3373833    0.3133363    0.0187860    0.1261296    0.1790058
  -1.3250000    0.0974887    0.3423121    0.3074277    0.0149230    0.1337582    0.1729084
  -1.3125000    0.1007564    0.3471425    0.3012667    0.0114828    0.1412994    0.1664262
  -1.3000000    0.1041011    0.3518672    0.2948628    0.0084763    0.1487176    0.1595951
  -1.2875000    0.1075232    0.3564789    0.2882260    0.0059136    0.1559774    0.1524530
  -1.2750000    0.1110231    0.3609701    0.2813673    0.0038030    0.1630442    0.1450399
  -1.2625000    0.1146012    0.3653335    0.2742982    0.0021516    0.1698837    0.1373978
  -1.2500000    0.1182575    0.3695616    0.2670308    0.0009650    0.1764629    0.1295700
  -1.2375000    0.1219924    0.3736470    0.2595782    0.0002470    0.1827495    0.1216013
  -1.2250000    0.1258060    0.3775826    0.2519537    0.0000001    0.1887125    0.1135376
  -1.2125000    0.1296982    0.3813609    0.2441716    0.0002253    0.1943221    0.1054254
  -1.2000000    0.1336691    0.3849749    0.2362466    0.0009216    0.1995503    0.0973121
  -1.1875000    0.1377185    0.3884174    0.2281939    0.0020868    0.2043706    0.0892449
  -1.1750000    0.1418462    0.3916814    0.2200294    0.0037167    0.2087582    0.0812714
  -1.1625000    0.1460520    0.3947600    0.2117695    0.0058055    0.2126904    0.0734384
  -1.1500000    0.1503355    0.3976466    0.2034309    0.0083460    0.2161465    0.0657926
  -1.1375000    0.1546963    0.4003345    0.1950307    0.0113289    0.2191081    0.0583794
  -1.1250000    0.1591339    0.4028173    0.1865867    0.0147438    0.2215590    0.0512431
  -1.1125000    0.1636475    0.4050888    0.1781168    0.0185781    0.2234853    0.0444267
  -1.1000000    0.1682367    0.4071431    0.1696391    0.0228180    0.2248759    0.0379711
  -1.0875000    0.1729005    0.4089742    0.1611723    0.0274480    0.2257221    0.0319155
  -1.0750000    0.1776380    0.4105767    0.1527350    0.0324511    0.2260177    0.0262966
  -1.0625000    0.1824484    0.4119453    0.1443461    0.0378089    0.2257595    0.0211488
  -1.0500000    0.1873305    0.4130749    0.1360245    0.0435014    0.2249468    0.0165035
  -1.0375000    0.1922831    0.4139609    0.1277894    0.0495073    0.2235818    0.0123892
  -1.0250000    0.1973049    0.4145987    0.1196597    0.0558041    0.2216694    0.0088313
  -1.0125000    0.2023947    0.4149843    0.1116545    0.0623681    0.2192173    0.0058518
  -1.0000000    0.2075509    0.4151139    0.1037927    0.0691742    0.2162359    0.0034692
  -0.9875000    0.2127719    0.4149841    0.0960930    0.0761966    0.2127384    0.0016984
  -0.9750000    0.2180562    0.4145918    0.0885739    0.0834082    0.2087406    0.0005503
  -0.9625000    0.2234018    0.4139344    0.0812537    0.0907813    0.2042611    0.0000321
  -0.9500000    0.2288070    0.4130095    0.0741503    0.0982872    0.1993207    0.0001472
  -0.9375000    0.2342697    0.4118153    0.0672814    0.1058967    0.1939431    0.0008947
  -0.9250000    0.2397879    0.4103503    0.0606639    0.1135801    0.1881538    0.0022700
  -0.9125000    0.2453594    0.4086134    0.0543146    0.1213071    0.1819811    0.0042644
  -0.9000000    0.2509819    0.4066042    0.0482494    0.1290470    0.1754549    0.0068651
  -0.8875000    0.2566531    0.4043223    0.0424840    0.1367692    0.1686075    0.0100556
  -0.8750000    0.2623703    0.4017682    0.0370330    0.1444429    0.1614726    0.0138155
  -0.8625000    0.2681312    0.3989426    0.0319106    0.1520371    0.1540859    0.0181207
  -0.8500000    0.2739329    0.3958467    0.0271302    0.1595212    0.1464842    0.0229435
  -0.8375000    0.2797727    0.3924824    0.0227043    0.1668650    0.1387059    0.0282528
  -0.8250000    0.2856477    0.3888517    0.0186446    0.1740385    0.1307902    0.0340145
  -0.8125000    0.2915549    0.3849574    0.0149620    0.1810122    0.1227774    0.0401911
  -0.8000000    0.2974913    0.3808028    0.0116661    0.1877576    0.1147084    0.0467425
  -0.7875000    0.3034538    0.3763914    0.0087660    0.1942466    0.1066246    0.0536262
  -0.7750000    0.3094390    0.3717274    0.0062695    0.2004522    0.0985675    0.0607972
  -0.7625000    0.3154437    0.3668157    0.0041833    0.2063486    0.0905786    0.0682086
  -0.7500000    0.3214645    0.3616612    0.0025133    0.2119107    0.0826996    0.0758119
  -0.7375000    0.3274978    0.3562698    0.0012639    0.2171152    0.0749712    0.0835571
  -0.7250000    0.3335401    0.3506475    0.0004387    0.2219396    0.0674338    0.0913931
  -0.7125000    0.3395877    0.3448011    0.0000400    0.2263634    0.0601269    0.0992683
  -0.7000000    0.3456370    0.3387375    0.0000689    0.2303674    0.0530889    0.1071305
  -0.6875000    0.3516840    0.3324645    0.0005252    0.2339339    0.0463568    0.1149276
  -0.6750000    0.3577251    0.3259900    0.0014077    0.2370473    0.0399662    0.1226077
  -0.6625000    0.3637563    0.3193227    0.0027140    0.2396935    0.0339509    0.1301197
  -0.6500000    0.3697735    0.3124713    0.0044402    0.2418605    0.0283429    0.1374134
  -0.6375000    0.3757729    0.3054454    0.0065814    0.2435382    0.0231721    0.1444400
  -0.6250000    0.3817502    0.2982547    0.0091314    0.2447184    0.0184660    0.1511522
  -0.6125000    0.3877015    0.2909094    0.0120830    0.2453951    0.0142498    0.1575049
  -0.6000000    0.3936225    0.2834201    0.0154274    0.2455643    0.0105462    0.1634552
  -0.5875000    0.3995091    0.2757977    0.0191551    0.2452240    0.0073751    0.1689628
  -0.5750000    0.4053570    0.2680537    0.0232550    0.2443747    0.0047535    0.1739904
  -0.5625000    0.4111620    0.2601996    0.0277151    0.2430187    0.0026956    0.1785036
  -0.5500000    0.4169198    0.2522473    0.0325223    0.2411606    0.0012127    0.1824716
  -0.5375000    0.4226262    0.2442093    0.0376623    0.2388071    0.0003126    0.1858670
  -0.5250000    0.4282768    0.2360978    0.0431200    0.2359671    0.0000003    0.1886665
  -0.5125000    0.4338673    0.2279259    0.0488789    0.2326514    0.0002775    0.1908504
  -0.5000000    0.4393935    0.2197064    0.0549221    0.2288731    0.0011426    0.1924034
  -0.4875000    0.4448511    0.2114526    0.0612312    0.2246473    0.0025910    0.1933143
  -0.4750000    0.4502356    0.2031779    0.0677873    0.2199907    0.0046148    0.1935762
  -0.4625000    0.4555430    0.1948957    0.0745707    0.2149224    0.0072027    0.1931867
  -0.4500000    0.4607690    0.1866198    0.0815609    0.2094630    0.0103407    0.1921476
  -0.4375000    0.4659092    0.1783639    0.0887365    0.2036349    0.0140114    0.1904653
  -0.4250000    0.4709596    0.1701419    0.0960759    0.1974621    0.0181946    0.1881505
  -0.4125000    0.4759160    0.1619675    0.1035566    0.1909703    0.0228672    0.1852181
  -0.4000000    0.4807743    0.1538548    0.1111557    0.1841866    0.0280034    0.1816874
  -0.3875000    0.4855304    0.1458176    0.1188499    0.1771392    0.0335747    0.1775818
  -0.3750000    0.4901804    0.1378696    0.1266156    0.1698578    0.0395503    0.1729284
  -0.3625000    0.4947203    0.1300247    0.1344289    0.1623730    0.0458970    0.1677583
  -0.3500000    0.4991462    0.1222965    0.1422656    0.1547165    0.0525796    0.1621061
  -0.3375000    0.5034543    0.1146985    0.1501015    0.1469207    0.0595608    0.1560097
  -0.3250000    0.5076410    0.1072442    0.1579123    0.1390187    0.0668017    0.1495102
  -0.3125000    0.5117025    0.0999466    0.1656737    0.1310441    0.0742621    0.1426514
  -0.3000000    0.5156354    0.0928187    0.1733615    0.1230311    0.0819001    0.1354795
  -0.2875000    0.5194361    0.0858733    0.1809519    0.1150139    0.0896732    0.1280432
  -0.2750000    0.5231014    0.0791228    0.1884211    0.1070267    0.0975379    0.1203929
  -0.2625000    0.5266279    0.0725794    0.1957456    0.0991041    0.1054501    0.1125804
  -0.2500000    0.5300126    0.0662547    0.2029026    0.0912799    0.1133655    0.1046589
  -0.2375000    0.5332523    0.0601604    0.2098696    0.0835879    0.1212396    0.0966822
  -0.2250000    0.5363442    0.0543074    0.2166247    0.0760613    0.1290283    0.0887046
  -0.2125000    0.5392854    0.0487066    0.2231466    0.0687327    0.1366879    0.0807806
  -0.2000000    0.5420734    0.0433680    0.2294148    0.0616337    0.1441752    0.0729643
  -0.1875000    0.5447055    0.0383014    0.2354094    0.0547951    0.1514481    0.0653089
  -0.1750000    0.5471794    0.0335164    0.2411116    0.0482465    0.1584656    0.0578669
  -0.1625000    0.5494927    0.0290215    0.2465033    0.0420165    0.1651883    0.0506891
  -0.1500000    0.5516434    0.0248252    0.2515675    0.0361320    0.1715783    0.0438246
  -0.1375000    0.5536295    0.0209351    0.2562880    0.0306186    0.1775995    0.0373206
  -0.1250000    0.5554492    0.0173586    0.2606500    0.0255004    0.1832179    0.0312214
  -0.1125000    0.5571006    0.0141023    0.2646395    0.0207997    0.1884018    0.0255690
  -0.1000000    0.5585825    0.0111722    0.2682439    0.0165370    0.1931220    0.0204020
  -0.0875000    0.5598932    0.0085738    0.2714518    0.0127308    0.1973517    0.0157560
  -0.0750000    0.5610317    0.0063119    0.2742529    0.0093978    0.2010671    0.0116629
  -0.0625000    0.5619968    0.0043908    0.2766383    0.0065525    0.2042472    0.0081507
  -0.0500000    0.5627877    0.0028141    0.2786005    0.0042074    0.2068740    0.0052436
  -0.0375000    0.5634036    0.0015847    0.2801331    0.0023727    0.2089327    0.0029615
  -0.0250000    0.5638439    0.0007048    0.2812314    0.0010565    0.2104115    0.0013201
  -0.0125000    0.5641083    0.0001763    0.2818917    0.0002644    0.2113022    0.0003306
   0.0000000    0.5641965    0.0000000    0.2821121    0.0000000    0.2115996    0.0000000
   0.0125000    0.5641083    0.0001763    0.2818917    0.0002644    0.2113022    0.0003304
   0.0250000    0.5638439    0.0007048    0.2812314    0.0010565    0.2104116    0.0013196
   0.0375000    0.5634036    0.0015846    0.2801331    0.0023727    0.2089328    0.0029608
   0.0500000    0.5627877    0.0028141    0.2786005    0.0042074    0.2068742    0.0052427
   0.0625000    0.5619968    0.0043908    0.2766383    0.0065525    0.2042474    0.0081496
   0.0750000    0.5610317    0.0063119    0.2742529    0.0093978    0.2010673    0.0116616
   0.0875000    0.5598932    0.0085738    0.2714518    0.0127308    0.1973519    0.0157546
   0.1000000    0.5585825    0.0111722    0.2682439    0.0165370    0.1931222    0.0204004
   0.1125000    0.5571006    0.0141023    0.2646395    0.0207997    0.1884021    0.0255672
   0.1250000    0.5554492    0.0173586    0.2606500    0.0255004    0.1832182    0.0312194
   0.1375000    0.5536295    0.0209351    0.2562880    0.0306186    0.1775998    0.0373185
   0.1500000    0.5516434    0.0248252    0.2515675    0.0361319    0.1715786    0.0438224
   0.1625000    0.5494927    0.0290215    0.2465033    0.0420164    0.1651887    0.0506868
   0.1750000    0.5471794    0.0335164    0.2411116    0.0482465    0.1584660    0.0578645
   0.1875000    0.5447055    0.0383014    0.2354094    0.0547951    0.1514484    0.0653064
   0.2000000    0.5420734    0.0433680    0.2294148    0.0616337    0.1441755    0.0729617
   0.2125000    0.5392854    0.0487066    0.2231466    0.0687327    0.1366883    0.0807780
   0.2250000    0.5363442    0.0543074    0.2166247    0.0760613    0.1290287    0.0887020
   0.2375000    0.5332523    0.0601604    0.2098696    0.0835879    0.1212400    0.0966795
   0.2500000    0.5300126    0.0662547    0.2029026    0.0912798    0.1133659    0.1046562
   0.2625000    0.5266279    0.0725794    0.1957456    0.0991040    0.1054505    0.1125778
   0.2750000    0.5231014    0.0791228    0.1884211    0.1070267    0.0975383    0.1203903
   0.2875000    0.5194361    0.0858733    0.1809519    0.1150138    0.0896736    0.1280407
   0.3000000    0.5156354    0.0928187    0.1733615    0.1230311    0.0819005    0.1354771
   0.3125000    0.5117025    0.0999466    0.1656737    0.1310441    0.0742624    0.1426490
   0.3250000    0.5076410    0.1072442    0.1579123    0.1390186    0.0668021    0.1495080
   0.3375000    0.5034543    0.1146985    0.1501015    0.1469206    0.0595611    0.1560076
   0.3500000    0.4991462    0.1222965    0.1422656    0.1547164    0.0525799    0.1621041
   0.3625000    0.4947203    0.1300247    0.1344289    0.1623729    0.0458974    0.1677565
   0.3750000    0.4901804    0.1378696    0.1266156    0.1698577    0.0395506    0.1729267
   0.3875000    0.4855304    0.1458176    0.1188499    0.1771391    0.0335750    0.1775803
   0.4000000    0.4807743    0.1538548    0.1111557    0.1841865    0.0280036    0.1816862
   0.4125000    0.4759160    0.1619675    0.1035566    0.1909703    0.0228674    0.1852171
   0.4250000    0.4709596    0.1701419    0.0960759    0.1974621    0.0181948    0.1881496
   0.4375000    0.4659092    0.1783639    0.0887366    0.2036349    0.0140116    0.1904647
   0.4500000    0.4607690    0.1866198    0.0815609    0.2094630    0.0103409    0.1921472
   0.4625000    0.4555430    0.1948957    0.0745707    0.2149224    0.0072029    0.1931865
   0.4750000    0.4502356    0.2031779    0.0677873    0.2199907    0.0046149    0.1935762
   0.4875000    0.4448511    0.2114526    0.0612312    0.2246472    0.0025911    0.1933145
   0.5000000    0.4393935    0.2197064    0.0549221    0.2288731    0.0011427    0.1924039
   0.5125000    0.4338673    0.2279259    0.0488789    0.2326514    0.0002775    0.1908511
   0.5250000    0.4282768    0.2360978    0.0431200    0.2359670    0.0000003    0.1886673
   0.5375000    0.4226262    0.2442093    0.0376623    0.2388071    0.0003125    0.1858681
   0.5500000    0.4169198    0.2522473    0.0325223    0.2411606    0.0012126    0.1824728
   0.5625000    0.4111620    0.2601996    0.0277151    0.2430187    0.0026956    0.1785051
   0.5750000    0.4053570    0.2680537    0.0232550    0.2443747    0.0047534    0.1739920
   0.5875000    0.3995091    0.2757977    0.0191551    0.2452240    0.0073749    0.1689647
   0.6000000    0.3936225    0.2834201    0.0154274    0.2455643    0.0105460    0.1634572
   0.6125000    0.3877015    0.2909094    0.0120830    0.2453951    0.0142496    0.1575070
   0.6250000    0.3817502    0.2982547    0.0091314    0.2447184    0.0184658    0.1511545
   0.6375000    0.3757729    0.3054454    0.0065814    0.2435382    0.0231718    0.1444424
   0.6500000    0.3697735    0.3124713    0.0044402    0.2418606    0.0283427    0.1374159
   0.6625000    0.3637563    0.3193227    0.0027140    0.2396935    0.0339506    0.1301223
   0.6750000    0.3577251    0.3259900    0.0014077    0.2370473    0.0399659    0.1226103
   0.6875000    0.3516840    0.3324645    0.0005252    0.2339339    0.0463565    0.1149302
   0.7000000    0.3456370    0.3387375    0.0000689    0.2303674    0.0530886    0.1071332
   0.7125000    0.3395877    0.3448011    0.0000400    0.2263635    0.0601266    0.0992710
   0.7250000    0.3335401    0.3506475    0.0004387    0.2219397    0.0674334    0.0913958
   0.7375000    0.3274978    0.3562698    0.0012639    0.2171152    0.0749708    0.0835597
   0.7500000    0.3214645    0.3616612    0.0025133    0.2119108    0.0826992    0.0758145
   0.7625000    0.3154437    0.3668157    0.0041833    0.2063486    0.0905782    0.0682112
   0.7750000    0.3094390    0.3717274    0.0062695    0.2004523    0.0985670    0.0607997
   0.7875000    0.3034538    0.3763914    0.0087660    0.1942466    0.1066242    0.0536286
   0.8000000    0.2974913    0.3808028    0.0116661    0.1877576    0.1147080    0.0467448
   0.8125000    0.2915549    0.3849574    0.0149619    0.1810123    0.1227770    0.0401933
   0.8250000    0.2856477    0.3888517    0.0186446    0.1740385    0.1307898    0.0340165
   0.8375000    0.2797727    0.3924824    0.0227043    0.1668651    0.1387055    0.0282548
   0.8500000    0.2739329    0.3958467    0.0271302    0.1595213    0.1464838    0.0229452
   0.8625000    0.2681312    0.3989426    0.0319106    0.1520371    0.1540855    0.0181222
   0.8750000    0.2623703    0.4017682    0.0370330    0.1444429    0.1614723    0.0138169
   0.8875000    0.2566531    0.4043223    0.0424840    0.1367693    0.1686071    0.0100568
   0.9000000    0.2509819    0.4066042    0.0482494    0.1290471    0.1754546    0.0068661
   0.9125000    0.2453594    0.4086134    0.0543146    0.1213071    0.1819808    0.0042652
   0.9250000    0.2397879    0.4103503    0.0606639    0.1135802    0.1881535    0.0022706
   0.9375000    0.2342697    0.4118153    0.0672814    0.1058968    0.1939428    0.0008951
   0.9500000    0.2288070    0.4130095    0.0741503    0.0982872    0.1993205    0.0001473
   0.9625000    0.2234018    0.4139344    0.0812537    0.0907813    0.2042608    0.0000320
   0.9750000    0.2180562    0.4145918    0.0885739    0.0834082    0.2087404    0.0005500
   0.9875000    0.2127719    0.4149841    0.0960930    0.0761966    0.2127382    0.0016979
   1.0000000    0.2075509    0.4151139    0.1037927    0.0691743    0.2162357    0.0034685
   1.0125000    0.2023947    0.4149843    0.1116545    0.0623681    0.2192171    0.0058509
   1.0250000    0.1973049    0.4145987    0.1196597    0.0558042    0.2216693    0.0088302
   1.0375000    0.1922831    0.4139609    0.1277894    0.0495074    0.2235818    0.0123878
   1.0500000    0.1873305    0.4130749    0.1360245    0.0435014    0.2249468    0.0165019
   1.0625000    0.1824484    0.4119453    0.1443461    0.0378089    0.2257595    0.0211471
   1.0750000    0.1776380    0.4105767    0.1527350    0.0324512    0.2260178    0.0262948
   1.0875000    0.1729005    0.4089742    0.1611723    0.0274480    0.2257221    0.0319135
   1.1000000    0.1682367    0.4071431    0.1696391    0.0228180    0.2248760    0.0379689
   1.1125000    0.1636475    0.4050888    0.1781168    0.0185781    0.2234855    0.0444244
   1.1250000    0.1591339    0.4028173    0.1865867    0.0147438    0.2215591    0.0512407
   1.1375000    0.1546963    0.4003345    0.1950307    0.0113290    0.2191083    0.0583769
   1.1500000    0.1503355    0.3976466    0.2034308    0.0083460    0.2161467    0.0657900
   1.1625000    0.1460520    0.3947600    0.2117695    0.0058055    0.2126906    0.0734357
   1.1750000    0.1418462    0.3916814    0.2200294    0.0037167    0.2087584    0.0812686
   1.1875000    0.1377185    0.3884174    0.2281939    0.0020868    0.2043708    0.0892421
   1.2000000    0.1336691    0.3849749    0.2362466    0.0009216    0.1995506    0.0973092
   1.2125000    0.1296982    0.3813609    0.2441716    0.0002253    0.1943224    0.1054226
   1.2250000    0.1258060    0.3775826    0.2519537    0.0000001    0.1887128    0.1135347
   1.2375000    0.1219924    0.3736470    0.2595782    0.0002470    0.1827499    0.1215985
   1.2500000    0.1182575    0.3695616    0.2670308    0.0009649    0.1764633    0.1295672
   1.2625000    0.1146012    0.3653335    0.2742982    0.0021516    0.1698841    0.1373951
   1.2750000    0.1110231    0.3609701    0.2813673    0.0038030    0.1630446    0.1450373
   1.2875000    0.1075232    0.3564789    0.2882260    0.0059136    0.1559778    0.1524505
   1.3000000    0.1041011    0.3518672    0.2948628    0.0084763    0.1487180    0.1595927
   1.3125000    0.1007564    0.3471425    0.3012667    0.0114827    0.1412998    0.1664239
   1.3250000    0.0974887    0.3423121    0.3074277    0.0149230    0.1337586    0.1729062
   1.3375000    0.0942975    0.3373833    0.3133363    0.0187860    0.1261300    0.1790037
   1.3500000    0.0911822    0.3323636    0.3189838    0.0230592    0.1184498    0.1846832
   1.3625000    0.0881424    0.3272601    0.3243623    0.0277290    0.1107538    0.1899140
   1.3750000    0.0851772    0.3220801    0.3294646    0.0327806    0.1030776    0.1946680
   1.3875000    0.0822861    0.3168307    0.3342842    0.0381982    0.0954565    0.1989202
   1.4000000    0.0794683    0.3115188    0.3388153    0.0439649    0.0879255    0.2026486
   1.4125000    0.0767229    0.3061515    0.3430529    0.0500629    0.0805187    0.2058343
   1.4250000    0.0740493    0.3007356    0.3469929    0.0564736    0.0732695    0.2084615
   1.4375000    0.0714466    0.2952777    0.3506316    0.0631776    0.0662104    0.2105178
   1.4500000    0.0689137    0.2897845    0.3539663    0.0701548    0.0593729    0.2119941
   1.4625000    0.0664499    0.2842623    0.3569948    0.0773846    0.0527872    0.2128845
   1.4750000    0.0640542    0.2787175    0.3597158    0.0848458    0.0464823    0.2131864
   1.4875000    0.0617255    0.2731562    0.3621285    0.0925167    0.0404856    0.2129007
   1.5000000    0.0594629    0.2675845    0.3642329    0.1003753    0.0348233    0.2120314
   1.5125000    0.0572654    0.2620081    0.3660295    0.1083993    0.0295196    0.2105857
   1.5250000    0.0551318    0.2564327    0.3675196    0.1165663    0.0245973    0.2085739
   1.5375000    0.0530612    0.2508639    0.3687051    0.1248536    0.0200773    0.2060096
   1.5500000    0.0510523    0.2453069    0.3695883    0.1332385    0.0159786    0.2029090
   1.5625000    0.0491042    0.2397668    0.3701722    0.1416984    0.0123184    0.1992913
   1.5750000    0.0472156    0.2342486    0.3704605    0.1502108    0.0091119    0.1951783
   1.5875000    0.0453855    0.2287571    0.3704573    0.1587533    0.0063724    0.1905944
   1.6000000    0.0436127    0.2232969    0.3701669    0.1673038    0.0041110    0.1855663
   1.6125000    0.0418961    0.2178723    0.3695947    0.1758406    0.0023370    0.1801229
   1.6250000    0.0402344    0.2124875    0.3687460    0.1843422    0.0010575    0.1742952
   1.6375000    0.0386266    0.2071465    0.3676267    0.1927875    0.0002777    0.1681158
   1.6500000    0.0370714    0.2018531    0.3662433    0.2011562    0.0000006    0.1616192
   1.6625000    0.0355678    0.1966110    0.3646023    0.2094282    0.0002274    0.1548412
   1.6750000    0.0341144    0.1914235    0.3627109    0.2175843    0.0009571    0.1478187
   1.6875000    0.0327103    0.1862940    0.3605764    0.2256056    0.0021869    0.1405898
   1.7000000    0.0313541    0.1812253    0.3582065    0.2334743    0.0039122    0.1331933
   1.7125000    0.0300448    0.1762204    0.3556090    0.2411730    0.0061262    0.1256686
   1.7250000    0.0287811    0.1712820    0.3527921    0.2486852    0.0088208    0.1180554
   1.7375000    0.0275620    0.1664124    0.3497641    0.2559952    0.0119858    0.1103936
   1.7500000    0.0263863    0.1616141    0.3465337    0.2630882    0.0156095    0.1027231
   1.7625000    0.0252528    0.1568890    0.3431094    0.2699501    0.0196785    0.0950835
   1.7750000    0.0241605    0.1522392    0.3395002    0.2765678    0.0241781    0.0875139
   1.7875000    0.0231082    0.1476664    0.3357149    0.2829291    0.0290921    0.0800528
   1.8000000    0.0220948    0.1431722    0.3317626    0.2890226    0.0344030    0.0727379
   1.8125000    0.0211193    0.1387580    0.3276523    0.2948379    0.0400920    0.0656057
   1.8250000    0.0201805    0.1344251    0.3233933    0.3003657    0.0461392    0.0586918
   1.8375000    0.0192774    0.1301746    0.3189945    0.3055972    0.0525238    0.0520303
   1.8500000    0.0184090    0.1260074    0.3144651    0.3105251    0.0592239    0.0456537
   1.8625000    0.0175742    0.1219244    0.3098143    0.3151425    0.0662169    0.0395931
   1.8750000    0.0167721    0.1179263    0.3050510    0.3194439    0.0734795    0.0338776
   1.8875000    0.0160015    0.1140134    0.3001842    0.3234243    0.0809876    0.0285347
   1.9000000    0.0152616    0.1101863    0.2952228    0.3270799    0.0887168    0.0235897
   1.9125000    0.0145513    0.1064451    0.2901757    0.3304078    0.0966422    0.0190659
   1.9250000    0.0138698    0.1027901    0.2850514    0.3334058    0.1047386    0.0149844
   1.9375000    0.0132161    0.0992212    0.2798585    0.3360726    0.1129807    0.0113641
   1.9500000    0.0125892    0.0957383    0.2746054    0.3384079    0.1213428    0.0082218
   1.9625000    0.0119883    0.0923412    0.2693003    0.3404121    0.1297995    0.0055716
   1.9750000    0.0114125    0.0890296    0.2639513    0.3420864    0.1383254    0.0034257
   1.9875000    0.0108610    0.0858031    0.2585662    0.3434328    0.1468953    0.0017935
   2.0000000    0.0103329    0.0826611    0.2531526    0.3444539    0.1554841    0.0006825
   2.0125000    0.0098275    0.0796031    0.2477181    0.3451533    0.1640674    0.0000974
   2.0250000    0.0093438    0.0766284    0.2422698    0.3455349    0.1726208    0.0000409
   2.0375000    0.0088811    0.0737361    0.2368148    0.3456037    0.1811207    0.0005132
   2.0500000    0.0084388    0.0709255    0.2313598    0.3453648    0.1895441    0.0015122
   2.0625000    0.0080159    0.0681957    0.2259114    0.3448243    0.1978685    0.0030337
   2.0750000    0.0076119    0.0655456    0.2204759    0.3439887    0.2060723    0.0050714
   2.0875000    0.0072260    0.0629742    0.2150594    0.3428648    0.2141344    0.0076167
   2.1000000    0.0068575    0.0604805    0.2096676    0.3414603    0.2220348    0.0106591
   2.1125000    0.0065057    0.0580633    0.2043061    0.3397829    0.2297542    0.0141863
   2.1250000    0.0061701    0.0557213    0.1989802    0.3378409    0.2372744    0.0181839
   2.1375000    0.0058499    0.0534534    0.1936949    0.3356431    0.2445781    0.0226359
   2.1500000    0.0055447    0.0512583    0.1884550    0.3331983    0.2516488    0.0275248
   2.1625000    0.0052537    0.0491347    0.1832651    0.3305159    0.2584713    0.0328314
   2.1750000    0.0049764    0.0470811    0.1781293    0.3276054    0.2650313    0.0385352
   2.1875000    0.0047123    0.0450964    0.1730518    0.3244765    0.2713157    0.0446142
   2.2000000    0.0044608    0.0431790    0.1680362    0.3211392    0.2773124    0.0510456
   2.2125000    0.0042215    0.0413275    0.1630862    0.3176035    0.2830103    0.0578053
   2.2250000    0.0039937    0.0395405    0.1582049    0.3138798    0.2883996    0.0648682
   2.2375000    0.0037770    0.0378166    0.1533953    0.3099782    0.2934715    0.0722088
   2.2500000    0.0035710    0.0361543    0.1486603    0.3059092    0.2982184    0.0798004
   2.2625000    0.0033751    0.0345521    0.1440024    0.3016831    0.3026335    0.0876163
   2.2750000    0.0031890    0.0330086    0.1394239    0.2973103    0.3067116    0.0956289
   2.2875000    0.0030122    0.0315223    0.1349269    0.2928013    0.3104481    0.1038107
   2.3000000    0.0028444    0.0300917    0.1305133    0.2881663    0.3138396    0.1121337
   2.3125000    0.0026850    0.0287154    0.1261847    0.2834156    0.3168839    0.1205701
   2.3250000    0.0025338    0.0273918    0.1219426    0.2785592    0.3195797    0.1290919
   2.3375000    0.0023903    0.0261196    0.1177882    0.2736073    0.3219264    0.1376716
   2.3500000    0.0022543    0.0248973    0.1137225    0.2685697    0.3239249    0.1462817
   2.3625000    0.0021253    0.0237234    0.1097466    0.2634560    0.3255766    0.1548952
   2.3750000    0.0020031    0.0225965    0.1058609    0.2582759    0.3268839    0.1634856
   2.3875000    0.0018874    0.0215153    0.1020661    0.2530387    0.3278501    0.1720268
   2.4000000    0.0017777    0.0204782    0.0983625    0.2477533    0.3284793    0.1804935
   2.4125000    0.0016739    0.0194840    0.0947503    0.2424288    0.3287763    0.1888612
   2.4250000    0.0015757    0.0185313    0.0912295    0.2370738    0.3287468    0.1971061
   2.4375000    0.0014828    0.0176187    0.0878000    0.2316966    0.3283968    0.2052053
   2.4500000    0.0013949    0.0167450    0.0844615    0.2263053    0.3277335    0.2131368
   2.4625000    0.0013118    0.0159088    0.0812136    0.2209079    0.3267643    0.2208798
   2.4750000    0.0012333    0.0151088    0.0780559    0.2155117    0.3254972    0.2284143
   2.4875000    0.0011592    0.0143438    0.0749878    0.2101241    0.3239409    0.2357217
   2.5000000    0.0010891    0.0136127    0.0720084    0.2047521    0.3221044    0.2427842
   2.5125000    0.0010230    0.0129141    0.0691170    0.1994023    0.3199972    0.2495855
   2.5250000    0.0009605    0.0122469    0.0663126    0.1940811    0.3176291    0.2561103
   2.5375000    0.0009016    0.0116101    0.0635941    0.1887945    0.3150105    0.2623446
   2.5500000    0.0008461    0.0110023    0.0609606    0.1835483    0.3121516    0.2682756
   2.5625000    0.0007937    0.0104226    0.0584108    0.1783479    0.3090634    0.2738919
   2.5750000    0.0007443    0.0098699    0.0559434    0.1731984    0.3057568    0.2791831
   2.5875000    0.0006978    0.0093432    0.0535572    0.1681047    0.3022428    0.2841403
   2.6000000    0.0006540    0.0088414    0.0512507    0.1630712    0.2985328    0.2887556
   2.6125000    0.0006127    0.0083635    0.0490226    0.1581022    0.2946381    0.2930227
   2.6250000    0.0005739    0.0079086    0.0468713    0.1532016    0.2905701    0.2969361
   2.6375000    0.0005374    0.0074758    0.0447953    0.1483730    0.2863402    0.3004918
   2.6500000    0.0005030    0.0070642    0.0427931    0.1436197    0.2819600    0.3036869
   2.6625000    0.0004707    0.0066728    0.0408632    0.1389449    0.2774406    0.3065195
   2.6750000    0.0004403    0.0063009    0.0390038    0.1343512    0.2727934    0.3089891
   2.6875000    0.0004118    0.0059476    0.0372134    0.1298411    0.2680297    0.3110960
   2.7000000    0.0003850    0.0056121    0.0354902    0.1254169    0.2631604    0.3128418
   2.7125000    0.0003598    0.0052936    0.0338328    0.1210806    0.2581965    0.3142289
   2.7250000    0.0003361    0.0049915    0.0322392    0.1168339    0.2531486    0.3152607
   2.7375000    0.0003139    0.0047049    0.0307080    0.1126782    0.2480274    0.3159417
   2.7500000    0.0002931    0.0044332    0.0292374    0.1086149    0.2428429    0.3162770
   2.7625000    0.0002736    0.0041757    0.0278257    0.1046450    0.2376053    0.3162726
   2.7750000    0.0002553    0.0039318    0.0264712    0.1007692    0.2323244    0.3159355
   2.7875000    0.0002382    0.0037008    0.0251723    0.0969882    0.2270095    0.3152731
   2.8000000    0.0002221    0.0034822    0.0239274    0.0933024    0.2216700    0.3142936
   2.8125000    0.0002071    0.0032753    0.0227346    0.0897121    0.2163146    0.3130059
   2.8250000    0.0001930    0.0030796    0.0215926    0.0862172    0.2109520    0.3114194
   2.8375000    0.0001798    0.0028946    0.0204995    0.0828176    0.2055904    0.3095438
   2.8500000    0.0001674    0.0027198    0.0194539    0.0795131    0.2002377    0.3073897
   2.8625000    0.0001559    0.0025546    0.0184541    0.0763031    0.1949014    0.3049678
   2.8750000    0.0001451    0.0023986    0.0174987    0.0731872    0.1895888    0.3022892
   2.8875000    0.0001350    0.0022514    0.0165860    0.0701646    0.1843067    0.2993653
   2.9000000    0.0001256    0.0021124    0.0157146    0.0672345    0.1790617    0.2962079
   2.9125000    0.0001168    0.0019814    0.0148830    0.0643958    0.1738599    0.2928288
   2.9250000    0.0001086    0.0018578    0.0140898    0.0616476    0.1687070    0.2892402
   2.9375000    0.0001009    0.0017413    0.0133335    0.0589886    0.1636087    0.2854541
   2.9500000    0.0000938    0.0016315    0.0126127    0.0564175    0.1585699    0.2814830
   2.9625000    0.0000871    0.0015282    0.0119262    0.0539331    0.1535954    0.2773391
   2.9750000    0.0000808    0.0014309    0.0112726    0.0515340    0.1486896    0.2730348
   2.9875000    0.0000750    0.0013393    0.0106506    0.0492185    0.1438567    0.2685822
   3.0000000    0.0000696    0.0012531    0.0100589    0.0469852    0.1391003    0.2639935
   3.0125000    0.0000646    0.0011721    0.0094963    0.0448324    0.1344239    0.2592809
   3.0250000    0.0000599    0.0010959    0.0089617    0.0427585    0.1298306    0.2544562
   3.0375000    0.0000555    0.0010244    0.0084539    0.0407617    0.1253231    0.2495313
   3.0500000    0.0000515    0.0009572    0.0079717    0.0388404    0.1209040    0.2445175
   3.0625000    0.0000477    0.0008940    0.0075140    0.0369927    0.1165754    0.2394263
   3.0750000    0.0000441    0.0008348    0.0070799    0.0352169    0.1123393    0.2342687
   3.0875000    0.0000409    0.0007792    0.0066682    0.0335111    0.1081974    0.2290555
   3.1000000    0.0000378    0.0007270    0.0062781    0.0318736    0.1041509    0.2237972
   3.1125000    0.0000350    0.0006782    0.0059085    0.0303024    0.1002009    0.2185038
   3.1250000    0.0000324    0.0006323    0.0055584    0.0287957    0.0963485    0.2131853
   3.1375000    0.0000299    0.0005894    0.0052271    0.0273517    0.0925942    0.2078512
   3.1500000    0.0000277    0.0005492    0.0049137    0.0259685    0.0889385    0.2025105
   3.1625000    0.0000256    0.0005116    0.0046172    0.0246443    0.0853815    0.1971721
   3.1750000    0.0000236    0.0004764    0.0043370    0.0233772    0.0819233    0.1918443
   3.1875000    0.0000218    0.0004434    0.0040722    0.0221655    0.0785636    0.1865352
   3.2000000    0.0000201    0.0004126    0.0038221    0.0210074    0.0753022    0.1812523
   3.2125000    0.0000186    0.0003838    0.0035860    0.0199010    0.0721385    0.1760029
   3.2250000    0.0000172    0.0003569    0.0033632    0.0188447    0.0690718    0.1707939
   3.2375000    0.0000158    0.0003318    0.0031530    0.0178366    0.0661013    0.1656316
   3.2500000    0.0000146    0.0003083    0.0029548    0.0168751    0.0632261    0.1605221
   3.2625000    0.0000135    0.0002864    0.0027681    0.0159585    0.0604449    0.1554711
   3.2750000    0.0000124    0.0002659    0.0025921    0.0150852    0.0577567    0.1504838
   3.2875000    0.0000114    0.0002469    0.0024264    0.0142535    0.0551600    0.1455651
   3.3000000    0.0000105    0.0002291    0.0022705    0.0134619    0.0526535    0.1407196
   3.3125000    0.0000097    0.0002125    0.0021238    0.0127088    0.0502357    0.1359514
   3.3250000    0.0000089    0.0001971    0.0019858    0.0119926    0.0479049    0.1312642
   3.3375000    0.0000082    0.0001827    0.0018560    0.0113120    0.0456595    0.1266615
   3.3500000    0.0000075    0.0001693    0.0017341    0.0106655    0.0434978    0.1221464
   3.3625000    0.0000069    0.0001568    0.0016196    0.0100517    0.0414181    0.1177216
   3.3750000    0.0000064    0.0001452    0.0015121    0.0094692    0.0394183    0.1133894
   3.3875000    0.0000059    0.0001345    0.0014112    0.0089167    0.0374968    0.1091521
   3.4000000    0.0000054    0.0001244    0.0013165    0.0083928    0.0356516    0.1050114
   3.4125000    0.0000049    0.0001151    0.0012277    0.0078965    0.0338807    0.1009688
   3.4250000    0.0000045    0.0001065    0.0011445    0.0074264    0.0321822    0.0970255
   3.4375000    0.0000042    0.0000984    0.0010665    0.0069813    0.0305542    0.0931824
   3.4500000    0.0000038    0.0000910    0.0009935    0.0065602    0.0289946    0.0894403
   3.4625000    0.0000035    0.0000840    0.0009251    0.0061619    0.0275015    0.0857996
   3.4750000    0.0000032    0.0000776    0.0008611    0.0057854    0.0260728    0.0822606
   3.4875000    0.0000029    0.0000717    0.0008013    0.0054296    0.0247067    0.0788231
   3.5000000    0.0000027    0.0000661    0.0007453    0.0050936    0.0234011    0.0754871
   3.5125000    0.0000025    0.0000610    0.0006930    0.0047765    0.0221540    0.0722520
   3.5250000    0.0000023    0.0000563    0.0006441    0.0044772    0.0209635    0.0691173
   3.5375000    0.0000021    0.0000519    0.0005984    0.0041950    0.0198278    0.0660822
   3.5500000    0.0000019    0.0000478    0.0005558    0.0039289    0.0187448    0.0631459
   3.5625000    0.0000017    0.0000441    0.0005160    0.0036782    0.0177128    0.0603072
   3.5750000    0.0000016    0.0000406    0.0004789    0.0034421    0.0167298    0.0575649
   3.5875000    0.0000015    0.0000374    0.0004443    0.0032199    0.0157941    0.0549177
   3.6000000    0.0000013    0.0000344    0.0004120    0.0030107    0.0149039    0.0523642
   3.6125000    0.0000012    0.0000317    0.0003820    0.0028140    0.0140574    0.0499027
   3.6250000    0.0000011    0.0000291    0.0003540    0.0026291    0.0132529    0.0475318
   3.6375000    0.0000010    0.0000268    0.0003279    0.0024554    0.0124888    0.0452495
   3.6500000    0.0000009    0.0000246    0.0003037    0.0022922    0.0117633    0.0430542
   3.6625000    0.0000008    0.0000226    0.0002811    0.0021390    0.0110750    0.0409439
   3.6750000    0.0000008    0.0000208    0.0002601    0.0019952    0.0104223    0.0389168
   3.6875000    0.0000007    0.0000191    0.0002406    0.0018604    0.0098036    0.0369708
   3.7000000    0.0000006    0.0000175    0.0002225    0.0017339    0.0092175    0.0351040
   3.7125000    0.0000006    0.0000161    0.0002057    0.0016154    0.0086626    0.0333143
   3.7250000    0.0000005    0.0000147    0.0001900    0.0015044    0.0081374    0.0315996
   3.7375000    0.0000005    0.0000135    0.0001755    0.0014005    0.0076406    0.0299579
   3.7500000    0.0000004    0.0000124    0.0001621    0.0013033    0.0071710    0.0283870
   3.7625000    0.0000004    0.0000114    0.0001496    0.0012123    0.0067273    0.0268849
   3.7750000    0.0000004    0.0000104    0.0001380    0.0011272    0.0063082    0.0254493
   3.7875000    0.0000003    0.0000095    0.0001273    0.0010476    0.0059126    0.0240783
   3.8000000    0.0000003    0.0000087    0.0001174    0.0009733    0.0055394    0.0227698
   3.8125000    0.0000003    0.0000080    0.0001082    0.0009039    0.0051875    0.0215216
   3.8250000    0.0000002    0.0000073    0.0000997    0.0008392    0.0048558    0.0203317
   3.8375000    0.0000002    0.0000067    0.0000918    0.0007787    0.0045433    0.0191980
   3.8500000    0.0000002    0.0000061    0.0000845    0.0007223    0.0042491    0.0181186
   3.8625000    0.0000002    0.0000056    0.0000778    0.0006698    0.0039721    0.0170914
   3.8750000    0.0000002    0.0000051    0.0000716    0.0006208    0.0037117    0.0161145
   3.8875000    0.0000002    0.0000047    0.0000658    0.0005752    0.0034667    0.0151859
   3.9000000    0.0000001    0.0000043    0.0000605    0.0005327    0.0032366    0.0143039
   3.9125000    0.0000001    0.0000039    0.0000556    0.0004932    0.0030204    0.0134665
   3.9250000    0.0000001    0.0000035    0.0000511    0.0004564    0.0028174    0.0126720
   3.9375000    0.0000001    0.0000032    0.0000469    0.0004222    0.0026270    0.0119185
   3.9500000    0.0000001    0.0000029    0.0000431    0.0003904    0.0024483    0.0112044
   3.9625000    0.0000001    0.0000027    0.0000395    0.0003609    0.0022808    0.0105279
   3.9750000    0.0000001    0.0000024    0.0000363    0.0003334    0.0021239    0.0098875
   3.9875000    0.0000001    0.0000022    0.0000333    0.0003080    0.0019769    0.0092815
   4.0000000    0.0000001    0.0000020    0.0000305    0.0002843    0.0018393    0.0087085
   4.0125000    0.0000001    0.0000018    0.0000279    0.0002624    0.0017105    0.0081669
   4.0250000    0.0000001    0.0000017    0.0000256    0.0002421    0.0015900    0.0076553
   4.0375000    0.0000000    0.0000015    0.0000234    0.0002232    0.0014774    0.0071723
   4.0500000    0.0000000    0.0000014    0.0000214    0.0002058    0.0013722    0.0067165
   4.0625000    0.0000000    0.0000013    0.0000196    0.0001896    0.0012739    0.0062866
   4.0750000    0.0000000    0.0000012    0.0000180    0.0001746    0.0011822    0.0058814
   4.0875000    0.0000000    0.0000010    0.0000164    0.0001608    0.0010966    0.0054997
   4.1000000    0.0000000    0.0000009    0.0000150    0.0001480    0.0010167    0.0051403
   4.1125000    0.0000000    0.0000009    0.0000137    0.0001361    0.0009423    0.0048020
   4.1250000    0.0000000    0.0000008    0.0000125    0.0001252    0.0008729    0.0044838
   4.1375000    0.0000000    0.0000007    0.0000114    0.0001151    0.0008083    0.0041846
   4.1500000    0.0000000    0.0000006    0.0000104    0.0001058    0.0007481    0.0039035
   4.1625000    0.0000000    0.0000006    0.0000095    0.0000971    0.0006921    0.0036395
   4.1750000    0.0000000    0.0000005    0.0000087    0.0000892    0.0006400    0.0033917
   4.1875000    0.0000000    0.0000005    0.0000079    0.0000819    0.0005916    0.0031592
   4.2000000    0.0000000    0.0000004    0.0000072    0.0000751    0.0005466    0.0029411
   4.2125000    0.0000000    0.0000004    0.0000066    0.0000689    0.0005048    0.0027368
   4.2250000    0.0000000    0.0000004    0.0000060    0.0000631    0.0004660    0.0025454
   4.2375000    0.0000000    0.0000003    0.0000054    0.0000578    0.0004299    0.0023661
   4.2500000    0.0000000    0.0000003    0.0000050    0.0000530    0.0003965    0.0021984
   4.2625000    0.0000000    0.0000003    0.0000045    0.0000485    0.0003655    0.0020415
   4.2750000    0.0000000    0.0000002    0.0000041    0.0000444    0.0003368    0.0018948
   4.2875000    0.0000000    0.0000002    0.0000037    0.0000406    0.0003102    0.0017577
   4.3000000    0.0000000    0.0000002    0.0000034    0.0000371    0.0002855    0.0016297
   4.3125000    0.0000000    0.0000002    0.0000031    0.0000339    0.0002627    0.0015102
   4.3250000    0.0000000    0.0000002    0.0000028    0.0000310    0.0002416    0.0013987
   4.3375000    0.0000000    0.0000001    0.0000025    0.0000283    0.0002221    0.0012947
   4.3500000    0.0000000    0.0000001    0.0000023    0.0000258    0.0002040    0.0011977
   4.3625000    0.0000000    0.0000001    0.0000021    0.0000236    0.0001873    0.0011074
   4.3750000    0.0000000    0.0000001    0.0000019    0.0000215    0.0001719    0.0010233
   4.3875000    0.0000000    0.0000001    0.0000017    0.0000196    0.0001577    0.0009450
   4.4000000    0.0000000    0.0000001    0.0000015    0.0000178    0.0001446    0.0008721
   4.4125000    0.0000000    0.0000001    0.0000014    0.0000162    0.0001325    0.0008044
   4.4250000    0.0000000    0.0000001    0.0000013    0.0000148    0.0001213    0.0007415
   4.4375000    0.0000000    0.0000001    0.0000011    0.0000134    0.0001110    0.0006830
   4.4500000    0.0000000    0.0000001    0.0000010    0.0000122    0.0001015    0.0006287
   4.4625000    0.0000000    0.0000000    0.0000009    0.0000111    0.0000928    0.0005783
   4.4750000    0.0000000    0.0000000    0.0000008    0.0000101    0.0000848    0.0005316
   4.4875000    0.0000000    0.0000000    0.0000008    0.0000091    0.0000774    0.0004882
   4.5000000    0.0000000    0.0000000    0.0000007    0.0000083    0.0000706    0.0004481
   4.5125000    0.0000000    0.0000000    0.0000006    0.0000075    0.0000643    0.0004109
   4.5250000    0.0000000    0.0000000    0.0000006    0.0000068    0.0000586    0.0003764
   4.5375000    0.0000000    0.0000000    0.0000005    0.0000062    0.0000533    0.0003446
   4.5500000    0.0000000    0.0000000    0.0000005    0.0000056    0.0000485    0.0003151
   4.5625000    0.0000000    0.0000000    0.0000004    0.0000050    0.0000440    0.0002879
   4.5750000    0.0000000    0.0000000    0.0000004    0.0000045    0.0000399    0.0002627
   4.5875000    0.0000000    0.0000000    0.0000003    0.0000041    0.0000362    0.0002395
   4.6000000    0.0000000    0.0000000    0.0000003    0.0000037    0.0000328    0.0002180
   4.6125000    0.0000000    0.0000000    0.0000003    0.0000033    0.0000297    0.0001982
   4.6250000    0.0000000    0.0000000    0.0000002    0.0000030    0.0000268    0.0001800
   4.6375000    0.0000000    0.0000000    0.0000002    0.0000027    0.0000242    0.0001632
   4.6500000    0.0000000    0.0000000    0.0000002    0.0000024    0.0000218    0.0001477
   4.6625000    0.0000000    0.0000000    0.0000002    0.0000021    0.0000196    0.0001335
   4.6750000    0.0000000    0.0000000    0.0000001    0.0000019    0.0000176    0.0001204
   4.6875000    0.0000000    0.0000000    0.0000001    0.0000017    0.0000157    0.0001084
   4.7000000    0.0000000    0.0000000    0.0000001    0.0000015    0.0000141    0.0000974
   4.7125000    0.0000000    0.0000000    0.0000001    0.0000014    0.0000126    0.0000872
   4.7250000    0.0000000    0.0000000    0.0000001    0.0000012    0.0000112    0.0000780
   4.7375000    0.0000000    0.0000000    0.0000001    0.0000011    0.0000099    0.0000695
   4.7500000    0.0000000    0.0000000    0.0000001    0.0000009    0.0000088    0.0000617
   4.7625000    0.0000000    0.0000000    0.0000001    0.0000008    0.0000077    0.0000546
   4.7750000    0.0000000    0.0000000    0.0000001    0.0000007    0.0000068    0.0000481
   4.7875000    0.0000000    0.0000000    0.0000000    0.0000006    0.0000059    0.0000422
   4.8000000    0.0000000    0.0000000    0.0000000    0.0000005    0.0000052    0.0000368
   4.8125000    0.0000000    0.0000000    0.0000000    0.0000005    0.0000045    0.0000319
   4.8250000    0.0000000    0.0000000    0.0000000    0.0000004    0.0000038    0.0000275
   4.8375000    0.0000000    0.0000000    0.0000000    0.0000003    0.0000033    0.0000235
   4.8500000    0.0000000    0.0000000    0.0000000    0.0000003    0.0000028    0.0000199
   4.8625000    0.0000000    0.0000000    0.0000000    0.0000002    0.0000023    0.0000167
   4.8750000    0.0000000    0.0000000    0.0000000    0.0000002    0.0000019    0.0000138
   4.8875000    0.0000000    0.0000000    0.0000000    0.0000002    0.0000015    0.0000113
   4.9000000    0.0000000    0.0000000    0.0000000    0.0000001    0.0000012    0.0000090
   4.9125000    0.0000000    0.0000000    0.0000000    0.0000001    0.0000010    0.0000070
   4.9250000    0.0000000    0.0000000    0.0000000    0.0000001    0.0000007    0.0000053
   4.9375000    0.0000000    0.0000000    0.0000000    0.0000001    0.0000005    0.0000039
   4.9500000    0.0000000    0.0000000    0.0000000    0.0000000    0.0000004    0.0000027
   4.9625000    0.0000000    0.0000000    0.0000000    0.0000000    0.0000002    0.0000017
   4.9750000    0.0000000    0.0000000    0.0000000    0.0000000    0.0000001    0.0000010
   4.9875000    0.0000000    0.0000000    0.0000000    0.0000000    0.0000001    0.0000004
   5.0000000    0.0000000    0.0000000    0.0000000    0.0000000    0.0000000    0.0000001
