# N=  800    0.50939396   1.16950820   1.62988427   2.08056302   2.53812410   3.08058976
  -4.9875000    0.0000000    0.0000002    0.0000024    0.0000119    0.0000328    0.0000654
  -4.9750000    0.0000000    0.0000010    0.0000097    0.0000477    0.0001313    0.0002617
  -4.9625000    0.0000000    0.0000021    0.0000219    0.0001074    0.0002955    0.0005887
  -4.9500000    0.0000001    0.0000038    0.0000389    0.0001909    0.0005253    0.0010460
  -4.9375000    0.0000001    0.0000060    0.0000608    0.0002984    0.0008208    0.0016335
  -4.9250000    0.0000002    0.0000086    0.0000876    0.0004299    0.0011818    0.0023506
  -4.9125000    0.0000002    0.0000118    0.0001194    0.0005855    0.0016084    0.0031968
  -4.9000000    0.0000003    0.0000154    0.0001561    0.0007652    0.0021006    0.0041715
  -4.8875000    0.0000003    0.0000195    0.0001979    0.0009691    0.0026582    0.0052737
  -4.8750000    0.0000004    0.0000242    0.0002447    0.0011973    0.0032812    0.0065027
  -4.8625000    0.0000005    0.0000293    0.0002966    0.0014499    0.0039695    0.0078574
  -4.8500000    0.0000006    0.0000350    0.0003537    0.0017270    0.0047230    0.0093367
  -4.8375000    0.0000007    0.0000412    0.0004160    0.0020287    0.0055415    0.0109394
  -4.8250000    0.0000008    0.0000479    0.0004836    0.0023552    0.0064250    0.0126641
  -4.8125000    0.0000010    0.0000552    0.0005565    0.0027066    0.0073733    0.0145094
  -4.8000000    0.0000011    0.0000631    0.0006347    0.0030829    0.0083862    0.0164735
  -4.7875000    0.0000013    0.0000716    0.0007185    0.0034844    0.0094635    0.0185549
  -4.7750000    0.0000014    0.0000806    0.0008078    0.0039112    0.0106049    0.0207517
  -4.7625000    0.0000016    0.0000902    0.0009028    0.0043634    0.0118103    0.0230618
  -4.7500000    0.0000018    0.0001005    0.0010035    0.0048412    0.0130793    0.0254832
  -4.7375000    0.0000020    0.0001113    0.0011100    0.0053448    0.0144116    0.0280137
  -4.7250000    0.0000022    0.0001229    0.0012224    0.0058743    0.0158070    0.0306510
  -4.7125000    0.0000024    0.0001350    0.0013408    0.0064299    0.0172650    0.0333924
  -4.7000000    0.0000027    0.0001479    0.0014653    0.0070118    0.0187853    0.0362356
  -4.6875000    0.0000029    0.0001615    0.0015960    0.0076200    0.0203675    0.0391776
  -4.6750000    0.0000032    0.0001758    0.0017331    0.0082549    0.0220110    0.0422158
  -4.6625000    0.0000035    0.0001908    0.0018766    0.0089166    0.0237154    0.0453471
  -4.6500000    0.0000038    0.0002066    0.0020267    0.0096052    0.0254802    0.0485684
  -4.6375000    0.0000041    0.0002231    0.0021834    0.0103209    0.0273048    0.0518765
  -4.6250000    0.0000044    0.0002405    0.0023470    0.0110640    0.0291886    0.0552681
  -4.6125000    0.0000048    0.0002587    0.0025175    0.0118345    0.0311310    0.0587398
  -4.6000000    0.0000052    0.0002778    0.0026951    0.0126327    0.0331313    0.0622879
  -4.5875000    0.0000056    0.0002977    0.0028799    0.0134587    0.0351888    0.0659088
  -4.5750000    0.0000060    0.0003185    0.0030721    0.0143128    0.0373028    0.0695987
  -4.5625000    0.0000064    0.0003403    0.0032717    0.0151950    0.0394724    0.0733536
  -4.5500000    0.0000069    0.0003630    0.0034791    0.0161055    0.0416968    0.0771696
  -4.5375000    0.0000074    0.0003868    0.0036942    0.0170446    0.0439752    0.0810425
  -4.5250000    0.0000079    0.0004115    0.0039173    0.0180123    0.0463065    0.0849682
  -4.5125000    0.0000084    0.0004374    0.0041486    0.0190089    0.0486899    0.0889422
  -4.5000000    0.0000090    0.0004643    0.0043882    0.0200344    0.0511243    0.0929602
  -4.4875000    0.0000096    0.0004923    0.0046362    0.0210891    0.0536086    0.0970176
  -4.4750000    0.0000102    0.0005215    0.0048929    0.0221730    0.0561418    0.1011099
  -4.4625000    0.0000108    0.0005519    0.0051584    0.0232863    0.0587227    0.1052324
  -4.4500000    0.0000115    0.0005835    0.0054329    0.0244291    0.0613501    0.1093803
  -4.4375000    0.0000122    0.0006165    0.0057166    0.0256015    0.0640227    0.1135488
  -4.4250000    0.0000130    0.0006507    0.0060097    0.0268037    0.0667392    0.1177329
  -4.4125000    0.0000138    0.0006863    0.0063123    0.0280358    0.0694983    0.1219278
  -4.4000000    0.0000146    0.0007233    0.0066247    0.0292977    0.0722986    0.1261282
  -4.3875000    0.0000154    0.0007617    0.0069471    0.0305897    0.0751387    0.1303293
  -4.3750000    0.0000163    0.0008017    0.0072796    0.0319118    0.0780169    0.1345257
  -4.3625000    0.0000173    0.0008431    0.0076225    0.0332640    0.0809318    0.1387124
  -4.3500000    0.0000183    0.0008862    0.0079760    0.0346464    0.0838819    0.1428841
  -4.3375000    0.0000193    0.0009309    0.0083403    0.0360590    0.0868653    0.1470356
  -4.3250000    0.0000204    0.0009774    0.0087155    0.0375019    0.0898805    0.1511615
  -4.3125000    0.0000216    0.0010255    0.0091020    0.0389750    0.0929257    0.1552566
  -4.3000000    0.0000228    0.0010755    0.0095000    0.0404784    0.0959990    0.1593156
  -4.2875000    0.0000240    0.0011273    0.0099096    0.0420121    0.0990987    0.1633331
  -4.2750000    0.0000253    0.0011811    0.0103311    0.0435759    0.1022229    0.1673038
  -4.2625000    0.0000267    0.0012368    0.0107647    0.0451699    0.1053695    0.1712225
  -4.2500000    0.0000281    0.0012946    0.0112107    0.0467940    0.1085366    0.1750837
  -4.2375000    0.0000297    0.0013545    0.0116693    0.0484481    0.1117222    0.1788823
  -4.2250000    0.0000312    0.0014166    0.0121407    0.0501321    0.1149242    0.1826130
  -4.2125000    0.0000329    0.0014809    0.0126251    0.0518459    0.1181404    0.1862706
  -4.2000000    0.0000346    0.0015475    0.0131229    0.0535894    0.1213687    0.1898499
  -4.1875000    0.0000364    0.0016166    0.0136343    0.0553623    0.1246068    0.1933459
  -4.1750000    0.0000383    0.0016880    0.0141594    0.0571646    0.1278524    0.1967534
  -4.1625000    0.0000403    0.0017621    0.0146986    0.0589959    0.1311034    0.2000675
  -4.1500000    0.0000423    0.0018387    0.0152521    0.0608562    0.1343572    0.2032834
  -4.1375000    0.0000445    0.0019180    0.0158201    0.0627451    0.1376116    0.2063961
  -4.1250000    0.0000467    0.0020001    0.0164029    0.0646625    0.1408641    0.2094009
  -4.1125000    0.0000491    0.0020851    0.0170008    0.0666079    0.1441122    0.2122934
  -4.1000000    0.0000516    0.0021730    0.0176140    0.0685812    0.1473534    0.2150688
  -4.0875000    0.0000541    0.0022639    0.0182428    0.0705819    0.1505853    0.2177228
  -4.0750000    0.0000568    0.0023580    0.0188874    0.0726097    0.1538052    0.2202512
  -4.0625000    0.0000596    0.0024552    0.0195481    0.0746643    0.1570105    0.2226498
  -4.0500000    0.0000626    0.0025558    0.0202251    0.0767452    0.1601986    0.2249146
  -4.0375000    0.0000656    0.0026599    0.0209188    0.0788520    0.1633668    0.2270417
  -4.0250000    0.0000688    0.0027674    0.0216293    0.0809843    0.1665126    0.2290275
  -4.0125000    0.0000722    0.0028785    0.0223569    0.0831415    0.1696331    0.2308685
  -4.0000000    0.0000757    0.0029934    0.0231019    0.0853232    0.1727257    0.2325611
  -3.9875000    0.0000793    0.0031121    0.0238646    0.0875287    0.1757876    0.2341024
  -3.9750000    0.0000832    0.0032347    0.0246451    0.0897576    0.1788161    0.2354892
  -3.9625000    0.0000871    0.0033614    0.0254439    0.0920092    0.1818084    0.2367188
  -3.9500000    0.0000913    0.0034923    0.0262610    0.0942830    0.1847618    0.2377885
  -3.9375000    0.0000956    0.0036275    0.0270968    0.0965782    0.1876734    0.2386960
  -3.9250000    0.0001002    0.0037670    0.0279515    0.0988941    0.1905404    0.2394391
  -3.9125000    0.0001049    0.0039112    0.0288254    0.1012301    0.1933601    0.2400158
  -3.9000000    0.0001098    0.0040599    0.0297187    0.1035855    0.1961297    0.2404243
  -3.8875000    0.0001150    0.0042135    0.0306317    0.1059594    0.1988465    0.2406632
  -3.8750000    0.0001203    0.0043720    0.0315646    0.1083510    0.2015075    0.2407312
  -3.8625000    0.0001259    0.0045356    0.0325176    0.1107595    0.2041100    0.2406272
  -3.8500000    0.0001318    0.0047043    0.0334910    0.1131840    0.2066514    0.2403504
  -3.8375000    0.0001379    0.0048784    0.0344851    0.1156236    0.2091288    0.2399003
  -3.8250000    0.0001442    0.0050580    0.0355000    0.1180775    0.2115396    0.2392766
  -3.8125000    0.0001509    0.0052432    0.0365360    0.1205446    0.2138810    0.2384794
  -3.8000000    0.0001578    0.0054343    0.0375933    0.1230239    0.2161503    0.2375087
  -3.7875000    0.0001650    0.0056312    0.0386721    0.1255144    0.2183450    0.2363652
  -3.7750000    0.0001725    0.0058343    0.0397726    0.1280151    0.2204624    0.2350495
  -3.7625000    0.0001803    0.0060436    0.0408951    0.1305249    0.2224999    0.2335628
  -3.7500000    0.0001885    0.0062594    0.0420397    0.1330426    0.2244551    0.2319063
  -3.7375000    0.0001970    0.0064817    0.0432066    0.1355671    0.2263254    0.2300816
  -3.7250000    0.0002059    0.0067108    0.0443960    0.1380972    0.2281084    0.2280905
  -3.7125000    0.0002151    0.0069469    0.0456082    0.1406318    0.2298017    0.2259353
  -3.7000000    0.0002248    0.0071900    0.0468432    0.1431694    0.2314029    0.2236183
  -3.6875000    0.0002348    0.0074405    0.0481012    0.1457090    0.2329099    0.2211421
  -3.6750000    0.0002453    0.0076984    0.0493824    0.1482491    0.2343203    0.2185098
  -3.6625000    0.0002562    0.0079640    0.0506870    0.1507885    0.2356322    0.2157245
  -3.6500000    0.0002675    0.0082374    0.0520150    0.1533257    0.2368433    0.2127898
  -3.6375000    0.0002793    0.0085189    0.0533666    0.1558594    0.2379516    0.2097093
  -3.6250000    0.0002916    0.0088086    0.0547419    0.1583881    0.2389554    0.2064872
  -3.6125000    0.0003044    0.0091068    0.0561411    0.1609105    0.2398527    0.2031276
  -3.6000000    0.0003178    0.0094136    0.0575641    0.1634250    0.2406417    0.1996352
  -3.5875000    0.0003317    0.0097293    0.0590112    0.1659301    0.2413209    0.1960147
  -3.5750000    0.0003461    0.0100540    0.0604824    0.1684243    0.2418886    0.1922712
  -3.5625000    0.0003612    0.0103881    0.0619777    0.1709060    0.2423433    0.1884099
  -3.5500000    0.0003768    0.0107316    0.0634972    0.1733736    0.2426838    0.1844364
  -3.5375000    0.0003931    0.0110848    0.0650409    0.1758256    0.2429087    0.1803564
  -3.5250000    0.0004101    0.0114480    0.0666089    0.1782604    0.2430168    0.1761758
  -3.5125000    0.0004277    0.0118213    0.0682011    0.1806761    0.2430072    0.1719008
  -3.5000000    0.0004461    0.0122050    0.0698176    0.1830713    0.2428788    0.1675379
  -3.4875000    0.0004652    0.0125994    0.0714584    0.1854442    0.2426308    0.1630935
  -3.4750000    0.0004850    0.0130046    0.0731233    0.1877931    0.2422626    0.1585745
  -3.4625000    0.0005057    0.0134209    0.0748124    0.1901162    0.2417736    0.1539878
  -3.4500000    0.0005272    0.0138486    0.0765256    0.1924119    0.2411633    0.1493405
  -3.4375000    0.0005495    0.0142878    0.0782627    0.1946783    0.2404313    0.1446398
  -3.4250000    0.0005728    0.0147389    0.0800238    0.1969137    0.2395776    0.1398932
  -3.4125000    0.0005969    0.0152021    0.0818086    0.1991163    0.2386019    0.1351082
  -3.4000000    0.0006220    0.0156776    0.0836171    0.2012844    0.2375045    0.1302925
  -3.3875000    0.0006481    0.0161658    0.0854490    0.2034160    0.2362855    0.1254538
  -3.3750000    0.0006752    0.0166668    0.0873042    0.2055094    0.2349453    0.1206001
  -3.3625000    0.0007034    0.0171809    0.0891825    0.2075629    0.2334843    0.1157392
  -3.3500000    0.0007327    0.0177084    0.0910838    0.2095744    0.2319033    0.1108792
  -3.3375000    0.0007631    0.0182495    0.0930076    0.2115423    0.2302030    0.1060281
  -3.3250000    0.0007947    0.0188046    0.0949539    0.2134647    0.2283843    0.1011942
  -3.3125000    0.0008275    0.0193739    0.0969222    0.2153398    0.2264484    0.0963855
  -3.3000000    0.0008616    0.0199576    0.0989124    0.2171657    0.2243965    0.0916101
  -3.2875000    0.0008970    0.0205561    0.1009241    0.2189406    0.2222299    0.0868763
  -3.2750000    0.0009338    0.0211697    0.1029568    0.2206628    0.2199502    0.0821922
  -3.2625000    0.0009720    0.0217985    0.1050104    0.2223303    0.2175591    0.0775658
  -3.2500000    0.0010116    0.0224429    0.1070843    0.2239415    0.2150585    0.0730053
  -3.2375000    0.0010528    0.0231032    0.1091782    0.2254945    0.2124504    0.0685185
  -3.2250000    0.0010955    0.0237796    0.1112915    0.2269875    0.2097368    0.0641135
  -3.2125000    0.0011399    0.0244725    0.1134239    0.2284189    0.2069201    0.0597980
  -3.2000000    0.0011859    0.0251821    0.1155749    0.2297869    0.2040028    0.0555797
  -3.1875000    0.0012336    0.0259087    0.1177439    0.2310897    0.2009875    0.0514661
  -3.1750000    0.0012832    0.0266526    0.1199303    0.2323257    0.1978769    0.0474648
  -3.1625000    0.0013346    0.0274141    0.1221337    0.2334932    0.1946739    0.0435829
  -3.1500000    0.0013879    0.0281935    0.1243534    0.2345906    0.1913816    0.0398275
  -3.1375000    0.0014433    0.0289910    0.1265887    0.2356162    0.1880032    0.0362056
  -3.1250000    0.0015006    0.0298070    0.1288391    0.2365686    0.1845420    0.0327237
  -3.1125000    0.0015601    0.0306418    0.1311039    0.2374462    0.1810015    0.0293885
  -3.1000000    0.0016218    0.0314956    0.1333823    0.2382474    0.1773853    0.0262060
  -3.0875000    0.0016858    0.0323687    0.1356736    0.2389709    0.1736972    0.0231822
  -3.0750000    0.0017521    0.0332614    0.1379770    0.2396151    0.1699410    0.0203229
  -3.0625000    0.0018208    0.0341740    0.1402918    0.2401788    0.1661208    0.0176335
  -3.0500000    0.0018921    0.0351068    0.1426172    0.2406606    0.1622407    0.0151190
  -3.0375000    0.0019659    0.0360601    0.1449522    0.2410593    0.1583050    0.0127844
  -3.0250000    0.0020425    0.0370341    0.1472960    0.2413735    0.1543180    0.0106340
  -3.0125000    0.0021217    0.0380292    0.1496478    0.2416023    0.1502842    0.0086721
  -3.0000000    0.0022039    0.0390455    0.1520065    0.2417444    0.1462082    0.0069025
  -2.9875000    0.0022890    0.0400834    0.1543712    0.2417988    0.1420947    0.0053286
  -2.9750000    0.0023771    0.0411432    0.1567410    0.2417645    0.1379485    0.0039535
  -2.9625000    0.0024684    0.0422251    0.1591147    0.2416406    0.1337745    0.0027800
  -2.9500000    0.0025629    0.0433293    0.1614914    0.2414263    0.1295776    0.0018103
  -2.9375000    0.0026608    0.0444562    0.1638700    0.2411207    0.1253629    0.0010464
  -2.9250000    0.0027621    0.0456059    0.1662493    0.2407232    0.1211355    0.0004899
  -2.9125000    0.0028671    0.0467788    0.1686283    0.2402331    0.1169006    0.0001418
  -2.9000000    0.0029756    0.0479751    0.1710057    0.2396499    0.1126634    0.0000028
  -2.8875000    0.0030880    0.0491950    0.1733804    0.2389731    0.1084293    0.0000733
  -2.8750000    0.0032044    0.0504388    0.1757512    0.2382023    0.1042036    0.0003530
  -2.8625000    0.0033247    0.0517066    0.1781168    0.2373371    0.0999916    0.0008415
  -2.8500000    0.0034493    0.0529987    0.1804760    0.2363774    0.0957987    0.0015377
  -2.8375000    0.0035781    0.0543154    0.1828274    0.2353230    0.0916305    0.0024401
  -2.8250000    0.0037113    0.0556568    0.1851697    0.2341738    0.0874924    0.0035470
  -2.8125000    0.0038492    0.0570231    0.1875017    0.2329299    0.0833897    0.0048559
  -2.8000000    0.0039917    0.0584144    0.1898219    0.2315914    0.0793280    0.0063641
  -2.7875000    0.0041391    0.0598311    0.1921289    0.2301586    0.0753128    0.0080684
  -2.7750000    0.0042915    0.0612733    0.1944213    0.2286318    0.0713493    0.0099653
  -2.7625000    0.0044491    0.0627410    0.1966977    0.2270113    0.0674431    0.0120507
  -2.7500000    0.0046119    0.0642346    0.1989566    0.2252977    0.0635995    0.0143200
  -2.7375000    0.0047802    0.0657540    0.2011965    0.2234917    0.0598238    0.0167685
  -2.7250000    0.0049542    0.0672995    0.2034159    0.2215939    0.0561213    0.0193909
  -2.7125000    0.0051339    0.0688712    0.2056133    0.2196052    0.0524972    0.0221814
  -2.7000000    0.0053197    0.0704691    0.2077872    0.2175265    0.0489565    0.0251339
  -2.6875000    0.0055115    0.0720934    0.2099360    0.2153589    0.0455044    0.0282421
  -2.6750000    0.0057097    0.0737441    0.2120581    0.2131034    0.0421458    0.0314990
  -2.6625000    0.0059144    0.0754214    0.2141519    0.2107614    0.0388856    0.0348975
  -2.6500000    0.0061258    0.0771252    0.2162158    0.2083342    0.0357285    0.0384300
  -2.6375000    0.0063441    0.0788556    0.2182483    0.2058232    0.0326791    0.0420886
  -2.6250000    0.0065695    0.0806127    0.2202476    0.2032301    0.0297419    0.0458652
  -2.6125000    0.0068021    0.0823964    0.2222121    0.2005565    0.0269214    0.0497512
  -2.6000000    0.0070423    0.0842068    0.2241403    0.1978041    0.0242216    0.0537379
  -2.5875000    0.0072901    0.0860437    0.2260303    0.1949750    0.0216468    0.0578161
  -2.5750000    0.0075459    0.0879073    0.2278806    0.1920711    0.0192007    0.0619766
  -2.5625000    0.0078098    0.0897973    0.2296895    0.1890945    0.0168872    0.0662098
  -2.5500000    0.0080821    0.0917138    0.2314553    0.1860474    0.0147098    0.0705060
  -2.5375000    0.0083630    0.0936567    0.2331763    0.1829322    0.0126718    0.0748553
  -2.5250000    0.0086527    0.0956258    0.2348509    0.1797513    0.0107764    0.0792475
  -2.5125000    0.0089515    0.0976209    0.2364773    0.1765072    0.0090266    0.0836723
  -2.5000000    0.0092597    0.0996421    0.2380540    0.1732025    0.0074252    0.0881194
  -2.4875000    0.0095774    0.1016889    0.2395792    0.1698400    0.0059747    0.0925782
  -2.4750000    0.0099049    0.1037614    0.2410512    0.1664226    0.0046774    0.0970383
  -2.4625000    0.0102425    0.1058593    0.2424685    0.1629530    0.0035353    0.1014889
  -2.4500000    0.0105905    0.1079822    0.2438293    0.1594345    0.0025504    0.1059195
  -2.4375000    0.0109491    0.1101300    0.2451321    0.1558701    0.0017242    0.1103193
  -2.4250000    0.0113186    0.1123024    0.2463752    0.1522629    0.0010581    0.1146777
  -2.4125000    0.0116993    0.1144991    0.2475570    0.1486164    0.0005532    0.1189841
  -2.4000000    0.0120914    0.1167196    0.2486760    0.1449338    0.0002103    0.1232280
  -2.3875000    0.0124954    0.1189638    0.2497305    0.1412187    0.0000300    0.1273990
  -2.3750000    0.0129114    0.1212311    0.2507190    0.1374746    0.0000126    0.1314867
  -2.3625000    0.0133397    0.1235213    0.2516400    0.1337052    0.0001581    0.1354810
  -2.3500000    0.0137808    0.1258337    0.2524921    0.1299140    0.0004662    0.1393718
  -2.3375000    0.0142349    0.1281681    0.2532736    0.1261049    0.0009365    0.1431495
  -2.3250000    0.0147023    0.1305238    0.2539833    0.1222817    0.0015682    0.1468045
  -2.3125000    0.0151833    0.1329004    0.2546197    0.1184483    0.0023600    0.1503273
  -2.3000000    0.0156783    0.1352974    0.2551814    0.1146086    0.0033108    0.1537091
  -2.2875000    0.0161876    0.1377141    0.2556671    0.1107666    0.0044188    0.1569410
  -2.2750000    0.0167116    0.1401499    0.2560755    0.1069264    0.0056820    0.1600147
  -2.2625000    0.0172506    0.1426043    0.2564054    0.1030921    0.0070983    0.1629220
  -2.2500000    0.0178050    0.1450766    0.2566556    0.0992677    0.0086652    0.1656553
  -2.2375000    0.0183751    0.1475660    0.2568249    0.0954575    0.0103798    0.1682072
  -2.2250000    0.0189613    0.1500719    0.2569121    0.0916656    0.0122390    0.1705709
  -2.2125000    0.0195639    0.1525935    0.2569163    0.0878963    0.0142396    0.1727398
  -2.2000000    0.0201834    0.1551300    0.2568364    0.0841536    0.0163779    0.1747081
  -2.1875000    0.0208201    0.1576806    0.2566715    0.0804420    0.0186500    0.1764700
  -2.1750000    0.0214744    0.1602445    0.2564206    0.0767656    0.0210518    0.1780207
  -2.1625000    0.0221468    0.1628208    0.2560830    0.0731287    0.0235788    0.1793554
  -2.1500000    0.0228375    0.1654086    0.2556579    0.0695355    0.0262263    0.1804703
  -2.1375000    0.0235470    0.1680070    0.2551446    0.0659902    0.0289894    0.1813618
  -2.1250000    0.0242757    0.1706149    0.2545423    0.0624971    0.0318630    0.1820269
  -2.1125000    0.0250241    0.1732314    0.2538507    0.0590603    0.0348416    0.1824633
  -2.1000000    0.0257925    0.1758555    0.2530691    0.0556840    0.0379196    0.1826692
  -2.0875000    0.0265814    0.1784861    0.2521972    0.0523722    0.0410912    0.1826433
  -2.0750000    0.0273911    0.1811220    0.2512345    0.0491291    0.0443502    0.1823850
  -2.0625000    0.0282222    0.1837623    0.2501808    0.0459587    0.0476905    0.1818942
  -2.0500000    0.0290751    0.1864056    0.2490360    0.0428648    0.0511055    0.1811715
  -2.0375000    0.0299502    0.1890509    0.2477998    0.0398515    0.0545886    0.1802180
  -2.0250000    0.0308479    0.1916969    0.2464724    0.0369226    0.0581330    0.1790355
  -2.0125000    0.0317687    0.1943423    0.2450536    0.0340817    0.0617318    0.1776263
  -2.0000000    0.0327130    0.1969859    0.2435437    0.0313327    0.0653778    0.1759934
  -1.9875000    0.0336814    0.1996263    0.2419430    0.0286789    0.0690638    0.1741403
  -1.9750000    0.0346742    0.2022622    0.2402516    0.0261240    0.0727825    0.1720711
  -1.9625000    0.0356920    0.2048923    0.2384700    0.0236712    0.0765263    0.1697906
  -1.9500000    0.0367352    0.2075151    0.2365988    0.0213239    0.0802877    0.1673042
  -1.9375000    0.0378042    0.2101292    0.2346385    0.0190852    0.0840590    0.1646176
  -1.9250000    0.0388996    0.2127331    0.2325898    0.0169581    0.0878326    0.1617373
  -1.9125000    0.0400218    0.2153254    0.2304535    0.0149455    0.0916007    0.1586702
  -1.9000000    0.0411713    0.2179045    0.2282305    0.0130502    0.0953556    0.1554240
  -1.8875000    0.0423485    0.2204688    0.2259218    0.0112748    0.0990893    0.1520066
  -1.8750000    0.0435540    0.2230169    0.2235285    0.0096217    0.1027941    0.1484265
  -1.8625000    0.0447883    0.2255471    0.2210516    0.0080933    0.1064623    0.1446927
  -1.8500000    0.0460517    0.2280578    0.2184926    0.0066917    0.1100860    0.1408146
  -1.8375000    0.0473449    0.2305474    0.2158529    0.0054190    0.1136576    0.1368022
  -1.8250000    0.0486683    0.2330141    0.2131338    0.0042769    0.1171693    0.1326657
  -1.8125000    0.0500223    0.2354564    0.2103370    0.0032670    0.1206137    0.1284158
  -1.8000000    0.0514075    0.2378724    0.2074642    0.0023909    0.1239832    0.1240634
  -1.7875000    0.0528243    0.2402605    0.2045172    0.0016498    0.1272705    0.1196200
  -1.7750000    0.0542732    0.2426189    0.2014978    0.0010448    0.1304683    0.1150972
  -1.7625000    0.0557548    0.2449459    0.1984081    0.0005769    0.1335696    0.1105070
  -1.7500000    0.0572694    0.2472396    0.1952502    0.0002466    0.1365674    0.1058614
  -1.7375000    0.0588176    0.2494983    0.1920262    0.0000545    0.1394550    0.1011728
  -1.7250000    0.0603998    0.2517201    0.1887386    0.0000009    0.1422258    0.0964539
  -1.7125000    0.0620165    0.2539033    0.1853895    0.0000858    0.1448735    0.0917171
  -1.7000000    0.0636682    0.2560460    0.1819817    0.0003092    0.1473920    0.0869755
  -1.6875000    0.0653554    0.2581464    0.1785175    0.0006707    0.1497754    0.0822417
  -1.6750000    0.0670784    0.2602026    0.1749999    0.0011697    0.1520181    0.0775287
  -1.6625000    0.0688378    0.2622127    0.1714314    0.0018055    0.1541147    0.0728494
  -1.6500000    0.0706340    0.2641749    0.1678150    0.0025770    0.1560601    0.0682166
  -1.6375000    0.0724674    0.2660874    0.1641537    0.0034831    0.1578497    0.0636430
  -1.6250000    0.0743386    0.2679482    0.1604504    0.0045222    0.1594790    0.0591413
  -1.6125000    0.0762478    0.2697554    0.1567084    0.0056929    0.1609437    0.0547241
  -1.6000000    0.0781955    0.2715074    0.1529308    0.0069930    0.1622403    0.0504037
  -1.5875000    0.0801823    0.2732020    0.1491210    0.0084207    0.1633651    0.0461920
  -1.5750000    0.0822083    0.2748376    0.1452824    0.0099734    0.1643151    0.0421010
  -1.5625000    0.0842741    0.2764123    0.1414182    0.0116488    0.1650876    0.0381423
  -1.5500000    0.0863801    0.2779242    0.1375322    0.0134441    0.1656803    0.0343269
  -1.5375000    0.0885265    0.2793716    0.1336279    0.0153562    0.1660912    0.0306658
  -1.5250000    0.0907138    0.2807525    0.1297090    0.0173820    0.1663188    0.0271693
  -1.5125000    0.0929423    0.2820652    0.1257791    0.0195181    0.1663618    0.0238475
  -1.5000000    0.0952124    0.2833080    0.1218421    0.0217609    0.1662196    0.0207100
  -1.4875000    0.0975244    0.2844791    0.1179017    0.0241066    0.1658919    0.0177657
  -1.4750000    0.0998785    0.2855767    0.1139619    0.0265511    0.1653787    0.0150231
  -1.4625000    0.1022752    0.2865992    0.1100266    0.0290904    0.1646805    0.0124903
  -1.4500000    0.1047146    0.2875449    0.1060997    0.0317200    0.1637982    0.0101746
  -1.4375000    0.1071970    0.2884122    0.1021853    0.0344354    0.1627332    0.0080828
  -1.4250000    0.1097227    0.2891994    0.0982874    0.0372318    0.1614874    0.0062209
  -1.4125000    0.1122919    0.2899049    0.0944101    0.0401043    0.1600628    0.0045946
  -1.4000000    0.1149048    0.2905273    0.0905574    0.0430478    0.1584621    0.0032084
  -1.3875000    0.1175616    0.2910650    0.0867334    0.0460572    0.1566884    0.0020667
  -1.3750000    0.1202625    0.2915166    0.0829423    0.0491269    0.1547452    0.0011727
  -1.3625000    0.1230075    0.2918806    0.0791882    0.0522516    0.1526362    0.0005291
  -1.3500000    0.1257969    0.2921558    0.0754751    0.0554255    0.1503659    0.0001379
  -1.3375000    0.1286308    0.2923407    0.0718073    0.0586429    0.1479388    0.0000002
  -1.3250000    0.1315092    0.2924342    0.0681888    0.0618979    0.1453601    0.0001165
  -1.3125000    0.1344321    0.2924350    0.0646237    0.0651845    0.1426352    0.0004863
  -1.3000000    0.1373997    0.2923420    0.0611161    0.0684966    0.1397700    0.0011086
  -1.2875000    0.1404118    0.2921542    0.0576699    0.0718281    0.1367707    0.0019814
  -1.2750000    0.1434685    0.2918704    0.0542893    0.0751727    0.1336437    0.0031022
  -1.2625000    0.1465698    0.2914898    0.0509781    0.0785240    0.1303961    0.0044674
  -1.2500000    0.1497155    0.2910115    0.0477403    0.0818758    0.1270350    0.0060730
  -1.2375000    0.1529055    0.2904346    0.0445798    0.0852217    0.1235679    0.0079138
  -1.2250000    0.1561397    0.2897584    0.0415003    0.0885551    0.1200026    0.0099844
  -1.2125000    0.1594180    0.2889822    0.0385056    0.0918698    0.1163473    0.0122782
  -1.2000000    0.1627400    0.2881055    0.0355993    0.0951591    0.1126103    0.0147881
  -1.1875000    0.1661056    0.2871277    0.0327851    0.0984167    0.1088001    0.0175064
  -1.1750000    0.1695145    0.2860485    0.0300664    0.1016362    0.1049257    0.0204244
  -1.1625000    0.1729664    0.2848675    0.0274466    0.1048112    0.1009959    0.0235331
  -1.1500000    0.1764609    0.2835843    0.0249291    0.1079353    0.0970201    0.0268227
  -1.1375000    0.1799977    0.2821990    0.0225170    0.1110023    0.0930075    0.0302827
  -1.1250000    0.1835763    0.2807114    0.0202135    0.1140060    0.0889676    0.0339022
  -1.1125000    0.1871963    0.2791215    0.0180215    0.1169401    0.0849101    0.0376698
  -1.1000000    0.1908571    0.2774294    0.0159439    0.1197987    0.0808446    0.0415733
  -1.0875000    0.1945583    0.2756354    0.0139834    0.1225759    0.0767809    0.0456004
  -1.0750000    0.1982993    0.2737398    0.0121427    0.1252659    0.0727288    0.0497380
  -1.0625000    0.2020794    0.2717430    0.0104241    0.1278630    0.0686982    0.0539730
  -1.0500000    0.2058980    0.2696455    0.0088300    0.1303617    0.0646988    0.0582915
  -1.0375000    0.2097544    0.2674479    0.0073625    0.1327567    0.0607404    0.0626797
  -1.0250000    0.2136478    0.2651510    0.0060237    0.1350427    0.0568328    0.0671231
  -1.0125000    0.2175774    0.2627556    0.0048154    0.1372148    0.0529856    0.0716074
  -1.0000000    0.2215423    0.2602627    0.0037392    0.1392682    0.0492083    0.0761179
  -0.9875000    0.2255418    0.2576733    0.0027966    0.1411982    0.0455104    0.0806397
  -0.9750000    0.2295748    0.2549885    0.0019890    0.1430006    0.0419012    0.0851579
  -0.9625000    0.2336404    0.2522097    0.0013176    0.1446712    0.0383896    0.0896576
  -0.9500000    0.2377375    0.2493383    0.0007831    0.1462060    0.0349845    0.0941239
  -0.9375000    0.2418651    0.2463756    0.0003866    0.1476015    0.0316946    0.0985418
  -0.9250000    0.2460220    0.2433235    0.0001284    0.1488543    0.0285282    0.1028966
  -0.9125000    0.2502071    0.2401835    0.0000090    0.1499612    0.0254934    0.1071736
  -0.9000000    0.2544190    0.2369576    0.0000285    0.1509195    0.0225979    0.1113585
  -0.8875000    0.2586567    0.2336476    0.0001870    0.1517266    0.0198493    0.1154370
  -0.8750000    0.2629186    0.2302558    0.0004841    0.1523802    0.0172547    0.1193953
  -0.8625000    0.2672034    0.2267841    0.0009195    0.1528785    0.0148207    0.1232199
  -0.8500000    0.2715097    0.2232350    0.0014925    0.1532198    0.0125537    0.1268977
  -0.8375000    0.2758360    0.2196108    0.0022022    0.1534027    0.0104596    0.1304159
  -0.8250000    0.2801807    0.2159142    0.0030476    0.1534264    0.0085440    0.1337624
  -0.8125000    0.2845423    0.2121476    0.0040273    0.1532902    0.0068118    0.1369256
  -0.8000000    0.2889191    0.2083139    0.0051398    0.1529937    0.0052676    0.1398943
  -0.7875000    0.2933094    0.2044158    0.0063835    0.1525371    0.0039156    0.1426580
  -0.7750000    0.2977114    0.2004564    0.0077563    0.1519206    0.0027593    0.1452070
  -0.7625000    0.3021234    0.1964388    0.0092562    0.1511449    0.0018019    0.1475321
  -0.7500000    0.3065435    0.1923660    0.0108807    0.1502112    0.0010458    0.1496249
  -0.7375000    0.3109697    0.1882414    0.0126273    0.1491207    0.0004932    0.1514777
  -0.7250000    0.3154001    0.1840683    0.0144932    0.1478753    0.0001455    0.1530837
  -0.7125000    0.3198327    0.1798503    0.0164754    0.1464771    0.0000036    0.1544369
  -0.7000000    0.3242654    0.1755907    0.0185706    0.1449285    0.0000680    0.1555321
  -0.6875000    0.3286961    0.1712934    0.0207755    0.1432322    0.0003385    0.1563648
  -0.6750000    0.3331226    0.1669620    0.0230865    0.1413913    0.0008143    0.1569318
  -0.6625000    0.3375427    0.1626004    0.0254996    0.1394094    0.0014942    0.1572303
  -0.6500000    0.3419540    0.1582125    0.0280111    0.1372902    0.0023762    0.1572588
  -0.6375000    0.3463544    0.1538023    0.0306166    0.1350377    0.0034579    0.1570165
  -0.6250000    0.3507413    0.1493738    0.0333117    0.1326565    0.0047362    0.1565038
  -0.6125000    0.3551125    0.1449311    0.0360920    0.1301512    0.0062078    0.1557216
  -0.6000000    0.3594653    0.1404786    0.0389526    0.1275269    0.0078683    0.1546722
  -0.5875000    0.3637973    0.1360203    0.0418888    0.1247889    0.0097131    0.1533586
  -0.5750000    0.3681060    0.1315608    0.0448954    0.1219428    0.0117371    0.1517847
  -0.5625000    0.3723886    0.1271042    0.0479673    0.1189945    0.0139346    0.1499555
  -0.5500000    0.3766426    0.1226551    0.0510991    0.1159501    0.0162991    0.1478767
  -0.5375000    0.3808653    0.1182180    0.0542853    0.1128161    0.0188242    0.1455550
  -0.5250000    0.3850540    0.1137973    0.0575203    0.1095991    0.0215024    0.1429981
  -0.5125000    0.3892058    0.1093976    0.0607984    0.1063059    0.0243262    0.1402143
  -0.5000000    0.3933180    0.1050234    0.0641137    0.1029437    0.0272873    0.1372129
  -0.4875000    0.3973876    0.1006793    0.0674603    0.0995196    0.0303773    0.1340040
  -0.4750000    0.4014120    0.0963700    0.0708321    0.0960412    0.0335872    0.1305984
  -0.4625000    0.4053880    0.0921001    0.0742231    0.0925161    0.0369076    0.1270076
  -0.4500000    0.4093128    0.0878741    0.0776269    0.0889519    0.0403289    0.1232440
  -0.4375000    0.4131834    0.0836968    0.0810374    0.0853567    0.0438410    0.1193205
  -0.4250000    0.4169969    0.0795727    0.0844483    0.0817385    0.0474335    0.1152507
  -0.4125000    0.4207501    0.0755064    0.0878531    0.0781052    0.0510959    0.1110485
  -0.4000000    0.4244400    0.0715025    0.0912455    0.0744652    0.0548174    0.1067287
  -0.3875000    0.4280637    0.0675656    0.0946192    0.0708267    0.0585868    0.1023064
  -0.3750000    0.4316179    0.0637001    0.0979676    0.0671979    0.0623929    0.0977971
  -0.3625000    0.4350997    0.0599105    0.1012845    0.0635872    0.0662243    0.0932168
  -0.3500000    0.4385058    0.0562013    0.1045634    0.0600029    0.0700695    0.0885815
  -0.3375000    0.4418333    0.0525768    0.1077979    0.0564531    0.0739169    0.0839078
  -0.3250000    0.4450789    0.0490414    0.1109818    0.0529463    0.0777548    0.0792123
  -0.3125000    0.4482395    0.0455992    0.1141089    0.0494905    0.0815715    0.0745118
  -0.3000000    0.4513120    0.0422545    0.1171728    0.0460939    0.0853554    0.0698232
  -0.2875000    0.4542934    0.0390113    0.1201676    0.0427644    0.0890949    0.0651633
  -0.2750000    0.4571803    0.0358736    0.1230871    0.0395100    0.0927784    0.0605490
  -0.2625000    0.4599699    0.0328452    0.1259256    0.0363383    0.0963946    0.0559970
  -0.2500000    0.4626588    0.0299301    0.1286771    0.0332569    0.0999323    0.0515238
  -0.2375000    0.4652442    0.0271317    0.1313361    0.0302732    0.1033803    0.0471456
  -0.2250000    0.4677228    0.0244538    0.1338970    0.0273944    0.1067279    0.0428786
  -0.2125000    0.4700917    0.0218997    0.1363544    0.0246275    0.1099646    0.0387382
  -0.2000000    0.4723479    0.0194727    0.1387032    0.0219791    0.1130801    0.0347398
  -0.1875000    0.4744883    0.0171760    0.1409384    0.0194557    0.1160644    0.0308981
  -0.1750000    0.4765100    0.0150125    0.1430550    0.0170635    0.1189081    0.0272273
  -0.1625000    0.4784101    0.0129852    0.1450486    0.0148083    0.1216020    0.0237409
  -0.1500000    0.4801858    0.0110967    0.1469146    0.0126958    0.1241372    0.0204520
  -0.1375000    0.4818341    0.0093496    0.1486489    0.0107312    0.1265057    0.0173727
  -0.1250000    0.4833523    0.0077461    0.1502475    0.0089193    0.1286995    0.0145147
  -0.1125000    0.4847377    0.0062886    0.1517067    0.0072646    0.1307114    0.0118885
  -0.1000000    0.4859877    0.0049790    0.1530231    0.0057714    0.1325347    0.0095041
  -0.0875000    0.4870995    0.0038190    0.1541934    0.0044434    0.1341632    0.0073704
  -0.0750000    0.4880707    0.0028103    0.1552148    0.0032839    0.1355913    0.0054955
  -0.0625000    0.4888987    0.0019544    0.1560847    0.0022958    0.1368140    0.0038865
  -0.0500000    0.4895813    0.0012523    0.1568006    0.0014818    0.1378269    0.0025495
  -0.0375000    0.4901160    0.0007052    0.1573606    0.0008438    0.1386264    0.0014896
  -0.0250000    0.4905006    0.0003138    0.1577628    0.0003835    0.1392093    0.0007108
  -0.0125000    0.4907331    0.0000786    0.1580060    0.0001022    0.1395734    0.0002161
   0.0000000    0.4908112    0.0000000    0.1580889    0.0000004    0.1397168    0.0000074
   0.0125000    0.4907331    0.0000781    0.1580108    0.0000785    0.1396387    0.0000856
   0.0250000    0.4905007    0.0003128    0.1577724    0.0003363    0.1393398    0.0004502
   0.0375000    0.4901160    0.0007038    0.1573749    0.0007731    0.1388216    0.0010999
   0.0500000    0.4895813    0.0012505    0.1568197    0.0013878    0.1380862    0.0020323
   0.0625000    0.4888988    0.0019520    0.1561084    0.0021788    0.1371366    0.0032437
   0.0750000    0.4880707    0.0028075    0.1552432    0.0031441    0.1359762    0.0047295
   0.0875000    0.4870995    0.0038158    0.1542264    0.0042813    0.1346092    0.0064842
   0.1000000    0.4859877    0.0049753    0.1530605    0.0055873    0.1330404    0.0085011
   0.1125000    0.4847378    0.0062845    0.1517486    0.0070591    0.1312752    0.0107725
   0.1250000    0.4833524    0.0077416    0.1502937    0.0086927    0.1293196    0.0132899
   0.1375000    0.4818342    0.0093446    0.1486994    0.0104842    0.1271802    0.0160438
   0.1500000    0.4801859    0.0110913    0.1469693    0.0124291    0.1248641    0.0190239
   0.1625000    0.4784103    0.0129794    0.1451073    0.0145226    0.1223788    0.0222192
   0.1750000    0.4765101    0.0150063    0.1431177    0.0167593    0.1197326    0.0256176
   0.1875000    0.4744884    0.0171693    0.1410049    0.0191339    0.1169341    0.0292065
   0.2000000    0.4723480    0.0194657    0.1387735    0.0216405    0.1139921    0.0329727
   0.2125000    0.4700919    0.0218923    0.1364282    0.0242730    0.1109163    0.0369022
   0.2250000    0.4677230    0.0244460    0.1339742    0.0270249    0.1077163    0.0409806
   0.2375000    0.4652443    0.0271236    0.1314165    0.0298895    0.1044023    0.0451927
   0.2500000    0.4626590    0.0299216    0.1287607    0.0328600    0.1009848    0.0495233
   0.2625000    0.4599700    0.0328364    0.1260121    0.0359292    0.0974744    0.0539565
   0.2750000    0.4571805    0.0358644    0.1231764    0.0390897    0.0938822    0.0584760
   0.2875000    0.4542935    0.0390018    0.1202595    0.0423340    0.0902193    0.0630656
   0.3000000    0.4513122    0.0422447    0.1172671    0.0456544    0.0864970    0.0677086
   0.3125000    0.4482397    0.0455892    0.1142055    0.0490431    0.0827269    0.0723881
   0.3250000    0.4450791    0.0490311    0.1110805    0.0524920    0.0789204    0.0770874
   0.3375000    0.4418335    0.0525662    0.1078985    0.0559930    0.0750892    0.0817896
   0.3500000    0.4385061    0.0561905    0.1046656    0.0595381    0.0712450    0.0864779
   0.3625000    0.4350999    0.0598994    0.1013883    0.0631190    0.0673994    0.0911355
   0.3750000    0.4316182    0.0636888    0.0980727    0.0667273    0.0635640    0.0957460
   0.3875000    0.4280639    0.0675540    0.0947254    0.0703549    0.0597504    0.1002930
   0.4000000    0.4244403    0.0714908    0.0913526    0.0739934    0.0559700    0.1047604
   0.4125000    0.4207503    0.0754945    0.0879609    0.0776344    0.0522341    0.1091325
   0.4250000    0.4169971    0.0795607    0.0845566    0.0812699    0.0485538    0.1133941
   0.4375000    0.4131837    0.0836846    0.0811461    0.0848915    0.0449400    0.1175303
   0.4500000    0.4093131    0.0878618    0.0777357    0.0884912    0.0414034    0.1215267
   0.4625000    0.4053883    0.0920877    0.0743317    0.0920609    0.0379544    0.1253696
   0.4750000    0.4014122    0.0963575    0.0709405    0.0955928    0.0346031    0.1290456
   0.4875000    0.3973879    0.1006667    0.0675682    0.0990790    0.0313593    0.1325423
   0.5000000    0.3933182    0.1050107    0.0642209    0.1025119    0.0282324    0.1358477
   0.5125000    0.3892061    0.1093848    0.0609047    0.1058840    0.0252315    0.1389507
   0.5250000    0.3850543    0.1137845    0.0576256    0.1091881    0.0223653    0.1418407
   0.5375000    0.3808656    0.1182052    0.0543893    0.1124170    0.0196420    0.1445083
   0.5500000    0.3766429    0.1226424    0.0512016    0.1155639    0.0170695    0.1469445
   0.5625000    0.3723889    0.1270915    0.0480682    0.1186220    0.0146550    0.1491413
   0.5750000    0.3681063    0.1315480    0.0449945    0.1215850    0.0124056    0.1510917
   0.5875000    0.3637976    0.1360076    0.0419859    0.1244466    0.0103276    0.1527894
   0.6000000    0.3594656    0.1404659    0.0390475    0.1272010    0.0084268    0.1542291
   0.6125000    0.3551128    0.1449186    0.0361845    0.1298425    0.0067086    0.1554064
   0.6250000    0.3507417    0.1493613    0.0334017    0.1323656    0.0051779    0.1563178
   0.6375000    0.3463547    0.1537899    0.0307039    0.1347655    0.0038390    0.1569608
   0.6500000    0.3419544    0.1582003    0.0280955    0.1370372    0.0026955    0.1573337
   0.6625000    0.3375430    0.1625883    0.0255811    0.1391764    0.0017506    0.1574358
   0.6750000    0.3331229    0.1669501    0.0231648    0.1411788    0.0010071    0.1572675
   0.6875000    0.3286964    0.1712816    0.0208505    0.1430406    0.0004668    0.1568300
   0.7000000    0.3242658    0.1755791    0.0186422    0.1447584    0.0001314    0.1561252
   0.7125000    0.3198331    0.1798388    0.0165434    0.1463290    0.0000017    0.1551563
   0.7250000    0.3154005    0.1840571    0.0145575    0.1477496    0.0000781    0.1539272
   0.7375000    0.3109700    0.1882304    0.0126878    0.1490177    0.0003604    0.1524427
   0.7500000    0.3065438    0.1923553    0.0109373    0.1501311    0.0008478    0.1507083
   0.7625000    0.3021238    0.1964283    0.0093088    0.1510881    0.0015390    0.1487305
   0.7750000    0.2977118    0.2004462    0.0078048    0.1518871    0.0024322    0.1465167
   0.7875000    0.2933098    0.2044058    0.0064277    0.1525272    0.0035248    0.1440748
   0.8000000    0.2889195    0.2083041    0.0051797    0.1530075    0.0048141    0.1414137
   0.8125000    0.2845427    0.2121382    0.0040628    0.1533277    0.0062966    0.1385427
   0.8250000    0.2801811    0.2159050    0.0030786    0.1534876    0.0079684    0.1354721
   0.8375000    0.2758364    0.2196020    0.0022288    0.1534876    0.0098250    0.1322126
   0.8500000    0.2715101    0.2232265    0.0015145    0.1533281    0.0118615    0.1287757
   0.8625000    0.2672038    0.2267760    0.0009368    0.1530103    0.0140726    0.1251732
   0.8750000    0.2629189    0.2302480    0.0004968    0.1525352    0.0164525    0.1214176
   0.8875000    0.2586570    0.2336402    0.0001949    0.1519045    0.0189951    0.1175218
   0.9000000    0.2544194    0.2369505    0.0000317    0.1511201    0.0216937    0.1134991
   0.9125000    0.2502075    0.2401768    0.0000073    0.1501841    0.0245413    0.1093632
   0.9250000    0.2460224    0.2433172    0.0001219    0.1490991    0.0275307    0.1051281
   0.9375000    0.2418655    0.2463697    0.0003753    0.1478679    0.0306541    0.1008081
   0.9500000    0.2377379    0.2493327    0.0007671    0.1464934    0.0339036    0.0964178
   0.9625000    0.2336408    0.2522046    0.0012967    0.1449791    0.0372710    0.0919718
   0.9750000    0.2295752    0.2549838    0.0019634    0.1433285    0.0407476    0.0874849
   0.9875000    0.2255422    0.2576690    0.0027662    0.1415455    0.0443247    0.0829721
   1.0000000    0.2215427    0.2602588    0.0037040    0.1396342    0.0479933    0.0784483
   1.0125000    0.2175778    0.2627522    0.0047754    0.1375990    0.0517443    0.0739284
   1.0250000    0.2136482    0.2651480    0.0059791    0.1354443    0.0555683    0.0694273
   1.0375000    0.2097548    0.2674453    0.0073133    0.1331750    0.0594559    0.0649598
   1.0500000    0.2058984    0.2696433    0.0087761    0.1307960    0.0633973    0.0605403
   1.0625000    0.2020798    0.2717413    0.0103657    0.1283124    0.0673829    0.0561833
   1.0750000    0.1982997    0.2737386    0.0120798    0.1257296    0.0714031    0.0519030
   1.0875000    0.1945588    0.2756347    0.0139161    0.1230531    0.0754479    0.0477131
   1.1000000    0.1908575    0.2774291    0.0158723    0.1202885    0.0795075    0.0436271
   1.1125000    0.1871967    0.2791217    0.0179456    0.1174416    0.0835722    0.0396582
   1.1250000    0.1835767    0.2807120    0.0201334    0.1145183    0.0876322    0.0358190
   1.1375000    0.1799981    0.2822001    0.0224328    0.1115246    0.0916778    0.0321219
   1.1500000    0.1764613    0.2835860    0.0248409    0.1084665    0.0956993    0.0285785
   1.1625000    0.1729668    0.2848696    0.0273546    0.1053504    0.0996873    0.0252000
   1.1750000    0.1695149    0.2860511    0.0299705    0.1021825    0.1036324    0.0219973
   1.1875000    0.1661060    0.2871308    0.0326856    0.0989690    0.1075253    0.0189802
   1.2000000    0.1627404    0.2881090    0.0354963    0.0957164    0.1113569    0.0161584
   1.2125000    0.1594184    0.2889862    0.0383991    0.0924311    0.1151184    0.0135406
   1.2250000    0.1561401    0.2897628    0.0413905    0.0891195    0.1188012    0.0111350
   1.2375000    0.1529059    0.2904395    0.0444668    0.0857881    0.1223967    0.0089491
   1.2500000    0.1497159    0.2910169    0.0476243    0.0824433    0.1258969    0.0069896
   1.2625000    0.1465702    0.2914957    0.0508591    0.0790915    0.1292939    0.0052626
   1.2750000    0.1434689    0.2918768    0.0541675    0.0757391    0.1325800    0.0037735
   1.2875000    0.1404122    0.2921611    0.0575454    0.0723926    0.1357479    0.0025267
   1.3000000    0.1374001    0.2923494    0.0609891    0.0690581    0.1387907    0.0015261
   1.3125000    0.1344325    0.2924428    0.0644943    0.0657420    0.1417016    0.0007748
   1.3250000    0.1315096    0.2924425    0.0680572    0.0624505    0.1444745    0.0002750
   1.3375000    0.1286312    0.2923494    0.0716737    0.0591895    0.1471032    0.0000283
   1.3500000    0.1257973    0.2921650    0.0753396    0.0559652    0.1495823    0.0000354
   1.3625000    0.1230079    0.2918903    0.0790508    0.0527835    0.1519065    0.0002962
   1.3750000    0.1202628    0.2915267    0.0828033    0.0496501    0.1540711    0.0008101
   1.3875000    0.1175620    0.2910756    0.0865930    0.0465707    0.1560715    0.0015754
   1.4000000    0.1149052    0.2905383    0.0904156    0.0435508    0.1579038    0.0025899
   1.4125000    0.1122923    0.2899164    0.0942672    0.0405958    0.1595645    0.0038505
   1.4250000    0.1097231    0.2892113    0.0981436    0.0377110    0.1610502    0.0053536
   1.4375000    0.1071974    0.2884245    0.1020406    0.0349015    0.1623582    0.0070947
   1.4500000    0.1047150    0.2875577    0.1059544    0.0321723    0.1634862    0.0090686
   1.4625000    0.1022756    0.2866124    0.1098807    0.0295280    0.1644323    0.0112696
   1.4750000    0.0998789    0.2855904    0.1138157    0.0269733    0.1651949    0.0136913
   1.4875000    0.0975248    0.2844931    0.1177553    0.0245125    0.1657731    0.0163266
   1.5000000    0.0952128    0.2833225    0.1216956    0.0221500    0.1661660    0.0191679
   1.5125000    0.0929427    0.2820801    0.1256327    0.0198897    0.1663735    0.0222069
   1.5250000    0.0907142    0.2807677    0.1295629    0.0177355    0.1663958    0.0254348
   1.5375000    0.0885269    0.2793872    0.1334823    0.0156909    0.1662335    0.0288425
   1.5500000    0.0863804    0.2779402    0.1373872    0.0137595    0.1658876    0.0324201
   1.5625000    0.0842745    0.2764287    0.1412740    0.0119445    0.1653595    0.0361575
   1.5750000    0.0822087    0.2748544    0.1451390    0.0102487    0.1646510    0.0400440
   1.5875000    0.0801826    0.2732192    0.1489787    0.0086751    0.1637642    0.0440686
   1.6000000    0.0781959    0.2715249    0.1527897    0.0072262    0.1627019    0.0482200
   1.6125000    0.0762482    0.2697733    0.1565686    0.0059044    0.1614669    0.0524866
   1.6250000    0.0743389    0.2679663    0.1603122    0.0047118    0.1600626    0.0568562
   1.6375000    0.0724678    0.2661059    0.1640170    0.0036503    0.1584926    0.0613169
   1.6500000    0.0706344    0.2641938    0.1676802    0.0027216    0.1567608    0.0658561
   1.6625000    0.0688382    0.2622319    0.1712985    0.0019272    0.1548717    0.0704613
   1.6750000    0.0670788    0.2602221    0.1748690    0.0012683    0.1528299    0.0751198
   1.6875000    0.0653558    0.2581662    0.1783889    0.0007460    0.1506403    0.0798189
   1.7000000    0.0636686    0.2560662    0.1818554    0.0003611    0.1483082    0.0845456
   1.7125000    0.0620169    0.2539238    0.1852657    0.0001142    0.1458391    0.0892871
   1.7250000    0.0604002    0.2517409    0.1886173    0.0000056    0.1432387    0.0940305
   1.7375000    0.0588180    0.2495193    0.1919077    0.0000355    0.1405132    0.0987630
   1.7500000    0.0572698    0.2472609    0.1951345    0.0002040    0.1376686    0.1034720
   1.7625000    0.0557551    0.2449674    0.1982954    0.0005106    0.1347115    0.1081447
   1.7750000    0.0542736    0.2426407    0.2013881    0.0009550    0.1316486    0.1127687
   1.7875000    0.0528247    0.2402825    0.2044107    0.0015365    0.1284867    0.1173319
   1.8000000    0.0514078    0.2378947    0.2073610    0.0022543    0.1252329    0.1218221
   1.8125000    0.0500226    0.2354789    0.2102372    0.0031073    0.1218942    0.1262275
   1.8250000    0.0486686    0.2330369    0.2130374    0.0040942    0.1184781    0.1305367
   1.8375000    0.0473453    0.2305704    0.2157601    0.0052136    0.1149919    0.1347384
   1.8500000    0.0460521    0.2280810    0.2184036    0.0064639    0.1114431    0.1388219
   1.8625000    0.0447886    0.2255705    0.2209663    0.0078434    0.1078394    0.1427765
   1.8750000    0.0435544    0.2230405    0.2234470    0.0093500    0.1041885    0.1465924
   1.8875000    0.0423489    0.2204926    0.2258443    0.0109816    0.1004980    0.1502596
   1.9000000    0.0411716    0.2179285    0.2281570    0.0127360    0.0967758    0.1537691
   1.9125000    0.0400221    0.2153496    0.2303841    0.0146107    0.0930296    0.1571121
   1.9250000    0.0388999    0.2127575    0.2325246    0.0166031    0.0892672    0.1602802
   1.9375000    0.0378045    0.2101537    0.2345775    0.0187105    0.0854965    0.1632658
   1.9500000    0.0367355    0.2075398    0.2365421    0.0209300    0.0817251    0.1660615
   1.9625000    0.0356923    0.2049171    0.2384177    0.0232587    0.0779608    0.1686606
   1.9750000    0.0346746    0.2022872    0.2402036    0.0256933    0.0742112    0.1710570
   1.9875000    0.0336817    0.1996514    0.2418995    0.0282308    0.0704838    0.1732450
   2.0000000    0.0327134    0.1970111    0.2435048    0.0308676    0.0667863    0.1752196
   2.0125000    0.0317690    0.1943677    0.2450192    0.0336003    0.0631260    0.1769763
   2.0250000    0.0308482    0.1917224    0.2464425    0.0364255    0.0595101    0.1785113
   2.0375000    0.0299505    0.1890765    0.2477746    0.0393395    0.0559458    0.1798213
   2.0500000    0.0290754    0.1864314    0.2490155    0.0423384    0.0524401    0.1809035
   2.0625000    0.0282226    0.1837881    0.2501650    0.0454186    0.0489999    0.1817559
   2.0750000    0.0273915    0.1811480    0.2512234    0.0485761    0.0456319    0.1823771
   2.0875000    0.0265817    0.1785121    0.2521908    0.0518070    0.0423425    0.1827662
   2.1000000    0.0257928    0.1758816    0.2530675    0.0551072    0.0391382    0.1829228
   2.1125000    0.0250244    0.1732576    0.2538539    0.0584728    0.0360249    0.1828473
   2.1250000    0.0242761    0.1706411    0.2545504    0.0618997    0.0330088    0.1825406
   2.1375000    0.0235473    0.1680333    0.2551574    0.0653836    0.0300953    0.1820041
   2.1500000    0.0228378    0.1654350    0.2556755    0.0689204    0.0272902    0.1812401
   2.1625000    0.0221471    0.1628472    0.2561055    0.0725060    0.0245985    0.1802510
   2.1750000    0.0214747    0.1602710    0.2564479    0.0761361    0.0220254    0.1790400
   2.1875000    0.0208204    0.1577071    0.2567035    0.0798064    0.0195756    0.1776110
   2.2000000    0.0201837    0.1551565    0.2568733    0.0835128    0.0172535    0.1759680
   2.2125000    0.0195642    0.1526200    0.2569580    0.0872510    0.0150636    0.1741160
   2.2250000    0.0189616    0.1500985    0.2569586    0.0910168    0.0130096    0.1720601
   2.2375000    0.0183754    0.1475926    0.2568761    0.0948059    0.0110954    0.1698061
   2.2500000    0.0178053    0.1451032    0.2567116    0.0986142    0.0093245    0.1673601
   2.2625000    0.0172509    0.1426309    0.2564662    0.1024374    0.0076999    0.1647290
   2.2750000    0.0167119    0.1401766    0.2561410    0.1062714    0.0062247    0.1619196
   2.2875000    0.0161879    0.1377407    0.2557372    0.1101120    0.0049013    0.1589395
   2.3000000    0.0156786    0.1353240    0.2552561    0.1139553    0.0037322    0.1557966
   2.3125000    0.0151836    0.1329270    0.2546990    0.1177971    0.0027193    0.1524990
   2.3250000    0.0147025    0.1305504    0.2540673    0.1216334    0.0018645    0.1490552
   2.3375000    0.0142352    0.1281947    0.2533621    0.1254602    0.0011693    0.1454743
   2.3500000    0.0137811    0.1258603    0.2525851    0.1292738    0.0006348    0.1417652
   2.3625000    0.0133400    0.1235478    0.2517375    0.1330702    0.0002619    0.1379374
   2.3750000    0.0129117    0.1212577    0.2508209    0.1368458    0.0000514    0.1340006
   2.3875000    0.0124956    0.1189903    0.2498367    0.1405966    0.0000034    0.1299646
   2.4000000    0.0120917    0.1167461    0.2487865    0.1443193    0.0001182    0.1258394
   2.4125000    0.0116995    0.1145255    0.2476719    0.1480101    0.0003956    0.1216353
   2.4250000    0.0113188    0.1123288    0.2464943    0.1516657    0.0008350    0.1173626
   2.4375000    0.0109493    0.1101563    0.2452554    0.1552825    0.0014357    0.1130318
   2.4500000    0.0105907    0.1080085    0.2439567    0.1588574    0.0021968    0.1086534
   2.4625000    0.0102428    0.1058855    0.2425999    0.1623871    0.0031171    0.1042380
   2.4750000    0.0099052    0.1037876    0.2411866    0.1658684    0.0041949    0.0997963
   2.4875000    0.0095776    0.1017150    0.2397185    0.1692984    0.0054286    0.0953389
   2.5000000    0.0092599    0.0996681    0.2381972    0.1726740    0.0068162    0.0908765
   2.5125000    0.0089518    0.0976469    0.2366244    0.1759924    0.0083555    0.0864196
   2.5250000    0.0086530    0.0956517    0.2350017    0.1792509    0.0100440    0.0819787
   2.5375000    0.0083633    0.0936825    0.2333308    0.1824468    0.0118791    0.0775643
   2.5500000    0.0080824    0.0917396    0.2316134    0.1855776    0.0138579    0.0731868
   2.5625000    0.0078101    0.0898230    0.2298512    0.1886408    0.0159773    0.0688563
   2.5750000    0.0075462    0.0879329    0.2280458    0.1916340    0.0182340    0.0645828
   2.5875000    0.0072904    0.0860693    0.2261990    0.1945551    0.0206246    0.0603762
   2.6000000    0.0070425    0.0842322    0.2243123    0.1974020    0.0231454    0.0562461
   2.6125000    0.0068024    0.0824218    0.2223874    0.2001725    0.0257926    0.0522021
   2.6250000    0.0065697    0.0806380    0.2204261    0.2028648    0.0285622    0.0482532
   2.6375000    0.0063443    0.0788808    0.2184299    0.2054770    0.0314500    0.0444084
   2.6500000    0.0061261    0.0771503    0.2164006    0.2080075    0.0344518    0.0406765
   2.6625000    0.0059147    0.0754464    0.2143396    0.2104547    0.0375632    0.0370656
   2.6750000    0.0057100    0.0737690    0.2122487    0.2128171    0.0407795    0.0335840
   2.6875000    0.0055118    0.0721182    0.2101295    0.2150933    0.0440960    0.0302394
   2.7000000    0.0053199    0.0704938    0.2079835    0.2172820    0.0475080    0.0270391
   2.7125000    0.0051342    0.0688958    0.2058123    0.2193821    0.0510106    0.0239901
   2.7250000    0.0049544    0.0673240    0.2036175    0.2213926    0.0545988    0.0210993
   2.7375000    0.0047805    0.0657784    0.2014007    0.2233124    0.0582675    0.0183729
   2.7500000    0.0046122    0.0642589    0.1991632    0.2251407    0.0620115    0.0158167
   2.7625000    0.0044493    0.0627652    0.1969068    0.2268768    0.0658256    0.0134364
   2.7750000    0.0042918    0.0612974    0.1946327    0.2285200    0.0697046    0.0112370
   2.7875000    0.0041394    0.0598551    0.1923426    0.2300699    0.0736430    0.0092233
   2.8000000    0.0039920    0.0584383    0.1900378    0.2315258    0.0776357    0.0073996
   2.8125000    0.0038494    0.0570468    0.1877197    0.2328877    0.0816770    0.0057697
   2.8250000    0.0037116    0.0556804    0.1853898    0.2341550    0.0857617    0.0043370
   2.8375000    0.0035783    0.0543390    0.1830494    0.2353278    0.0898842    0.0031047
   2.8500000    0.0034495    0.0530222    0.1806999    0.2364060    0.0940392    0.0020752
   2.8625000    0.0033250    0.0517300    0.1783426    0.2373895    0.0982212    0.0012507
   2.8750000    0.0032046    0.0504620    0.1759787    0.2382785    0.1024248    0.0006329
   2.8875000    0.0030883    0.0492182    0.1736096    0.2390733    0.1066445    0.0002231
   2.9000000    0.0029759    0.0479981    0.1712365    0.2397741    0.1108751    0.0000222
   2.9125000    0.0028673    0.0468017    0.1688606    0.2403813    0.1151110    0.0000305
   2.9250000    0.0027624    0.0456287    0.1664832    0.2408954    0.1193472    0.0002480
   2.9375000    0.0026610    0.0444789    0.1641052    0.2413168    0.1235782    0.0006743
   2.9500000    0.0025632    0.0433519    0.1617280    0.2416463    0.1277989    0.0013086
   2.9625000    0.0024686    0.0422475    0.1593526    0.2418845    0.1320041    0.0021495
   2.9750000    0.0023773    0.0411655    0.1569800    0.2420322    0.1361888    0.0031953
   2.9875000    0.0022892    0.0401057    0.1546114    0.2420902    0.1403481    0.0044441
   3.0000000    0.0022041    0.0390676    0.1522478    0.2420594    0.1444769    0.0058934
   3.0125000    0.0021220    0.0380512    0.1498901    0.2419408    0.1485705    0.0075402
   3.0250000    0.0020427    0.0370560    0.1475393    0.2417354    0.1526242    0.0093814
   3.0375000    0.0019662    0.0360819    0.1451963    0.2414443    0.1566333    0.0114133
   3.0500000    0.0018923    0.0351285    0.1428621    0.2410687    0.1605934    0.0136322
   3.0625000    0.0018211    0.0341956    0.1405375    0.2406097    0.1644999    0.0160336
   3.0750000    0.0017523    0.0332828    0.1382234    0.2400686    0.1683486    0.0186130
   3.0875000    0.0016860    0.0323900    0.1359206    0.2394468    0.1721354    0.0213654
   3.1000000    0.0016221    0.0315168    0.1336298    0.2387455    0.1758561    0.0242857
   3.1125000    0.0015604    0.0306629    0.1313520    0.2379663    0.1795069    0.0273683
   3.1250000    0.0015009    0.0298280    0.1290877    0.2371104    0.1830839    0.0306075
   3.1375000    0.0014435    0.0290119    0.1268377    0.2361795    0.1865835    0.0339972
   3.1500000    0.0013882    0.0282142    0.1246027    0.2351750    0.1900021    0.0375311
   3.1625000    0.0013348    0.0274347    0.1223833    0.2340985    0.1933363    0.0412027
   3.1750000    0.0012834    0.0266731    0.1201802    0.2329516    0.1965830    0.0450052
   3.1875000    0.0012339    0.0259291    0.1179939    0.2317359    0.1997389    0.0489317
   3.2000000    0.0011861    0.0252024    0.1158251    0.2304531    0.2028012    0.0529751
   3.2125000    0.0011401    0.0244927    0.1136742    0.2291048    0.2057670    0.0571281
   3.2250000    0.0010957    0.0237997    0.1115418    0.2276927    0.2086336    0.0613832
   3.2375000    0.0010530    0.0231231    0.1094285    0.2262186    0.2113985    0.0657329
   3.2500000    0.0010119    0.0224628    0.1073345    0.2246843    0.2140594    0.0701694
   3.2625000    0.0009722    0.0218182    0.1052605    0.2230913    0.2166140    0.0746848
   3.2750000    0.0009340    0.0211893    0.1032068    0.2214417    0.2190603    0.0792713
   3.2875000    0.0008972    0.0205757    0.1011739    0.2197371    0.2213963    0.0839210
   3.3000000    0.0008618    0.0199771    0.0991620    0.2179793    0.2236203    0.0886256
   3.3125000    0.0008277    0.0193932    0.0971715    0.2161701    0.2257307    0.0933772
   3.3250000    0.0007949    0.0188238    0.0952028    0.2143114    0.2277261    0.0981676
   3.3375000    0.0007633    0.0182686    0.0932562    0.2124050    0.2296050    0.1029887
   3.3500000    0.0007329    0.0177274    0.0913320    0.2104527    0.2313665    0.1078324
   3.3625000    0.0007036    0.0171998    0.0894303    0.2084563    0.2330094    0.1126905
   3.3750000    0.0006754    0.0166856    0.0875515    0.2064176    0.2345329    0.1175550
   3.3875000    0.0006483    0.0161845    0.0856958    0.2043385    0.2359362    0.1224177
   3.4000000    0.0006222    0.0156962    0.0838633    0.2022208    0.2372189    0.1272708
   3.4125000    0.0005971    0.0152206    0.0820542    0.2000662    0.2383805    0.1321064
   3.4250000    0.0005730    0.0147573    0.0802688    0.1978767    0.2394207    0.1369165
   3.4375000    0.0005497    0.0143061    0.0785071    0.1956539    0.2403394    0.1416935
   3.4500000    0.0005274    0.0138668    0.0767692    0.1933997    0.2411366    0.1464299
   3.4625000    0.0005059    0.0134390    0.0750554    0.1911158    0.2418123    0.1511180
   3.4750000    0.0004853    0.0130226    0.0733655    0.1888040    0.2423668    0.1557506
   3.4875000    0.0004654    0.0126173    0.0716998    0.1864661    0.2428007    0.1603204
   3.5000000    0.0004463    0.0122228    0.0700583    0.1841037    0.2431142    0.1648205
   3.5125000    0.0004279    0.0118390    0.0684409    0.1817186    0.2433081    0.1692439
   3.5250000    0.0004103    0.0114656    0.0668478    0.1793124    0.2433832    0.1735841
   3.5375000    0.0003933    0.0111023    0.0652790    0.1768869    0.2433403    0.1778344
   3.5500000    0.0003770    0.0107490    0.0637343    0.1744437    0.2431805    0.1819885
   3.5625000    0.0003614    0.0104054    0.0622139    0.1719843    0.2429047    0.1860405
   3.5750000    0.0003463    0.0100712    0.0607176    0.1695105    0.2425143    0.1899844
   3.5875000    0.0003319    0.0097464    0.0592455    0.1670238    0.2420105    0.1938145
   3.6000000    0.0003180    0.0094306    0.0577974    0.1645257    0.2413948    0.1975254
   3.6125000    0.0003046    0.0091237    0.0563733    0.1620179    0.2406686    0.2011120
   3.6250000    0.0002918    0.0088255    0.0549731    0.1595017    0.2398337    0.2045693
   3.6375000    0.0002795    0.0085356    0.0535967    0.1569787    0.2388916    0.2078925
   3.6500000    0.0002677    0.0082541    0.0522440    0.1544503    0.2378442    0.2110773
   3.6625000    0.0002564    0.0079805    0.0509148    0.1519180    0.2366933    0.2141195
   3.6750000    0.0002455    0.0077148    0.0496092    0.1493832    0.2354410    0.2170150
   3.6875000    0.0002350    0.0074568    0.0483268    0.1468472    0.2340891    0.2197603
   3.7000000    0.0002250    0.0072063    0.0470676    0.1443113    0.2326398    0.2223520
   3.7125000    0.0002153    0.0069630    0.0458314    0.1417770    0.2310953    0.2247869
   3.7250000    0.0002061    0.0067269    0.0446181    0.1392453    0.2294578    0.2270621
   3.7375000    0.0001972    0.0064977    0.0434274    0.1367177    0.2277296    0.2291750
   3.7500000    0.0001887    0.0062753    0.0422593    0.1341953    0.2259130    0.2311234
   3.7625000    0.0001805    0.0060594    0.0411134    0.1316793    0.2240105    0.2329052
   3.7750000    0.0001727    0.0058500    0.0399897    0.1291709    0.2220244    0.2345186
   3.7875000    0.0001652    0.0056469    0.0388879    0.1266711    0.2199573    0.2359622
   3.8000000    0.0001580    0.0054498    0.0378078    0.1241812    0.2178117    0.2372346
   3.8125000    0.0001511    0.0052587    0.0367492    0.1217021    0.2155902    0.2383350
   3.8250000    0.0001444    0.0050734    0.0357119    0.1192348    0.2132954    0.2392626
   3.8375000    0.0001381    0.0048937    0.0346956    0.1167804    0.2109299    0.2400171
   3.8500000    0.0001320    0.0047195    0.0337002    0.1143399    0.2084964    0.2405982
   3.8625000    0.0001261    0.0045507    0.0327255    0.1119141    0.2059976    0.2410060
   3.8750000    0.0001205    0.0043870    0.0317711    0.1095040    0.2034362    0.2412410
   3.8875000    0.0001152    0.0042285    0.0308368    0.1071105    0.2008150    0.2413036
   3.9000000    0.0001100    0.0040748    0.0299224    0.1047343    0.1981367    0.2411949
   3.9125000    0.0001051    0.0039259    0.0290277    0.1023764    0.1954040    0.2409158
   3.9250000    0.0001003    0.0037817    0.0281524    0.1000374    0.1926197    0.2404676
   3.9375000    0.0000958    0.0036421    0.0272963    0.0977182    0.1897866    0.2398521
   3.9500000    0.0000915    0.0035068    0.0264591    0.0954194    0.1869074    0.2390709
   3.9625000    0.0000873    0.0033759    0.0256405    0.0931418    0.1839850    0.2381261
   3.9750000    0.0000833    0.0032491    0.0248404    0.0908859    0.1810221    0.2370199
   3.9875000    0.0000795    0.0031264    0.0240584    0.0886525    0.1780215    0.2357547
   4.0000000    0.0000759    0.0030076    0.0232942    0.0864422    0.1749859    0.2343333
   4.0125000    0.0000724    0.0028926    0.0225477    0.0842554    0.1719180    0.2327583
   4.0250000    0.0000690    0.0027814    0.0218186    0.0820928    0.1688207    0.2310330
   4.0375000    0.0000658    0.0026738    0.0211066    0.0799549    0.1656965    0.2291605
   4.0500000    0.0000628    0.0025697    0.0204115    0.0778421    0.1625483    0.2271441
   4.0625000    0.0000598    0.0024690    0.0197329    0.0757549    0.1593786    0.2249875
   4.0750000    0.0000570    0.0023716    0.0190707    0.0736938    0.1561902    0.2226943
   4.0875000    0.0000543    0.0022775    0.0184246    0.0716592    0.1529856    0.2202685
   4.1000000    0.0000517    0.0021865    0.0177943    0.0696514    0.1497674    0.2177140
   4.1125000    0.0000493    0.0020985    0.0171795    0.0676709    0.1465383    0.2150351
   4.1250000    0.0000469    0.0020134    0.0165801    0.0657179    0.1433007    0.2122359
   4.1375000    0.0000447    0.0019312    0.0159956    0.0637927    0.1400571    0.2093209
   4.1500000    0.0000425    0.0018518    0.0154260    0.0618958    0.1368101    0.2062947
   4.1625000    0.0000404    0.0017751    0.0148710    0.0600272    0.1335620    0.2031618
   4.1750000    0.0000385    0.0017010    0.0143302    0.0581873    0.1303152    0.1999269
   4.1875000    0.0000366    0.0016295    0.0138034    0.0563763    0.1270722    0.1965950
   4.2000000    0.0000348    0.0015603    0.0132905    0.0545944    0.1238352    0.1931709
   4.2125000    0.0000331    0.0014936    0.0127911    0.0528417    0.1206065    0.1896595
   4.2250000    0.0000314    0.0014292    0.0123050    0.0511185    0.1173883    0.1860659
   4.2375000    0.0000298    0.0013670    0.0118319    0.0494248    0.1141828    0.1823951
   4.2500000    0.0000283    0.0013070    0.0113717    0.0477609    0.1109922    0.1786525
   4.2625000    0.0000269    0.0012492    0.0109240    0.0461267    0.1078186    0.1748430
   4.2750000    0.0000255    0.0011933    0.0104887    0.0445224    0.1046640    0.1709720
   4.2875000    0.0000242    0.0011395    0.0100655    0.0429481    0.1015304    0.1670447
   4.3000000    0.0000229    0.0010875    0.0096541    0.0414037    0.0984198    0.1630664
   4.3125000    0.0000217    0.0010375    0.0092545    0.0398894    0.0953340    0.1590424
   4.3250000    0.0000206    0.0009892    0.0088662    0.0384052    0.0922751    0.1549779
   4.3375000    0.0000195    0.0009427    0.0084892    0.0369510    0.0892447    0.1508783
   4.3500000    0.0000185    0.0008978    0.0081231    0.0355269    0.0862446    0.1467488
   4.3625000    0.0000175    0.0008547    0.0077678    0.0341329    0.0832767    0.1425947
   4.3750000    0.0000165    0.0008131    0.0074231    0.0327688    0.0803424    0.1384213
   4.3875000    0.0000156    0.0007730    0.0070888    0.0314347    0.0774435    0.1342338
   4.4000000    0.0000147    0.0007345    0.0067645    0.0301305    0.0745814    0.1300373
   4.4125000    0.0000139    0.0006974    0.0064503    0.0288561    0.0717578    0.1258371
   4.4250000    0.0000131    0.0006617    0.0061457    0.0276115    0.0689741    0.1216382
   4.4375000    0.0000124    0.0006273    0.0058507    0.0263966    0.0662318    0.1174457
   4.4500000    0.0000117    0.0005943    0.0055651    0.0252112    0.0635320    0.1132646
   4.4625000    0.0000110    0.0005625    0.0052886    0.0240553    0.0608763    0.1090998
   4.4750000    0.0000103    0.0005320    0.0050211    0.0229287    0.0582659    0.1049562
   4.4875000    0.0000097    0.0005027    0.0047624    0.0218313    0.0557020    0.1008387
   4.5000000    0.0000091    0.0004745    0.0045124    0.0207630    0.0531857    0.0967518
   4.5125000    0.0000085    0.0004475    0.0042708    0.0197236    0.0507182    0.0927003
   4.5250000    0.0000080    0.0004215    0.0040374    0.0187130    0.0483007    0.0886888
   4.5375000    0.0000075    0.0003966    0.0038122    0.0177311    0.0459340    0.0847216
   4.5500000    0.0000070    0.0003727    0.0035949    0.0167777    0.0436192    0.0808032
   4.5625000    0.0000066    0.0003498    0.0033853    0.0158526    0.0413574    0.0769379
   4.5750000    0.0000061    0.0003279    0.0031834    0.0149557    0.0391492    0.0731299
   4.5875000    0.0000057    0.0003069    0.0029890    0.0140867    0.0369957    0.0693832
   4.6000000    0.0000053    0.0002868    0.0028019    0.0132456    0.0348976    0.0657018
   4.6125000    0.0000049    0.0002676    0.0026220    0.0124321    0.0328557    0.0620895
   4.6250000    0.0000046    0.0002492    0.0024491    0.0116461    0.0308708    0.0585503
   4.6375000    0.0000042    0.0002317    0.0022832    0.0108874    0.0289434    0.0550876
   4.6500000    0.0000039    0.0002149    0.0021240    0.0101559    0.0270744    0.0517050
   4.6625000    0.0000036    0.0001990    0.0019714    0.0094512    0.0252643    0.0484060
   4.6750000    0.0000033    0.0001838    0.0018254    0.0087733    0.0235136    0.0451938
   4.6875000    0.0000030    0.0001693    0.0016857    0.0081220    0.0218229    0.0420716
   4.7000000    0.0000028    0.0001555    0.0015524    0.0074971    0.0201928    0.0390425
   4.7125000    0.0000025    0.0001425    0.0014252    0.0068984    0.0186236    0.0361094
   4.7250000    0.0000023    0.0001301    0.0013040    0.0063258    0.0171159    0.0332751
   4.7375000    0.0000021    0.0001183    0.0011888    0.0057790    0.0156700    0.0305424
   4.7500000    0.0000019    0.0001072    0.0010795    0.0052580    0.0142863    0.0279137
   4.7625000    0.0000017    0.0000967    0.0009759    0.0047625    0.0129652    0.0253915
   4.7750000    0.0000015    0.0000869    0.0008780    0.0042923    0.0117069    0.0229782
   4.7875000    0.0000014    0.0000776    0.0007856    0.0038474    0.0105119    0.0206760
   4.8000000    0.0000012    0.0000689    0.0006987    0.0034275    0.0093802    0.0184868
   4.8125000    0.0000011    0.0000608    0.0006172    0.0030325    0.0083122    0.0164127
   4.8250000    0.0000009    0.0000532    0.0005411    0.0026622    0.0073082    0.0144555
   4.8375000    0.0000008    0.0000462    0.0004702    0.0023166    0.0063681    0.0126169
   4.8500000    0.0000007    0.0000397    0.0004045    0.0019954    0.0054924    0.0108984
   4.8625000    0.0000006    0.0000337    0.0003439    0.0016986    0.0046810    0.0093016
   4.8750000    0.0000005    0.0000282    0.0002884    0.0014260    0.0039341    0.0078277
   4.8875000    0.0000004    0.0000233    0.0002379    0.0011776    0.0032519    0.0064780
   4.9000000    0.0000003    0.0000188    0.0001924    0.0009531    0.0026345    0.0052536
   4.9125000    0.0000003    0.0000148    0.0001518    0.0007526    0.0020818    0.0041555
   4.9250000    0.0000002    0.0000113    0.0001161    0.0005758    0.0015941    0.0031846
   4.9375000    0.0000001    0.0000083    0.0000852    0.0004228    0.0011712    0.0023416
   4.9500000    0.0000001    0.0000058    0.0000591    0.0002935    0.0008134    0.0016273
   4.9625000    0.0000001    0.0000037    0.0000378    0.0001878    0.0005206    0.0010420
   4.9750000    0.0000000    0.0000021    0.0000212    0.0001056    0.0002929    0.0005864
   4.9875000    0.0000000    0.0000009    0.0000094    0.0000469    0.0001302    0.0002607
   5.0000000    0.0000000    0.0000002    0.0000024    0.0000117    0.0000325    0.0000652
