# N=  800      1.01874679     2.33807097     3.24811519     4.08784567     4.82004638     5.52142623
   -7.98000000     0.00000000     0.00000000     0.00000000     0.00000001     0.00000008     0.00000069
   -7.96000000     0.00000000     0.00000000     0.00000000     0.00000003     0.00000032     0.00000275
   -7.94000000     0.00000000     0.00000000     0.00000000     0.00000006     0.00000073     0.00000621
   -7.92000000     0.00000000     0.00000000     0.00000000     0.00000010     0.00000131     0.00001106
   -7.90000000     0.00000000     0.00000000     0.00000001     0.00000016     0.00000205     0.00001733
   -7.88000000     0.00000000     0.00000000     0.00000001     0.00000023     0.00000296     0.00002505
   -7.86000000     0.00000000     0.00000000     0.00000001     0.00000031     0.00000405     0.00003423
   -7.84000000     0.00000000     0.00000000     0.00000002     0.00000041     0.00000533     0.00004492
   -7.82000000     0.00000000     0.00000000     0.00000002     0.00000053     0.00000679     0.00005716
   -7.80000000     0.00000000     0.00000000     0.00000003     0.00000066     0.00000845     0.00007098
   -7.78000000     0.00000000     0.00000000     0.00000003     0.00000081     0.00001031     0.00008645
   -7.76000000     0.00000000     0.00000000     0.00000004     0.00000097     0.00001238     0.00010360
   -7.74000000     0.00000000     0.00000000     0.00000004     0.00000115     0.00001467     0.00012251
   -7.72000000     0.00000000     0.00000000     0.00000005     0.00000135     0.00001719     0.00014324
   -7.70000000     0.00000000     0.00000000     0.00000006     0.00000158     0.00001996     0.00016586
   -7.68000000     0.00000000     0.00000000     0.00000007     0.00000182     0.00002298     0.00019045
   -7.66000000     0.00000000     0.00000000     0.00000008     0.00000209     0.00002628     0.00021709
   -7.64000000     0.00000000     0.00000000     0.00000009     0.00000238     0.00002985     0.00024586
   -7.62000000     0.00000000     0.00000000     0.00000011     0.00000270     0.00003373     0.00027687
   -7.60000000     0.00000000     0.00000000     0.00000012     0.00000304     0.00003792     0.00031020
   -7.58000000     0.00000000     0.00000000     0.00000014     0.00000342     0.00004245     0.00034598
   -7.56000000     0.00000000     0.00000000     0.00000015     0.00000383     0.00004733     0.00038431
   -7.54000000     0.00000000     0.00000000     0.00000017     0.00000427     0.00005259     0.00042532
   -7.52000000     0.00000000     0.00000000     0.00000019     0.00000475     0.00005824     0.00046912
   -7.50000000     0.00000000     0.00000000     0.00000021     0.00000526     0.00006432     0.00051585
   -7.48000000     0.00000000     0.00000001     0.00000024     0.00000582     0.00007084     0.00056566
   -7.46000000     0.00000000     0.00000001     0.00000026     0.00000643     0.00007783     0.00061869
   -7.44000000     0.00000000     0.00000001     0.00000029     0.00000708     0.00008532     0.00067510
   -7.42000000     0.00000000     0.00000001     0.00000032     0.00000778     0.00009335     0.00073505
   -7.40000000     0.00000000     0.00000001     0.00000036     0.00000854     0.00010194     0.00079871
   -7.38000000     0.00000000     0.00000001     0.00000039     0.00000936     0.00011113     0.00086626
   -7.36000000     0.00000000     0.00000001     0.00000043     0.00001024     0.00012095     0.00093790
   -7.34000000     0.00000000     0.00000001     0.00000048     0.00001119     0.00013144     0.00101381
   -7.32000000     0.00000000     0.00000001     0.00000052     0.00001221     0.00014264     0.00109422
   -7.30000000     0.00000000     0.00000001     0.00000057     0.00001331     0.00015460     0.00117932
   -7.28000000     0.00000000     0.00000001     0.00000063     0.00001449     0.00016736     0.00126935
   -7.26000000     0.00000000     0.00000002     0.00000069     0.00001576     0.00018097     0.00136454
   -7.24000000     0.00000000     0.00000002     0.00000075     0.00001713     0.00019548     0.00146514
   -7.22000000     0.00000000     0.00000002     0.00000082     0.00001860     0.00021093     0.00157140
   -7.20000000     0.00000000     0.00000002     0.00000090     0.00002017     0.00022740     0.00168360
   -7.18000000     0.00000000     0.00000002     0.00000098     0.00002187     0.00024494     0.00180199
   -7.16000000     0.00000000     0.00000003     0.00000107     0.00002368     0.00026360     0.00192689
   -7.14000000     0.00000000     0.00000003     0.00000117     0.00002563     0.00028347     0.00205857
   -7.12000000     0.00000000     0.00000003     0.00000127     0.00002772     0.00030459     0.00219737
   -7.10000000     0.00000000     0.00000003     0.00000138     0.00002997     0.00032706     0.00234359
   -7.08000000     0.00000000     0.00000004     0.00000151     0.00003237     0.00035095     0.00249757
   -7.06000000     0.00000000     0.00000004     0.00000164     0.00003495     0.00037634     0.00265967
   -7.04000000     0.00000000     0.00000004     0.00000178     0.00003772     0.00040330     0.00283024
   -7.02000000     0.00000000     0.00000005     0.00000194     0.00004068     0.00043195     0.00300965
   -7.00000000     0.00000000     0.00000005     0.00000210     0.00004386     0.00046236     0.00319830
   -6.98000000     0.00000000     0.00000006     0.00000228     0.00004726     0.00049464     0.00339658
   -6.96000000     0.00000000     0.00000006     0.00000248     0.00005089     0.00052889     0.00360490
   -6.94000000     0.00000000     0.00000007     0.00000269     0.00005479     0.00056523     0.00382369
   -6.92000000     0.00000000     0.00000008     0.00000292     0.00005896     0.00060376     0.00405340
   -6.90000000     0.00000000     0.00000008     0.00000316     0.00006342     0.00064461     0.00429447
   -6.88000000     0.00000000     0.00000009     0.00000343     0.00006819     0.00068790     0.00454738
   -6.86000000     0.00000000     0.00000010     0.00000371     0.00007329     0.00073378     0.00481261
   -6.84000000     0.00000000     0.00000011     0.00000402     0.00007874     0.00078237     0.00509065
   -6.82000000     0.00000000     0.00000012     0.00000435     0.00008457     0.00083382     0.00538202
   -6.80000000     0.00000000     0.00000013     0.00000471     0.00009080     0.00088828     0.00568724
   -6.78000000     0.00000000     0.00000014     0.00000510     0.00009746     0.00094592     0.00600686
   -6.76000000     0.00000000     0.00000015     0.00000552     0.00010456     0.00100691     0.00634143
   -6.74000000     0.00000000     0.00000017     0.00000597     0.00011215     0.00107140     0.00669152
   -6.72000000     0.00000000     0.00000018     0.00000645     0.00012025     0.00113960     0.00705771
   -6.70000000     0.00000000     0.00000020     0.00000698     0.00012889     0.00121169     0.00744061
   -6.68000000     0.00000000     0.00000022     0.00000754     0.00013812     0.00128786     0.00784082
   -6.66000000     0.00000000     0.00000024     0.00000815     0.00014795     0.00136833     0.00825896
   -6.64000000     0.00000000     0.00000026     0.00000880     0.00015844     0.00145332     0.00869569
   -6.62000000     0.00000000     0.00000028     0.00000950     0.00016963     0.00154304     0.00915165
   -6.60000000     0.00000000     0.00000031     0.00001026     0.00018155     0.00163774     0.00962751
   -6.58000000     0.00000000     0.00000033     0.00001107     0.00019426     0.00173766     0.01012395
   -6.56000000     0.00000000     0.00000036     0.00001195     0.00020779     0.00184306     0.01064165
   -6.54000000     0.00000000     0.00000040     0.00001289     0.00022220     0.00195421     0.01118132
   -6.52000000     0.00000000     0.00000043     0.00001390     0.00023755     0.00207137     0.01174368
   -6.50000000     0.00000000     0.00000047     0.00001499     0.00025389     0.00219484     0.01232944
   -6.48000000     0.00000000     0.00000051     0.00001616     0.00027128     0.00232493     0.01293935
   -6.46000000     0.00000000     0.00000055     0.00001742     0.00028978     0.00246193     0.01357414
   -6.44000000     0.00000000     0.00000060     0.00001877     0.00030945     0.00260618     0.01423456
   -6.42000000     0.00000000     0.00000066     0.00002023     0.00033038     0.00275801     0.01492138
   -6.40000000     0.00000000     0.00000071     0.00002179     0.00035263     0.00291776     0.01563536
   -6.38000000     0.00000000     0.00000077     0.00002346     0.00037627     0.00308581     0.01637727
   -6.36000000     0.00000000     0.00000084     0.00002526     0.00040140     0.00326252     0.01714789
   -6.34000000     0.00000000     0.00000091     0.00002718     0.00042809     0.00344827     0.01794799
   -6.32000000     0.00000000     0.00000099     0.00002925     0.00045643     0.00364348     0.01877835
   -6.30000000     0.00000001     0.00000108     0.00003147     0.00048653     0.00384856     0.01963975
   -6.28000000     0.00000001     0.00000117     0.00003385     0.00051847     0.00406393     0.02053298
   -6.26000000     0.00000001     0.00000127     0.00003641     0.00055237     0.00429004     0.02145881
   -6.24000000     0.00000001     0.00000137     0.00003914     0.00058833     0.00452735     0.02241801
   -6.22000000     0.00000001     0.00000149     0.00004207     0.00062647     0.00477633     0.02341134
   -6.20000000     0.00000001     0.00000162     0.00004522     0.00066691     0.00503746     0.02443958
   -6.18000000     0.00000001     0.00000175     0.00004858     0.00070977     0.00531125     0.02550347
   -6.16000000     0.00000001     0.00000190     0.00005219     0.00075520     0.00559822     0.02660374
   -6.14000000     0.00000001     0.00000206     0.00005604     0.00080332     0.00589889     0.02774113
   -6.12000000     0.00000001     0.00000223     0.00006018     0.00085430     0.00621382     0.02891633
   -6.10000000     0.00000001     0.00000242     0.00006460     0.00090827     0.00654357     0.03013005
   -6.08000000     0.00000002     0.00000262     0.00006933     0.00096540     0.00688872     0.03138295
   -6.06000000     0.00000002     0.00000284     0.00007439     0.00102586     0.00724986     0.03267569
   -6.04000000     0.00000002     0.00000307     0.00007980     0.00108982     0.00762760     0.03400887
   -6.02000000     0.00000002     0.00000333     0.00008558     0.00115747     0.00802257     0.03538310
   -6.00000000     0.00000002     0.00000360     0.00009177     0.00122900     0.00843540     0.03679893
   -5.98000000     0.00000002     0.00000390     0.00009838     0.00130461     0.00886675     0.03825691
   -5.96000000     0.00000003     0.00000422     0.00010544     0.00138451     0.00931729     0.03975751
   -5.94000000     0.00000003     0.00000456     0.00011298     0.00146892     0.00978769     0.04130120
   -5.92000000     0.00000003     0.00000493     0.00012104     0.00155807     0.01027867     0.04288839
   -5.90000000     0.00000003     0.00000534     0.00012964     0.00165219     0.01079093     0.04451942
   -5.88000000     0.00000004     0.00000577     0.00013882     0.00175154     0.01132519     0.04619463
   -5.86000000     0.00000004     0.00000624     0.00014862     0.00185638     0.01188220     0.04791428
   -5.84000000     0.00000005     0.00000674     0.00015907     0.00196697     0.01246270     0.04967856
   -5.82000000     0.00000005     0.00000728     0.00017022     0.00208360     0.01306745     0.05148763
   -5.80000000     0.00000005     0.00000787     0.00018210     0.00220656     0.01369723     0.05334157
   -5.78000000     0.00000006     0.00000850     0.00019478     0.00233615     0.01435283     0.05524039
   -5.76000000     0.00000006     0.00000917     0.00020828     0.00247269     0.01503502     0.05718405
   -5.74000000     0.00000007     0.00000990     0.00022268     0.00261651     0.01574463     0.05917242
   -5.72000000     0.00000008     0.00001069     0.00023801     0.00276795     0.01648244     0.06120529
   -5.70000000     0.00000008     0.00001154     0.00025434     0.00292736     0.01724929     0.06328238
   -5.68000000     0.00000009     0.00001245     0.00027172     0.00309513     0.01804599     0.06540331
   -5.66000000     0.00000010     0.00001343     0.00029023     0.00327161     0.01887338     0.06756764
   -5.64000000     0.00000011     0.00001448     0.00030992     0.00345722     0.01973227     0.06977481
   -5.62000000     0.00000012     0.00001561     0.00033087     0.00365236     0.02062350     0.07202418
   -5.60000000     0.00000013     0.00001683     0.00035316     0.00385746     0.02154791     0.07431500
   -5.58000000     0.00000014     0.00001814     0.00037686     0.00407295     0.02250632     0.07664643
   -5.56000000     0.00000016     0.00001955     0.00040206     0.00429929     0.02349957     0.07901752
   -5.54000000     0.00000017     0.00002106     0.00042883     0.00453695     0.02452847     0.08142720
   -5.52000000     0.00000019     0.00002269     0.00045728     0.00478642     0.02559384     0.08387429
   -5.50000000     0.00000020     0.00002443     0.00048751     0.00504820     0.02669650     0.08635752
   -5.48000000     0.00000022     0.00002631     0.00051961     0.00532280     0.02783724     0.08887548
   -5.46000000     0.00000024     0.00002832     0.00055368     0.00561075     0.02901684     0.09142663
   -5.44000000     0.00000026     0.00003048     0.00058985     0.00591261     0.03023609     0.09400932
   -5.42000000     0.00000029     0.00003279     0.00062824     0.00622895     0.03149573     0.09662177
   -5.40000000     0.00000031     0.00003528     0.00066895     0.00656033     0.03279650     0.09926209
   -5.38000000     0.00000034     0.00003795     0.00071214     0.00690737     0.03413911     0.10192822
   -5.36000000     0.00000037     0.00004080     0.00075793     0.00727068     0.03552425     0.10461800
   -5.34000000     0.00000040     0.00004387     0.00080646     0.00765089     0.03695259     0.10732913
   -5.32000000     0.00000044     0.00004715     0.00085789     0.00804864     0.03842475     0.11005916
   -5.30000000     0.00000048     0.00005067     0.00091238     0.00846461     0.03994134     0.11280552
   -5.28000000     0.00000052     0.00005445     0.00097008     0.00889948     0.04150290     0.11556550
   -5.26000000     0.00000057     0.00005849     0.00103119     0.00935393     0.04310998     0.11833625
   -5.24000000     0.00000062     0.00006281     0.00109587     0.00982869     0.04476304     0.12111478
   -5.22000000     0.00000067     0.00006744     0.00116431     0.01032449     0.04646252     0.12389798
   -5.20000000     0.00000073     0.00007240     0.00123672     0.01084206     0.04820881     0.12668258
   -5.18000000     0.00000079     0.00007770     0.00131331     0.01138218     0.05000223     0.12946519
   -5.16000000     0.00000086     0.00008338     0.00139428     0.01194561     0.05184306     0.13224228
   -5.14000000     0.00000094     0.00008944     0.00147988     0.01253314     0.05373153     0.13501021
   -5.12000000     0.00000102     0.00009593     0.00157033     0.01314558     0.05566777     0.13776519
   -5.10000000     0.00000111     0.00010287     0.00166588     0.01378374     0.05765188     0.14050332
   -5.08000000     0.00000120     0.00011029     0.00176680     0.01444845     0.05968387     0.14322055
   -5.06000000     0.00000131     0.00011821     0.00187335     0.01514055     0.06176368     0.14591276
   -5.04000000     0.00000142     0.00012668     0.00198581     0.01586089     0.06389116     0.14857567
   -5.02000000     0.00000154     0.00013572     0.00210448     0.01661033     0.06606610     0.15120494
   -5.00000000     0.00000167     0.00014537     0.00222967     0.01738974     0.06828819     0.15379609
   -4.98000000     0.00000182     0.00015568     0.00236168     0.01820000     0.07055702     0.15634456
   -4.96000000     0.00000197     0.00016667     0.00250086     0.01904199     0.07287210     0.15884570
   -4.94000000     0.00000214     0.00017841     0.00264755     0.01991661     0.07523285     0.16129480
   -4.92000000     0.00000232     0.00019093     0.00280210     0.02082475     0.07763856     0.16368704
   -4.90000000     0.00000252     0.00020428     0.00296489     0.02176731     0.08008843     0.16601757
   -4.88000000     0.00000273     0.00021851     0.00313630     0.02274518     0.08258156     0.16828146
   -4.86000000     0.00000296     0.00023369     0.00331674     0.02375926     0.08511693     0.17047377
   -4.84000000     0.00000321     0.00024986     0.00350662     0.02481046     0.08769339     0.17258948
   -4.82000000     0.00000348     0.00026709     0.00370638     0.02589966     0.09030969     0.17462359
   -4.80000000     0.00000377     0.00028544     0.00391646     0.02702775     0.09296443     0.17657108
   -4.78000000     0.00000408     0.00030498     0.00413733     0.02819562     0.09565613     0.17842690
   -4.76000000     0.00000442     0.00032578     0.00436946     0.02940413     0.09838313     0.18018606
   -4.74000000     0.00000479     0.00034792     0.00461336     0.03065414     0.10114366     0.18184358
   -4.72000000     0.00000519     0.00037148     0.00486954     0.03194649     0.10393582     0.18339450
   -4.70000000     0.00000562     0.00039654     0.00513853     0.03328201     0.10675757     0.18483394
   -4.68000000     0.00000608     0.00042320     0.00542087     0.03466152     0.10960673     0.18615710
   -4.66000000     0.00000658     0.00045154     0.00571715     0.03608578     0.11248096     0.18735924
   -4.64000000     0.00000712     0.00048166     0.00602793     0.03755557     0.11537780     0.18843574
   -4.62000000     0.00000770     0.00051367     0.00635383     0.03907162     0.11829465     0.18938209
   -4.60000000     0.00000833     0.00054768     0.00669547     0.04063462     0.12122874     0.19019392
   -4.58000000     0.00000900     0.00058380     0.00705348     0.04224526     0.12417718     0.19086702
   -4.56000000     0.00000973     0.00062216     0.00742853     0.04390415     0.12713691     0.19139733
   -4.54000000     0.00001052     0.00066288     0.00782128     0.04561189     0.13010474     0.19178099
   -4.52000000     0.00001137     0.00070609     0.00823245     0.04736902     0.13307734     0.19201434
   -4.50000000     0.00001228     0.00075194     0.00866274     0.04917605     0.13605121     0.19209393
   -4.48000000     0.00001327     0.00080057     0.00911289     0.05103341     0.13902272     0.19201658
   -4.46000000     0.00001433     0.00085214     0.00958364     0.05294152     0.14198811     0.19177932
   -4.44000000     0.00001547     0.00090682     0.01007577     0.05490069     0.14494348     0.19137951
   -4.42000000     0.00001670     0.00096476     0.01059008     0.05691120     0.14788476     0.19081474
   -4.40000000     0.00001803     0.00102615     0.01112736     0.05897326     0.15080780     0.19008297
   -4.38000000     0.00001946     0.00109119     0.01168844     0.06108701     0.15370827     0.18918243
   -4.36000000     0.00002099     0.00116006     0.01227416     0.06325250     0.15658175     0.18811173
   -4.34000000     0.00002264     0.00123297     0.01288539     0.06546971     0.15942369     0.18686983
   -4.32000000     0.00002442     0.00131013     0.01352299     0.06773856     0.16222942     0.18545605
   -4.30000000     0.00002633     0.00139178     0.01418787     0.07005884     0.16499417     0.18387010
   -4.28000000     0.00002839     0.00147815     0.01488093     0.07243029     0.16771307     0.18211212
   -4.26000000     0.00003060     0.00156948     0.01560309     0.07485252     0.17038114     0.18018264
   -4.24000000     0.00003297     0.00166603     0.01635529     0.07732507     0.17299334     0.17808262
   -4.22000000     0.00003552     0.00176808     0.01713848     0.07984736     0.17554454     0.17581347
   -4.20000000     0.00003826     0.00187590     0.01795362     0.08241871     0.17802954     0.17337704
   -4.18000000     0.00004120     0.00198979     0.01880169     0.08503832     0.18044309     0.17077567
   -4.16000000     0.00004436     0.00211005     0.01968366     0.08770528     0.18277989     0.16801213
   -4.14000000     0.00004776     0.00223701     0.02060054     0.09041855     0.18503461     0.16508969
   -4.12000000     0.00005140     0.00237099     0.02155332     0.09317699     0.18720187     0.16201211
   -4.10000000     0.00005530     0.00251235     0.02254302     0.09597930     0.18927632     0.15878361
   -4.08000000     0.00005949     0.00266145     0.02357063     0.09882408     0.19125259     0.15540892
   -4.06000000     0.00006399     0.00281866     0.02463718     0.10170978     0.19312532     0.15189326
   -4.04000000     0.00006881     0.00298437     0.02574369     0.10463471     0.19488920     0.14824233
   -4.02000000     0.00007398     0.00315899     0.02689117     0.10759704     0.19653895     0.14446233
   -4.00000000     0.00007952     0.00334296     0.02808063     0.11059480     0.19806934     0.14055993
   -3.98000000     0.00008545     0.00353669     0.02931308     0.11362586     0.19947525     0.13654230
   -3.96000000     0.00009181     0.00374066     0.03058954     0.11668797     0.20075163     0.13241705
   -3.94000000     0.00009862     0.00395534     0.03191099     0.11977871     0.20189354     0.12819228
   -3.92000000     0.00010591     0.00418122     0.03327841     0.12289549     0.20289616     0.12387653
   -3.90000000     0.00011372     0.00441881     0.03469279     0.12603559     0.20375485     0.11947876
   -3.88000000     0.00012208     0.00466863     0.03615507     0.12919612     0.20446508     0.11500836
   -3.86000000     0.00013102     0.00493124     0.03766618     0.13237405     0.20502255     0.11047514
   -3.84000000     0.00014059     0.00520721     0.03922704     0.13556617     0.20542313     0.10588925
   -3.82000000     0.00015082     0.00549711     0.04083854     0.13876912     0.20566291     0.10126124
   -3.80000000     0.00016176     0.00580157     0.04250153     0.14197940     0.20573823     0.09660197
   -3.78000000     0.00017346     0.00612119     0.04421686     0.14519331     0.20564568     0.09192261
   -3.76000000     0.00018596     0.00645663     0.04598529     0.14840705     0.20538212     0.08723462
   -3.74000000     0.00019932     0.00680857     0.04780761     0.15161662     0.20494471     0.08254969
   -3.72000000     0.00021359     0.00717767     0.04968450     0.15481788     0.20433091     0.07787976
   -3.70000000     0.00022883     0.00756467     0.05161665     0.15800657     0.20353852     0.07323691
   -3.68000000     0.00024510     0.00797028     0.05360467     0.16117823     0.20256569     0.06863339
   -3.66000000     0.00026248     0.00839527     0.05564913     0.16432831     0.20141092     0.06408155
   -3.64000000     0.00028102     0.00884040     0.05775052     0.16745209     0.20007312     0.05959382
   -3.62000000     0.00030080     0.00930647     0.05990930     0.17054473     0.19855158     0.05518264
   -3.60000000     0.00032191     0.00979431     0.06212583     0.17360127     0.19684600     0.05086044
   -3.58000000     0.00034441     0.01030475     0.06440044     0.17661660     0.19495652     0.04663959
   -3.56000000     0.00036841     0.01083865     0.06673334     0.17958554     0.19288374     0.04253234
   -3.54000000     0.00039399     0.01139689     0.06912470     0.18250276     0.19062869     0.03855080
   -3.52000000     0.00042125     0.01198039     0.07157457     0.18536287     0.18819289     0.03470689
   -3.50000000     0.00045029     0.01259006     0.07408294     0.18816037     0.18557834     0.03101226
   -3.48000000     0.00048122     0.01322685     0.07664970     0.19088968     0.18278753     0.02747828
   -3.46000000     0.00051416     0.01389174     0.07927463     0.19354517     0.17982345     0.02411595
   -3.44000000     0.00054923     0.01458570     0.08195741     0.19612113     0.17668961     0.02093590
   -3.42000000     0.00058655     0.01530975     0.08469763     0.19861181     0.17339001     0.01794831
   -3.40000000     0.00062627     0.01606490     0.08749474     0.20101145     0.16992921     0.01516285
   -3.38000000     0.00066851     0.01685221     0.09034809     0.20331423     0.16631226     0.01258868
   -3.36000000     0.00071344     0.01767274     0.09325691     0.20551436     0.16254475     0.01023435
   -3.34000000     0.00076121     0.01852756     0.09622030     0.20760604     0.15863278     0.00810777
   -3.32000000     0.00081199     0.01941776     0.09923721     0.20958350     0.15458300     0.00621618
   -3.30000000     0.00086595     0.02034447     0.10230650     0.21144099     0.15040254     0.00456610
   -3.28000000     0.00092328     0.02130879     0.10542683     0.21317285     0.14609908     0.00316329
   -3.26000000     0.00098416     0.02231188     0.10859677     0.21477347     0.14168077     0.00201267
   -3.24000000     0.00104881     0.02335486     0.11181471     0.21623733     0.13715626     0.00111836
   -3.22000000     0.00111745     0.02443890     0.11507890     0.21755901     0.13253469     0.00048359
   -3.20000000     0.00119028     0.02556517     0.11838743     0.21873325     0.12782567     0.00011065
   -3.18000000     0.00126756     0.02673483     0.12173822     0.21975489     0.12303923     0.00000093
   -3.16000000     0.00134953     0.02794907     0.12512904     0.22061897     0.11818586     0.00015483
   -3.14000000     0.00143645     0.02920905     0.12855751     0.22132070     0.11327643     0.00057177
   -3.12000000     0.00152860     0.03051596     0.13202104     0.22185548     0.10832222     0.00125016
   -3.10000000     0.00162626     0.03187097     0.13551690     0.22221895     0.10333483     0.00218740
   -3.08000000     0.00172974     0.03327527     0.13904217     0.22240700     0.09832623     0.00337983
   -3.06000000     0.00183934     0.03473002     0.14259377     0.22241577     0.09330867     0.00482278
   -3.04000000     0.00195541     0.03623637     0.14616844     0.22224169     0.08829465     0.00651051
   -3.02000000     0.00207829     0.03779549     0.14976272     0.22188148     0.08329692     0.00843628
   -3.00000000     0.00220835     0.03940849     0.15337300     0.22133221     0.07832843     0.01059227
   -2.98000000     0.00234595     0.04107650     0.15699548     0.22059129     0.07340226     0.01296968
   -2.96000000     0.00249151     0.04280061     0.16062618     0.21965647     0.06853162     0.01555870
   -2.94000000     0.00264543     0.04458189     0.16426094     0.21852591     0.06372980     0.01834851
   -2.92000000     0.00280815     0.04642140     0.16789542     0.21719817     0.05901010     0.02132739
   -2.90000000     0.00298013     0.04832013     0.17152513     0.21567222     0.05438580     0.02448266
   -2.88000000     0.00316184     0.05027908     0.17514539     0.21394747     0.04987014     0.02780077
   -2.86000000     0.00335377     0.05229919     0.17875134     0.21202379     0.04547621     0.03126734
   -2.84000000     0.00355644     0.05438134     0.18233797     0.20990153     0.04121697     0.03486720
   -2.82000000     0.00377039     0.05652640     0.18590011     0.20758151     0.03710513     0.03858443
   -2.80000000     0.00399618     0.05873516     0.18943244     0.20506507     0.03315317     0.04240245
   -2.78000000     0.00423440     0.06100837     0.19292947     0.20235405     0.02937323     0.04630403
   -2.76000000     0.00448565     0.06334672     0.19638558     0.19945081     0.02577708     0.05027144
   -2.74000000     0.00475057     0.06575083     0.19979501     0.19635828     0.02237608     0.05428643
   -2.72000000     0.00502981     0.06822124     0.20315189     0.19307990     0.01918109     0.05833038
   -2.70000000     0.00532408     0.07075843     0.20645020     0.18961967     0.01620247     0.06238432
   -2.68000000     0.00563407     0.07336281     0.20968382     0.18598218     0.01345000     0.06642905
   -2.66000000     0.00596053     0.07603468     0.21284655     0.18217254     0.01093280     0.07044524
   -2.64000000     0.00630423     0.07877428     0.21593207     0.17819646     0.00865934     0.07441346
   -2.62000000     0.00666598     0.08158172     0.21893401     0.17406020     0.00663736     0.07831434
   -2.60000000     0.00704659     0.08445703     0.22184591     0.16977058     0.00487382     0.08212861
   -2.58000000     0.00744692     0.08740015     0.22466129     0.16533501     0.00337485     0.08583722
   -2.56000000     0.00786788     0.09041087     0.22737359     0.16076143     0.00214574     0.08942145
   -2.54000000     0.00831037     0.09348890     0.22997628     0.15605834     0.00119087     0.09286298
   -2.52000000     0.00877536     0.09663380     0.23246277     0.15123478     0.00051367     0.09614398
   -2.50000000     0.00926383     0.09984503     0.23482652     0.14630031     0.00011661     0.09924725
   -2.48000000     0.00977681     0.10312188     0.23706100     0.14126500     0.00000116     0.10215629
   -2.46000000     0.01031534     0.10646354     0.23915971     0.13613943     0.00016774     0.10485537
   -2.44000000     0.01088052     0.10986903     0.24111625     0.13093465     0.00061572     0.10732966
   -2.42000000     0.01147348     0.11333724     0.24292428     0.12566216     0.00134339     0.10956533
   -2.40000000     0.01209537     0.11686688     0.24457754     0.12033388     0.00234797     0.11154957
   -2.38000000     0.01274739     0.12045652     0.24606994     0.11496216     0.00362554     0.11327075
   -2.36000000     0.01343077     0.12410456     0.24739549     0.10955970     0.00517109     0.11471845
   -2.34000000     0.01414678     0.12780922     0.24854839     0.10413955     0.00697849     0.11588355
   -2.32000000     0.01489672     0.13156858     0.24952302     0.09871507     0.00904050     0.11675830
   -2.30000000     0.01568194     0.13538049     0.25031396     0.09329990     0.01134878     0.11733637
   -2.28000000     0.01650381     0.13924266     0.25091602     0.08790790     0.01389390     0.11761292
   -2.26000000     0.01736375     0.14315258     0.25132428     0.08255312     0.01666535     0.11758466
   -2.24000000     0.01826320     0.14710758     0.25153407     0.07724978     0.01965159     0.11724984
   -2.22000000     0.01920366     0.15110478     0.25154106     0.07201219     0.02284004     0.11660833
   -2.20000000     0.02018664     0.15514109     0.25134119     0.06685472     0.02621716     0.11566166
   -2.18000000     0.02121371     0.15921324     0.25093078     0.06179176     0.02976846     0.11441298
   -2.16000000     0.02228646     0.16331775     0.25030650     0.05683764     0.03347854     0.11286710
   -2.14000000     0.02340652     0.16745094     0.24946544     0.05200662     0.03733117     0.11103050
   -2.12000000     0.02457554     0.17160892     0.24840506     0.04731279     0.04130933     0.10891129
   -2.10000000     0.02579523     0.17578759     0.24712329     0.04277008     0.04539528     0.10651920
   -2.08000000     0.02706731     0.17998264     0.24561849     0.03839212     0.04957060     0.10386557
   -2.06000000     0.02839353     0.18418957     0.24388951     0.03419226     0.05381631     0.10096329
   -2.04000000     0.02977569     0.18840366     0.24193570     0.03018348     0.05811291     0.09782673
   -2.02000000     0.03121560     0.19261998     0.23975692     0.02637833     0.06244045     0.09447173
   -2.00000000     0.03271510     0.19683341     0.23735356     0.02278888     0.06677867     0.09091548
   -1.98000000     0.03427606     0.20103862     0.23472657     0.01942667     0.07110703     0.08717647
   -1.96000000     0.03590036     0.20523009     0.23187745     0.01630264     0.07540483     0.08327441
   -1.94000000     0.03758993     0.20940210     0.22880831     0.01342708     0.07965131     0.07923009
   -1.92000000     0.03934667     0.21354874     0.22552184     0.01080961     0.08382574     0.07506532
   -1.90000000     0.04117256     0.21766392     0.22202132     0.00845905     0.08790750     0.07080278
   -1.88000000     0.04306953     0.22174137     0.21831068     0.00638344     0.09187624     0.06646594
   -1.86000000     0.04503957     0.22577466     0.21439446     0.00458995     0.09571192     0.06207888
   -1.84000000     0.04708465     0.22975719     0.21027784     0.00308487     0.09939492     0.05766620
   -1.82000000     0.04920675     0.23368220     0.20596661     0.00187351     0.10290621     0.05325286
   -1.80000000     0.05140786     0.23754279     0.20146725     0.00096021     0.10622736     0.04886402
   -1.78000000     0.05368996     0.24133193     0.19678683     0.00034827     0.10934072     0.04452491
   -1.76000000     0.05605503     0.24504248     0.19193310     0.00003994     0.11222948     0.04026070
   -1.74000000     0.05850502     0.24866717     0.18691442     0.00003634     0.11487776     0.03609628
   -1.72000000     0.06104189     0.25219863     0.18173979     0.00033750     0.11727076     0.03205617
   -1.70000000     0.06366757     0.25562943     0.17641883     0.00094227     0.11939479     0.02816431
   -1.68000000     0.06638396     0.25895206     0.17096177     0.00184834     0.12123739     0.02444396
   -1.66000000     0.06919295     0.26215896     0.16537943     0.00305221     0.12278742     0.02091748
   -1.64000000     0.07209637     0.26524253     0.15968322     0.00454919     0.12403511     0.01760625
   -1.62000000     0.07509603     0.26819516     0.15388511     0.00633337     0.12497217     0.01453044
   -1.60000000     0.07819367     0.27100924     0.14799759     0.00839766     0.12559182     0.01170895
   -1.58000000     0.08139102     0.27367718     0.14203367     0.01073374     0.12588889     0.00915922
   -1.56000000     0.08468970     0.27619143     0.13600686     0.01333214     0.12585982     0.00689710
   -1.54000000     0.08809130     0.27854449     0.12993112     0.01618219     0.12550276     0.00493678
   -1.52000000     0.09159733     0.28072898     0.12382082     0.01927210     0.12481757     0.00329060
   -1.50000000     0.09520923     0.28273759     0.11769072     0.02258892     0.12380586     0.00196900
   -1.48000000     0.09892832     0.28456315     0.11155595     0.02611865     0.12247098     0.00098043
   -1.46000000     0.10275587     0.28619865     0.10543192     0.02984623     0.12081810     0.00033122
   -1.44000000     0.10669302     0.28763725     0.09933431     0.03375561     0.11885411     0.00002558
   -1.42000000     0.11074082     0.28887233     0.09327903     0.03782978     0.11658769     0.00006549
   -1.40000000     0.11490019     0.28989747     0.08728215     0.04205084     0.11402925     0.00045068
   -1.38000000     0.11917192     0.29070653     0.08135985     0.04640007     0.11119090     0.00117863
   -1.36000000     0.12355668     0.29129364     0.07552840     0.05085801     0.10808641     0.00224450
   -1.34000000     0.12805500     0.29165323     0.06980405     0.05540448     0.10473116     0.00364119
   -1.32000000     0.13266723     0.29178007     0.06420303     0.06001874     0.10114207     0.00535933
   -1.30000000     0.13739361     0.29166929     0.05874145     0.06467949     0.09733754     0.00738733
   -1.28000000     0.14223415     0.29131641     0.05343526     0.06936505     0.09333733     0.00971144
   -1.26000000     0.14718874     0.29071736     0.04830018     0.07405335     0.08916251     0.01231577
   -1.24000000     0.15225704     0.28986850     0.04335165     0.07872213     0.08483533     0.01518246
   -1.22000000     0.15743853     0.28876668     0.03860476     0.08334898     0.08037909     0.01829168
   -1.20000000     0.16273249     0.28740922     0.03407415     0.08791144     0.07581808     0.02162185
   -1.18000000     0.16813798     0.28579396     0.02977404     0.09238714     0.07117737     0.02514967
   -1.16000000     0.17365382     0.28391928     0.02571807     0.09675391     0.06648274     0.02885032
   -1.14000000     0.17927862     0.28178414     0.02191926     0.10098983     0.06176049     0.03269764
   -1.12000000     0.18501074     0.27938806     0.01839000     0.10507344     0.05703732     0.03666421
   -1.10000000     0.19084828     0.27673120     0.01514191     0.10898376     0.05234015     0.04072164
   -1.08000000     0.19678909     0.27381431     0.01218583     0.11270046     0.04769598     0.04484068
   -1.06000000     0.20283073     0.27063884     0.00953176     0.11620394     0.04313172     0.04899145
   -1.04000000     0.20897052     0.26720685     0.00718876     0.11947546     0.03867401     0.05314365
   -1.02000000     0.21520546     0.26352113     0.00516493     0.12249725     0.03434908     0.05726677
   -1.00000000     0.22153228     0.25958515     0.00346737     0.12525258     0.03018257     0.06133031
   -0.98000000     0.22794738     0.25540308     0.00210206     0.12772592     0.02619934     0.06530401
   -0.96000000     0.23444687     0.25097982     0.00107391     0.12990298     0.02242334     0.06915806
   -0.94000000     0.24102656     0.24632101     0.00038663     0.13177086     0.01887745     0.07286333
   -0.92000000     0.24768191     0.24143302     0.00004273     0.13331809     0.01558326     0.07639160
   -0.90000000     0.25440807     0.23632296     0.00004349     0.13453473     0.01256101     0.07971576
   -0.88000000     0.26119985     0.23099867     0.00038890     0.13541245     0.00982937     0.08281006
   -0.86000000     0.26805172     0.22546877     0.00107765     0.13594462     0.00740532     0.08565027
   -0.84000000     0.27495783     0.21974258     0.00210710     0.13612633     0.00530404     0.08821393
   -0.82000000     0.28191196     0.21383018     0.00347329     0.13595446     0.00353877     0.09048049
   -0.80000000     0.28890756     0.20774237     0.00517088     0.13542773     0.00212070     0.09243152
   -0.78000000     0.29593772     0.20149065     0.00719319     0.13454673     0.00105889     0.09405087
   -0.76000000     0.30299520     0.19508723     0.00953215     0.13331397     0.00036015     0.09532478
   -0.74000000     0.31007239     0.18854502     0.01217836     0.13173383     0.00002898     0.09624206
   -0.72000000     0.31716135     0.18187756     0.01512108     0.12981264     0.00006755     0.09679420
   -0.70000000     0.32425378     0.17509903     0.01834823     0.12755862     0.00047560     0.09697540
   -0.68000000     0.33134105     0.16822425     0.02184644     0.12498190     0.00125044     0.09678274
   -0.66000000     0.33841418     0.16126860     0.02560107     0.12209446     0.00238694     0.09621616
   -0.64000000     0.34546388     0.15424799     0.02959626     0.11891012     0.00387751     0.09527850
   -0.62000000     0.35248051     0.14717886     0.03381497     0.11544446     0.00571218     0.09397555
   -0.60000000     0.35945413     0.14007812     0.03823901     0.11171476     0.00787857     0.09231598
   -0.58000000     0.36637447     0.13296311     0.04284915     0.10773998     0.01036198     0.09031135
   -0.56000000     0.37323100     0.12585152     0.04762512     0.10354058     0.01314546     0.08797600
   -0.54000000     0.38001286     0.11876142     0.05254576     0.09913850     0.01620991     0.08532700
   -0.52000000     0.38670895     0.11171112     0.05758901     0.09455705     0.01953415     0.08238404
   -0.50000000     0.39330790     0.10471918     0.06273208     0.08982074     0.02309511     0.07916926
   -0.48000000     0.39979810     0.09780430     0.06795146     0.08495520     0.02686788     0.07570713
   -0.46000000     0.40616771     0.09098531     0.07322310     0.07998703     0.03082595     0.07202428
   -0.44000000     0.41240469     0.08428108     0.07852244     0.07494367     0.03494130     0.06814928
   -0.42000000     0.41849683     0.07771046     0.08382455     0.06985321     0.03918467     0.06411243
   -0.40000000     0.42443174     0.07129220     0.08910422     0.06474429     0.04352565     0.05994555
   -0.38000000     0.43019690     0.06504491     0.09433610     0.05964588     0.04793297     0.05568170
   -0.36000000     0.43577966     0.05898697     0.09949482     0.05458714     0.05237468     0.05135496
   -0.34000000     0.44116732     0.05313646     0.10455507     0.04959723     0.05681836     0.04700011
   -0.32000000     0.44634709     0.04751108     0.10949177     0.04470516     0.06123137     0.04265237
   -0.30000000     0.45130617     0.04212810     0.11428015     0.03993958     0.06558108     0.03834714
   -0.28000000     0.45603175     0.03700426     0.11889594     0.03532859     0.06983511     0.03411963
   -0.26000000     0.46051107     0.03215572     0.12331542     0.03089961     0.07396154     0.03000464
   -0.24000000     0.46473143     0.02759797     0.12751561     0.02667916     0.07792921     0.02603622
   -0.22000000     0.46868024     0.02334575     0.13147436     0.02269266     0.08170790     0.02224735
   -0.20000000     0.47234506     0.01941298     0.13517049     0.01896434     0.08526860     0.01866973
   -0.18000000     0.47571361     0.01581272     0.13858390     0.01551698     0.08858372     0.01533341
   -0.16000000     0.47877385     0.01255706     0.14169572     0.01237178     0.09162733     0.01226656
   -0.14000000     0.48151399     0.00965705     0.14448839     0.00954824     0.09437536     0.00949520
   -0.12000000     0.48392254     0.00712266     0.14694577     0.00706397     0.09680579     0.00704297
   -0.10000000     0.48598836     0.00496272     0.14905328     0.00493454     0.09889887     0.00493087
   -0.08000000     0.48770068     0.00318482     0.15079798     0.00317343     0.10063727     0.00317708
   -0.06000000     0.48904917     0.00179529     0.15216867     0.00179180     0.10200625     0.00179678
   -0.04000000     0.49002399     0.00079913     0.15315594     0.00079852     0.10299378     0.00080194
   -0.02000000     0.49061577     0.00019997     0.15375232     0.00019996     0.10359071     0.00020126
    0.00000000     0.49081576     0.00000000     0.15395227     0.00000000     0.10379080     0.00000000
    0.02000000     0.49061577     0.00019997     0.15375232     0.00019995     0.10359087     0.00019993
    0.04000000     0.49002399     0.00079913     0.15315594     0.00079849     0.10299410     0.00079929
    0.06000000     0.48904917     0.00179529     0.15216867     0.00179177     0.10200671     0.00179282
    0.08000000     0.48770068     0.00318482     0.15079798     0.00317338     0.10063788     0.00317186
    0.10000000     0.48598836     0.00496272     0.14905328     0.00493449     0.09889963     0.00492443
    0.12000000     0.48392254     0.00712266     0.14694577     0.00706390     0.09680669     0.00703536
    0.14000000     0.48151399     0.00965705     0.14448839     0.00954816     0.09437639     0.00948650
    0.16000000     0.47877385     0.01255706     0.14169573     0.01237169     0.09162849     0.01225683
    0.18000000     0.47571361     0.01581272     0.13858391     0.01551688     0.08858499     0.01532274
    0.20000000     0.47234506     0.01941298     0.13517049     0.01896423     0.08526997     0.01865822
    0.22000000     0.46868024     0.02334575     0.13147436     0.02269255     0.08170937     0.02223510
    0.24000000     0.46473143     0.02759797     0.12751561     0.02667903     0.07793076     0.02602332
    0.26000000     0.46051107     0.03215572     0.12331542     0.03089948     0.07396317     0.02999121
    0.28000000     0.45603175     0.03700426     0.11889594     0.03532845     0.06983680     0.03410578
    0.30000000     0.45130617     0.04212810     0.11428016     0.03993944     0.06558283     0.03833299
    0.32000000     0.44634709     0.04751108     0.10949177     0.04470502     0.06123315     0.04263805
    0.34000000     0.44116732     0.05313646     0.10455508     0.04959708     0.05682016     0.04698572
    0.36000000     0.43577966     0.05898697     0.09949483     0.05458699     0.05237649     0.05134064
    0.38000000     0.43019690     0.06504491     0.09433611     0.05964573     0.04793478     0.05566756
    0.40000000     0.42443174     0.07129220     0.08910422     0.06474414     0.04352744     0.05993171
    0.42000000     0.41849683     0.07771046     0.08382455     0.06985306     0.03918643     0.06409902
    0.44000000     0.41240469     0.08428108     0.07852245     0.07494352     0.03494302     0.06813640
    0.46000000     0.40616771     0.09098531     0.07322311     0.07998688     0.03082761     0.07201204
    0.48000000     0.39979810     0.09780430     0.06795147     0.08495505     0.02686948     0.07569564
    0.50000000     0.39330790     0.10471918     0.06273208     0.08982060     0.02309663     0.07915861
    0.52000000     0.38670895     0.11171112     0.05758902     0.09455692     0.01953558     0.08237432
    0.54000000     0.38001286     0.11876142     0.05254576     0.09913837     0.01621123     0.08531830
    0.56000000     0.37323100     0.12585152     0.04762513     0.10354045     0.01314668     0.08796838
    0.58000000     0.36637447     0.13296311     0.04284915     0.10773986     0.01036308     0.09030488
    0.60000000     0.35945413     0.14007812     0.03823902     0.11171466     0.00787954     0.09231072
    0.62000000     0.35248051     0.14717886     0.03381497     0.11544436     0.00571302     0.09397154
    0.64000000     0.34546388     0.15424799     0.02959627     0.11891003     0.00387821     0.09527578
    0.66000000     0.33841418     0.16126860     0.02560108     0.12209438     0.00238749     0.09621476
    0.68000000     0.33134105     0.16822425     0.02184644     0.12498183     0.00125084     0.09678268
    0.70000000     0.32425378     0.17509903     0.01834824     0.12755856     0.00047585     0.09697667
    0.72000000     0.31716135     0.18187756     0.01512109     0.12981259     0.00006765     0.09679680
    0.74000000     0.31007239     0.18854502     0.01217837     0.13173379     0.00002892     0.09624599
    0.76000000     0.30299520     0.19508723     0.00953215     0.13331394     0.00035993     0.09532999
    0.78000000     0.29593772     0.20149065     0.00719319     0.13454672     0.00105852     0.09405734
    0.80000000     0.28890756     0.20774237     0.00517089     0.13542773     0.00212017     0.09243921
    0.82000000     0.28191196     0.21383018     0.00347329     0.13595447     0.00353809     0.09048934
    0.84000000     0.27495783     0.21974258     0.00210710     0.13612635     0.00530321     0.08822387
    0.86000000     0.26805172     0.22546877     0.00107765     0.13594466     0.00740434     0.08566124
    0.88000000     0.26119985     0.23099867     0.00038890     0.13541250     0.00982826     0.08282198
    0.90000000     0.25440807     0.23632296     0.00004349     0.13453479     0.01255977     0.07972855
    0.92000000     0.24768191     0.24143302     0.00004273     0.13331816     0.01558190     0.07640516
    0.94000000     0.24102656     0.24632101     0.00038663     0.13177094     0.01887596     0.07287757
    0.96000000     0.23444687     0.25097982     0.00107391     0.12990308     0.02242175     0.06917288
    0.98000000     0.22794738     0.25540308     0.00210206     0.12772602     0.02619765     0.06531931
    1.00000000     0.22153228     0.25958515     0.00346736     0.12525269     0.03018079     0.06134597
    1.02000000     0.21520546     0.26352113     0.00516493     0.12249737     0.03434723     0.05728268
    1.04000000     0.20897052     0.26720685     0.00718875     0.11947559     0.03867209     0.05315970
    1.06000000     0.20283073     0.27063884     0.00953175     0.11620408     0.04312974     0.04900753
    1.08000000     0.19678909     0.27381431     0.01218583     0.11270061     0.04769396     0.04485668
    1.10000000     0.19084828     0.27673120     0.01514190     0.10898392     0.05233810     0.04073745
    1.12000000     0.18501074     0.27938806     0.01838999     0.10507360     0.05703524     0.03667971
    1.14000000     0.17927862     0.28178414     0.02191926     0.10099000     0.06175841     0.03271272
    1.16000000     0.17365382     0.28391928     0.02571806     0.09675408     0.06648066     0.02886489
    1.18000000     0.16813798     0.28579396     0.02977404     0.09238732     0.07117531     0.02516361
    1.20000000     0.16273249     0.28740922     0.03407415     0.08791162     0.07581604     0.02163508
    1.22000000     0.15743853     0.28876668     0.03860475     0.08334916     0.08037709     0.01830411
    1.24000000     0.15225704     0.28986850     0.04335165     0.07872232     0.08483338     0.01519398
    1.26000000     0.14718874     0.29071736     0.04830018     0.07405354     0.08916062     0.01232633
    1.28000000     0.14223415     0.29131641     0.05343526     0.06936523     0.09333551     0.00972095
    1.30000000     0.13739361     0.29166929     0.05874145     0.06467968     0.09733580     0.00739573
    1.32000000     0.13266723     0.29178007     0.06420302     0.06001892     0.10114043     0.00536656
    1.34000000     0.12805500     0.29165323     0.06980404     0.05540466     0.10472961     0.00364721
    1.36000000     0.12355668     0.29129364     0.07552839     0.05085818     0.10808497     0.00224926
    1.38000000     0.11917192     0.29070653     0.08135984     0.04640024     0.11118958     0.00118210
    1.40000000     0.11490019     0.28989747     0.08728214     0.04205100     0.11402806     0.00045284
    1.42000000     0.11074082     0.28887233     0.09327902     0.03782994     0.11658663     0.00006631
    1.44000000     0.10669302     0.28763725     0.09933430     0.03375577     0.11885319     0.00002507
    1.46000000     0.10275587     0.28619865     0.10543191     0.02984638     0.12081732     0.00032937
    1.48000000     0.09892832     0.28456315     0.11155594     0.02611879     0.12247035     0.00097726
    1.50000000     0.09520923     0.28273759     0.11769071     0.02258905     0.12380538     0.00196453
    1.52000000     0.09159733     0.28072898     0.12382081     0.01927222     0.12481725     0.00328485
    1.54000000     0.08809130     0.27854449     0.12993111     0.01618231     0.12550259     0.00492979
    1.56000000     0.08468970     0.27619143     0.13600685     0.01333225     0.12585981     0.00688892
    1.58000000     0.08139102     0.27367718     0.14203366     0.01073384     0.12588903     0.00914988
    1.60000000     0.07819367     0.27100924     0.14799758     0.00839774     0.12559212     0.01169853
    1.62000000     0.07509603     0.26819516     0.15388510     0.00633345     0.12497262     0.01451900
    1.64000000     0.07209637     0.26524253     0.15968322     0.00454925     0.12403571     0.01759385
    1.66000000     0.06919295     0.26215896     0.16537942     0.00305227     0.12278817     0.02090422
    1.68000000     0.06638396     0.25895206     0.17096176     0.00184838     0.12123829     0.02442990
    1.70000000     0.06366757     0.25562943     0.17641882     0.00094230     0.11939583     0.02814955
    1.72000000     0.06104189     0.25219863     0.18173978     0.00033752     0.11727194     0.03204079
    1.74000000     0.05850502     0.24866717     0.18691441     0.00003635     0.11487908     0.03608038
    1.76000000     0.05605503     0.24504248     0.19193309     0.00003993     0.11223091     0.04024437
    1.78000000     0.05368996     0.24133193     0.19678682     0.00034825     0.10934228     0.04450827
    1.80000000     0.05140786     0.23754279     0.20146724     0.00096018     0.10622903     0.04884715
    1.82000000     0.04920675     0.23368220     0.20596661     0.00187347     0.10290798     0.05323587
    1.84000000     0.04708465     0.22975719     0.21027783     0.00308481     0.09939679     0.05764920
    1.86000000     0.04503957     0.22577466     0.21439446     0.00458989     0.09571386     0.06206196
    1.88000000     0.04306953     0.22174137     0.21831068     0.00638336     0.09187827     0.06644920
    1.90000000     0.04117256     0.21766392     0.22202132     0.00845896     0.08790959     0.07078633
    1.92000000     0.03934667     0.21354874     0.22552183     0.01080951     0.08382788     0.07504925
    1.94000000     0.03758993     0.20940210     0.22880831     0.01342698     0.07965350     0.07921451
    1.96000000     0.03590036     0.20523009     0.23187745     0.01630252     0.07540705     0.08325940
    1.98000000     0.03427606     0.20103862     0.23472656     0.01942654     0.07110928     0.08716213
    2.00000000     0.03271510     0.19683341     0.23735356     0.02278874     0.06678094     0.09090189
    2.02000000     0.03121560     0.19261998     0.23975692     0.02637818     0.06244272     0.09445897
    2.04000000     0.02977569     0.18840366     0.24193570     0.03018333     0.05811517     0.09781488
    2.06000000     0.02839353     0.18418957     0.24388951     0.03419210     0.05381856     0.10095241
    2.08000000     0.02706731     0.17998264     0.24561849     0.03839195     0.04957282     0.10385574
    2.10000000     0.02579523     0.17578759     0.24712329     0.04276990     0.04539746     0.10651047
    2.12000000     0.02457554     0.17160892     0.24840506     0.04731261     0.04131147     0.10890371
    2.14000000     0.02340652     0.16745094     0.24946544     0.05200642     0.03733325     0.11102413
    2.16000000     0.02228646     0.16331775     0.25030651     0.05683744     0.03348055     0.11286197
    2.18000000     0.02121371     0.15921324     0.25093078     0.06179156     0.02977039     0.11440913
    2.20000000     0.02018664     0.15514109     0.25134119     0.06685452     0.02621902     0.11565911
    2.22000000     0.01920366     0.15110478     0.25154106     0.07201198     0.02284180     0.11660710
    2.24000000     0.01826320     0.14710758     0.25153408     0.07724957     0.01965325     0.11724994
    2.26000000     0.01736375     0.14315258     0.25132428     0.08255291     0.01666690     0.11758610
    2.28000000     0.01650381     0.13924266     0.25091602     0.08790768     0.01389534     0.11761570
    2.30000000     0.01568194     0.13538049     0.25031396     0.09329969     0.01135010     0.11734047
    2.32000000     0.01489672     0.13156858     0.24952303     0.09871486     0.00904169     0.11676372
    2.34000000     0.01414678     0.12780922     0.24854840     0.10413933     0.00697954     0.11589026
    2.36000000     0.01343077     0.12410456     0.24739550     0.10955948     0.00517201     0.11472642
    2.38000000     0.01274739     0.12045652     0.24606995     0.11496195     0.00362631     0.11327995
    2.40000000     0.01209537     0.11686688     0.24457755     0.12033367     0.00234860     0.11155996
    2.42000000     0.01147348     0.11333724     0.24292428     0.12566195     0.00134387     0.10957686
    2.44000000     0.01088052     0.10986903     0.24111626     0.13093445     0.00061604     0.10734228
    2.46000000     0.01031534     0.10646354     0.23915972     0.13613924     0.00016791     0.10486901
    2.48000000     0.00977681     0.10312188     0.23706100     0.14126481     0.00000117     0.10217090
    2.50000000     0.00926383     0.09984503     0.23482653     0.14630012     0.00011647     0.09926277
    2.52000000     0.00877536     0.09663380     0.23246278     0.15123460     0.00051337     0.09616033
    2.54000000     0.00831037     0.09348890     0.22997629     0.15605817     0.00119041     0.09288008
    2.56000000     0.00786788     0.09041087     0.22737360     0.16076127     0.00214513     0.08943923
    2.58000000     0.00744692     0.08740015     0.22466130     0.16533485     0.00337408     0.08585560
    2.60000000     0.00704659     0.08445703     0.22184592     0.16977043     0.00487290     0.08214750
    2.62000000     0.00666598     0.08158172     0.21893402     0.17406005     0.00663629     0.07833366
    2.64000000     0.00630423     0.07877428     0.21593208     0.17819632     0.00865812     0.07443312
    2.66000000     0.00596053     0.07603468     0.21284656     0.18217241     0.01093144     0.07046515
    2.68000000     0.00563407     0.07336281     0.20968383     0.18598206     0.01344849     0.06644913
    2.70000000     0.00532408     0.07075843     0.20645021     0.18961957     0.01620083     0.06240446
    2.72000000     0.00502981     0.06822124     0.20315190     0.19307980     0.01917932     0.05835051
    2.74000000     0.00475057     0.06575083     0.19979503     0.19635819     0.02237418     0.05430646
    2.76000000     0.00448565     0.06334672     0.19638559     0.19945074     0.02577506     0.05029127
    2.78000000     0.00423440     0.06100838     0.19292948     0.20235398     0.02937110     0.04632358
    2.80000000     0.00399618     0.05873516     0.18943245     0.20506502     0.03315094     0.04242163
    2.82000000     0.00377039     0.05652640     0.18590012     0.20758147     0.03710279     0.03860316
    2.84000000     0.00355644     0.05438134     0.18233798     0.20990150     0.04121453     0.03488540
    2.86000000     0.00335377     0.05229919     0.17875135     0.21202377     0.04547369     0.03128493
    2.88000000     0.00316184     0.05027908     0.17514540     0.21394746     0.04986754     0.02781767
    2.90000000     0.00298013     0.04832013     0.17152515     0.21567222     0.05438313     0.02449879
    2.92000000     0.00280815     0.04642140     0.16789544     0.21719819     0.05900736     0.02134269
    2.94000000     0.00264543     0.04458189     0.16426095     0.21852594     0.06372701     0.01836292
    2.96000000     0.00249151     0.04280061     0.16062619     0.21965651     0.06852878     0.01557214
    2.98000000     0.00234595     0.04107650     0.15699550     0.22059134     0.07339938     0.01298211
    3.00000000     0.00220835     0.03940849     0.15337302     0.22133228     0.07832552     0.01060363
    3.02000000     0.00207829     0.03779549     0.14976274     0.22188156     0.08329399     0.00844652
    3.04000000     0.00195541     0.03623637     0.14616845     0.22224178     0.08829170     0.00651959
    3.06000000     0.00183934     0.03473002     0.14259379     0.22241588     0.09330571     0.00483065
    3.08000000     0.00172974     0.03327527     0.13904219     0.22240712     0.09832328     0.00338647
    3.10000000     0.00162626     0.03187097     0.13551691     0.22221908     0.10333189     0.00219277
    3.12000000     0.00152860     0.03051596     0.13202105     0.22185562     0.10831930     0.00125424
    3.14000000     0.00143645     0.02920905     0.12855752     0.22132085     0.11327354     0.00057454
    3.16000000     0.00134953     0.02794907     0.12512906     0.22061914     0.11818300     0.00015628
    3.18000000     0.00126756     0.02673483     0.12173823     0.21975507     0.12303642     0.00000104
    3.20000000     0.00119028     0.02556517     0.11838744     0.21873344     0.12782290     0.00010943
    3.22000000     0.00111745     0.02443890     0.11507892     0.21755921     0.13253198     0.00048103
    3.24000000     0.00104881     0.02335486     0.11181473     0.21623754     0.13715361     0.00111447
    3.26000000     0.00098416     0.02231188     0.10859679     0.21477369     0.14167819     0.00200746
    3.28000000     0.00092328     0.02130880     0.10542685     0.21317308     0.14609658     0.00315677
    3.30000000     0.00086595     0.02034447     0.10230651     0.21144123     0.15040014     0.00455830
    3.32000000     0.00081199     0.01941776     0.09923723     0.20958374     0.15458068     0.00620712
    3.34000000     0.00076121     0.01852756     0.09622031     0.20760630     0.15863056     0.00809747
    3.36000000     0.00071344     0.01767274     0.09325693     0.20551463     0.16254263     0.01022285
    3.38000000     0.00066851     0.01685221     0.09034810     0.20331451     0.16631025     0.01257602
    3.40000000     0.00062627     0.01606490     0.08749475     0.20101173     0.16992732     0.01514907
    3.42000000     0.00058655     0.01530975     0.08469764     0.19861211     0.17338824     0.01793344
    3.44000000     0.00054923     0.01458570     0.08195743     0.19612143     0.17668796     0.02092000
    3.46000000     0.00051416     0.01389174     0.07927464     0.19354548     0.17982193     0.02409907
    3.48000000     0.00048122     0.01322685     0.07664971     0.19089000     0.18278615     0.02746047
    3.50000000     0.00045029     0.01259006     0.07408296     0.18816070     0.18557709     0.03099359
    3.52000000     0.00042125     0.01198039     0.07157459     0.18536321     0.18819179     0.03468741
    3.54000000     0.00039399     0.01139689     0.06912471     0.18250310     0.19062773     0.03853057
    3.56000000     0.00036841     0.01083865     0.06673336     0.17958589     0.19288292     0.04251142
    3.58000000     0.00034441     0.01030475     0.06440045     0.17661696     0.19495585     0.04661805
    3.60000000     0.00032191     0.00979431     0.06212585     0.17360163     0.19684548     0.05083835
    3.62000000     0.00030080     0.00930647     0.05990931     0.17054510     0.19855121     0.05516006
    3.64000000     0.00028102     0.00884040     0.05775054     0.16745246     0.20007291     0.05957083
    3.66000000     0.00026248     0.00839527     0.05564914     0.16432869     0.20141087     0.06405821
    3.68000000     0.00024510     0.00797028     0.05360469     0.16117861     0.20256579     0.06860977
    3.70000000     0.00022883     0.00756467     0.05161667     0.15800695     0.20353878     0.07321309
    3.72000000     0.00021359     0.00717767     0.04968452     0.15481827     0.20433133     0.07785581
    3.74000000     0.00019932     0.00680857     0.04780762     0.15161701     0.20494529     0.08252568
    3.76000000     0.00018596     0.00645663     0.04598531     0.14840745     0.20538286     0.08721062
    3.78000000     0.00017346     0.00612119     0.04421687     0.14519371     0.20564658     0.09189869
    3.80000000     0.00016176     0.00580157     0.04250155     0.14197980     0.20573928     0.09657820
    3.82000000     0.00015082     0.00549712     0.04083855     0.13876953     0.20566412     0.10123770
    3.84000000     0.00014059     0.00520721     0.03922705     0.13556658     0.20542449     0.10586600
    3.86000000     0.00013102     0.00493124     0.03766619     0.13237446     0.20502407     0.11045224
    3.88000000     0.00012208     0.00466863     0.03615508     0.12919653     0.20446675     0.11498589
    3.90000000     0.00011372     0.00441881     0.03469280     0.12603600     0.20375667     0.11945677
    3.92000000     0.00010591     0.00418122     0.03327843     0.12289590     0.20289813     0.12385509
    3.94000000     0.00009862     0.00395534     0.03191100     0.11977912     0.20189565     0.12817146
    3.96000000     0.00009181     0.00374066     0.03058955     0.11668839     0.20075389     0.13239690
    3.98000000     0.00008545     0.00353669     0.02931310     0.11362628     0.19947766     0.13652288
    4.00000000     0.00007952     0.00334296     0.02808064     0.11059522     0.19807189     0.14054130
    4.02000000     0.00007398     0.00315900     0.02689118     0.10759746     0.19654162     0.14444453
    4.04000000     0.00006881     0.00298437     0.02574370     0.10463513     0.19489201     0.14822543
    4.06000000     0.00006399     0.00281866     0.02463720     0.10171020     0.19312827     0.15187729
    4.08000000     0.00005949     0.00266145     0.02357064     0.09882451     0.19125566     0.15539393
    4.10000000     0.00005530     0.00251235     0.02254303     0.09597972     0.18927952     0.15876965
    4.12000000     0.00005140     0.00237099     0.02155334     0.09317741     0.18720519     0.16199921
    4.14000000     0.00004776     0.00223701     0.02060055     0.09041897     0.18503804     0.16507790
    4.16000000     0.00004436     0.00211005     0.01968368     0.08770569     0.18278344     0.16800148
    4.18000000     0.00004120     0.00198979     0.01880170     0.08503874     0.18044675     0.17076619
    4.20000000     0.00003826     0.00187590     0.01795363     0.08241913     0.17803331     0.17336877
    4.22000000     0.00003552     0.00176808     0.01713849     0.07984778     0.17554841     0.17580642
    4.24000000     0.00003297     0.00166603     0.01635530     0.07732548     0.17299731     0.17807682
    4.26000000     0.00003060     0.00156948     0.01560310     0.07485293     0.17038520     0.18017812
    4.28000000     0.00002839     0.00147815     0.01488094     0.07243070     0.16771722     0.18210890
    4.30000000     0.00002633     0.00139178     0.01418788     0.07005925     0.16499841     0.18386820
    4.32000000     0.00002442     0.00131013     0.01352300     0.06773897     0.16223375     0.18545546
    4.34000000     0.00002264     0.00123297     0.01288540     0.06547012     0.15942810     0.18687058
    4.36000000     0.00002099     0.00116006     0.01227417     0.06325290     0.15658624     0.18811383
    4.38000000     0.00001946     0.00109119     0.01168845     0.06108741     0.15371283     0.18918588
    4.40000000     0.00001803     0.00102616     0.01112737     0.05897367     0.15081243     0.19008778
    4.42000000     0.00001670     0.00096476     0.01059009     0.05691160     0.14788946     0.19082091
    4.44000000     0.00001547     0.00090682     0.01007579     0.05490109     0.14494823     0.19138703
    4.46000000     0.00001433     0.00085214     0.00958365     0.05294191     0.14199293     0.19178820
    4.48000000     0.00001327     0.00080057     0.00911290     0.05103381     0.13902759     0.19202680
    4.50000000     0.00001228     0.00075194     0.00866275     0.04917644     0.13605612     0.19210550
    4.52000000     0.00001137     0.00070609     0.00823246     0.04736941     0.13308230     0.19202724
    4.54000000     0.00001052     0.00066288     0.00782129     0.04561227     0.13010975     0.19179521
    4.56000000     0.00000973     0.00062216     0.00742854     0.04390453     0.12714196     0.19141286
    4.58000000     0.00000900     0.00058380     0.00705349     0.04224564     0.12418227     0.19088384
    4.60000000     0.00000833     0.00054768     0.00669548     0.04063500     0.12123387     0.19021202
    4.62000000     0.00000770     0.00051367     0.00635384     0.03907199     0.11829980     0.18940144
    4.64000000     0.00000712     0.00048166     0.00602794     0.03755594     0.11538298     0.18845632
    4.66000000     0.00000658     0.00045154     0.00571716     0.03608615     0.11248616     0.18738104
    4.68000000     0.00000608     0.00042320     0.00542088     0.03466188     0.10961195     0.18618009
    4.70000000     0.00000562     0.00039654     0.00513854     0.03328238     0.10676282     0.18485810
    4.72000000     0.00000519     0.00037148     0.00486955     0.03194685     0.10394109     0.18341980
    4.74000000     0.00000479     0.00034792     0.00461337     0.03065449     0.10114894     0.18187000
    4.76000000     0.00000442     0.00032578     0.00436947     0.02940448     0.09838841     0.18021358
    4.78000000     0.00000408     0.00030498     0.00413734     0.02819597     0.09566142     0.17845548
    4.80000000     0.00000377     0.00028544     0.00391647     0.02702810     0.09296973     0.17660068
    4.82000000     0.00000348     0.00026709     0.00370639     0.02590001     0.09031499     0.17465420
    4.84000000     0.00000321     0.00024986     0.00350663     0.02481080     0.08769869     0.17262106
    4.86000000     0.00000296     0.00023369     0.00331675     0.02375960     0.08512223     0.17050629
    4.88000000     0.00000273     0.00021851     0.00313631     0.02274552     0.08258686     0.16831490
    4.90000000     0.00000252     0.00020428     0.00296490     0.02176764     0.08009372     0.16605188
    4.92000000     0.00000232     0.00019093     0.00280211     0.02082508     0.07764384     0.16372220
    4.94000000     0.00000214     0.00017841     0.00264756     0.01991694     0.07523812     0.16133077
    4.96000000     0.00000197     0.00016667     0.00250087     0.01904232     0.07287737     0.15888245
    4.98000000     0.00000182     0.00015568     0.00236169     0.01820032     0.07056227     0.15638206
    5.00000000     0.00000167     0.00014537     0.00222967     0.01739006     0.06829342     0.15383430
    5.02000000     0.00000154     0.00013572     0.00210449     0.01661065     0.06607132     0.15124383
    5.04000000     0.00000142     0.00012668     0.00198582     0.01586120     0.06389637     0.14861522
    5.06000000     0.00000131     0.00011821     0.00187336     0.01514086     0.06176886     0.14595292
    5.08000000     0.00000120     0.00011029     0.00176681     0.01444876     0.05968903     0.14326130
    5.10000000     0.00000111     0.00010287     0.00166589     0.01378405     0.05765702     0.14054461
    5.12000000     0.00000102     0.00009593     0.00157033     0.01314589     0.05567289     0.13780701
    5.14000000     0.00000094     0.00008944     0.00147988     0.01253345     0.05373662     0.13505251
    5.16000000     0.00000086     0.00008338     0.00139429     0.01194591     0.05184813     0.13228504
    5.18000000     0.00000079     0.00007770     0.00131332     0.01138248     0.05000727     0.12950837
    5.20000000     0.00000073     0.00007240     0.00123673     0.01084236     0.04821382     0.12672615
    5.22000000     0.00000067     0.00006744     0.00116432     0.01032478     0.04646751     0.12394192
    5.24000000     0.00000062     0.00006281     0.00109587     0.00982899     0.04476800     0.12115906
    5.26000000     0.00000057     0.00005849     0.00103120     0.00935422     0.04311491     0.11838083
    5.28000000     0.00000052     0.00005445     0.00097009     0.00889976     0.04150781     0.11561036
    5.30000000     0.00000048     0.00005067     0.00091239     0.00846490     0.03994621     0.11285063
    5.32000000     0.00000044     0.00004715     0.00085790     0.00804893     0.03842959     0.11010449
    5.34000000     0.00000040     0.00004387     0.00080647     0.00765117     0.03695740     0.10737465
    5.36000000     0.00000037     0.00004080     0.00075793     0.00727096     0.03552903     0.10466370
    5.38000000     0.00000034     0.00003795     0.00071215     0.00690765     0.03414385     0.10197406
    5.40000000     0.00000031     0.00003528     0.00066896     0.00656061     0.03280121     0.09930805
    5.42000000     0.00000029     0.00003279     0.00062824     0.00622922     0.03150041     0.09666783
    5.44000000     0.00000026     0.00003048     0.00058986     0.00591288     0.03024073     0.09405545
    5.46000000     0.00000024     0.00002832     0.00055369     0.00561102     0.02902145     0.09147281
    5.48000000     0.00000022     0.00002631     0.00051961     0.00532306     0.02784181     0.08892169
    5.50000000     0.00000020     0.00002443     0.00048752     0.00504846     0.02670104     0.08640374
    5.52000000     0.00000019     0.00002269     0.00045729     0.00478668     0.02559835     0.08392050
    5.54000000     0.00000017     0.00002106     0.00042884     0.00453721     0.02453294     0.08147337
    5.56000000     0.00000016     0.00001955     0.00040206     0.00429955     0.02350401     0.07906365
    5.58000000     0.00000014     0.00001814     0.00037687     0.00407320     0.02251073     0.07669249
    5.60000000     0.00000013     0.00001683     0.00035317     0.00385771     0.02155228     0.07436098
    5.62000000     0.00000012     0.00001561     0.00033088     0.00365261     0.02062784     0.07207006
    5.64000000     0.00000011     0.00001448     0.00030993     0.00345747     0.01973657     0.06982057
    5.66000000     0.00000010     0.00001343     0.00029023     0.00327186     0.01887765     0.06761327
    5.68000000     0.00000009     0.00001245     0.00027173     0.00309537     0.01805023     0.06544879
    5.70000000     0.00000008     0.00001154     0.00025434     0.00292761     0.01725349     0.06332770
    5.72000000     0.00000008     0.00001069     0.00023801     0.00276819     0.01648661     0.06125044
    5.74000000     0.00000007     0.00000990     0.00022268     0.00261675     0.01574876     0.05921738
    5.76000000     0.00000006     0.00000917     0.00020829     0.00247293     0.01503913     0.05722882
    5.78000000     0.00000006     0.00000850     0.00019478     0.00233639     0.01435690     0.05528495
    5.80000000     0.00000005     0.00000787     0.00018211     0.00220680     0.01370127     0.05338591
    5.82000000     0.00000005     0.00000728     0.00017022     0.00208384     0.01307146     0.05153174
    5.84000000     0.00000005     0.00000674     0.00015908     0.00196721     0.01246667     0.04972244
    5.86000000     0.00000004     0.00000624     0.00014862     0.00185661     0.01188614     0.04795791
    5.88000000     0.00000004     0.00000577     0.00013883     0.00175178     0.01132910     0.04623801
    5.90000000     0.00000003     0.00000534     0.00012965     0.00165242     0.01079481     0.04456254
    5.92000000     0.00000003     0.00000494     0.00012105     0.00155830     0.01028252     0.04293124
    5.94000000     0.00000003     0.00000456     0.00011299     0.00146915     0.00979151     0.04134378
    5.96000000     0.00000003     0.00000422     0.00010545     0.00138473     0.00932107     0.03979982
    5.98000000     0.00000002     0.00000390     0.00009839     0.00130483     0.00887050     0.03829892
    6.00000000     0.00000002     0.00000360     0.00009178     0.00122922     0.00843913     0.03684066
    6.02000000     0.00000002     0.00000333     0.00008559     0.00115769     0.00802627     0.03542453
    6.04000000     0.00000002     0.00000307     0.00007980     0.00109004     0.00763127     0.03405000
    6.06000000     0.00000002     0.00000284     0.00007439     0.00102608     0.00725350     0.03271652
    6.08000000     0.00000002     0.00000262     0.00006933     0.00096562     0.00689233     0.03142348
    6.10000000     0.00000001     0.00000242     0.00006460     0.00090848     0.00654716     0.03017027
    6.12000000     0.00000001     0.00000223     0.00006018     0.00085451     0.00621738     0.02895625
    6.14000000     0.00000001     0.00000206     0.00005605     0.00080354     0.00590242     0.02778073
    6.16000000     0.00000001     0.00000190     0.00005219     0.00075541     0.00560172     0.02664303
    6.18000000     0.00000001     0.00000175     0.00004859     0.00070999     0.00531472     0.02554244
    6.20000000     0.00000001     0.00000162     0.00004522     0.00066712     0.00504091     0.02447824
    6.22000000     0.00000001     0.00000149     0.00004208     0.00062668     0.00477975     0.02344968
    6.24000000     0.00000001     0.00000137     0.00003915     0.00058854     0.00453075     0.02245603
    6.26000000     0.00000001     0.00000127     0.00003641     0.00055257     0.00429341     0.02149651
    6.28000000     0.00000001     0.00000117     0.00003386     0.00051868     0.00406728     0.02057036
    6.30000000     0.00000001     0.00000108     0.00003148     0.00048673     0.00385188     0.01967682
    6.32000000     0.00000000     0.00000099     0.00002926     0.00045664     0.00364678     0.01881510
    6.34000000     0.00000000     0.00000091     0.00002719     0.00042829     0.00345155     0.01798442
    6.36000000     0.00000000     0.00000084     0.00002526     0.00040160     0.00326576     0.01718400
    6.38000000     0.00000000     0.00000077     0.00002347     0.00037647     0.00308903     0.01641307
    6.40000000     0.00000000     0.00000071     0.00002179     0.00035283     0.00292097     0.01567085
    6.42000000     0.00000000     0.00000066     0.00002023     0.00033058     0.00276119     0.01495656
    6.44000000     0.00000000     0.00000060     0.00001878     0.00030965     0.00260934     0.01426942
    6.46000000     0.00000000     0.00000055     0.00001743     0.00028997     0.00246507     0.01360869
    6.48000000     0.00000000     0.00000051     0.00001617     0.00027147     0.00232804     0.01297359
    6.50000000     0.00000000     0.00000047     0.00001500     0.00025408     0.00219794     0.01236338
    6.52000000     0.00000000     0.00000043     0.00001391     0.00023775     0.00207444     0.01177731
    6.54000000     0.00000000     0.00000040     0.00001290     0.00022240     0.00195726     0.01121465
    6.56000000     0.00000000     0.00000036     0.00001196     0.00020798     0.00184609     0.01067467
    6.58000000     0.00000000     0.00000033     0.00001108     0.00019445     0.00174067     0.01015667
    6.60000000     0.00000000     0.00000031     0.00001026     0.00018174     0.00164073     0.00965993
    6.62000000     0.00000000     0.00000028     0.00000951     0.00016982     0.00154601     0.00918378
    6.64000000     0.00000000     0.00000026     0.00000881     0.00015863     0.00145626     0.00872752
    6.66000000     0.00000000     0.00000024     0.00000815     0.00014814     0.00137126     0.00829050
    6.68000000     0.00000000     0.00000022     0.00000755     0.00013830     0.00129077     0.00787206
    6.70000000     0.00000000     0.00000020     0.00000698     0.00012908     0.00121457     0.00747156
    6.72000000     0.00000000     0.00000018     0.00000646     0.00012043     0.00114247     0.00708838
    6.74000000     0.00000000     0.00000017     0.00000597     0.00011233     0.00107425     0.00672190
    6.76000000     0.00000000     0.00000015     0.00000552     0.00010475     0.00100973     0.00637153
    6.78000000     0.00000000     0.00000014     0.00000511     0.00009764     0.00094873     0.00603667
    6.80000000     0.00000000     0.00000013     0.00000472     0.00009098     0.00089107     0.00571677
    6.82000000     0.00000000     0.00000012     0.00000436     0.00008475     0.00083659     0.00541127
    6.84000000     0.00000000     0.00000011     0.00000403     0.00007892     0.00078512     0.00511962
    6.86000000     0.00000000     0.00000010     0.00000372     0.00007347     0.00073651     0.00484129
    6.88000000     0.00000000     0.00000009     0.00000343     0.00006837     0.00069062     0.00457579
    6.90000000     0.00000000     0.00000008     0.00000317     0.00006360     0.00064731     0.00432260
    6.92000000     0.00000000     0.00000008     0.00000292     0.00005914     0.00060644     0.00408126
    6.94000000     0.00000000     0.00000007     0.00000269     0.00005497     0.00056789     0.00385127
    6.96000000     0.00000000     0.00000006     0.00000248     0.00005107     0.00053153     0.00363221
    6.98000000     0.00000000     0.00000006     0.00000229     0.00004743     0.00049726     0.00342361
    7.00000000     0.00000000     0.00000005     0.00000211     0.00004403     0.00046496     0.00322505
    7.02000000     0.00000000     0.00000005     0.00000194     0.00004086     0.00043453     0.00303613
    7.04000000     0.00000000     0.00000004     0.00000179     0.00003789     0.00040587     0.00285644
    7.06000000     0.00000000     0.00000004     0.00000164     0.00003513     0.00037888     0.00268560
    7.08000000     0.00000000     0.00000004     0.00000151     0.00003254     0.00035347     0.00252322
    7.10000000     0.00000000     0.00000003     0.00000139     0.00003014     0.00032957     0.00236896
    7.12000000     0.00000000     0.00000003     0.00000128     0.00002789     0.00030708     0.00222245
    7.14000000     0.00000000     0.00000003     0.00000117     0.00002580     0.00028593     0.00208338
    7.16000000     0.00000000     0.00000003     0.00000108     0.00002385     0.00026605     0.00195140
    7.18000000     0.00000000     0.00000002     0.00000099     0.00002203     0.00024736     0.00182622
    7.20000000     0.00000000     0.00000002     0.00000090     0.00002034     0.00022980     0.00170753
    7.22000000     0.00000000     0.00000002     0.00000083     0.00001876     0.00021331     0.00159505
    7.24000000     0.00000000     0.00000002     0.00000076     0.00001729     0.00019783     0.00148849
    7.26000000     0.00000000     0.00000002     0.00000069     0.00001592     0.00018330     0.00138758
    7.28000000     0.00000000     0.00000001     0.00000063     0.00001465     0.00016967     0.00129209
    7.30000000     0.00000000     0.00000001     0.00000058     0.00001347     0.00015689     0.00120174
    7.32000000     0.00000000     0.00000001     0.00000053     0.00001237     0.00014490     0.00111632
    7.34000000     0.00000000     0.00000001     0.00000048     0.00001135     0.00013367     0.00103560
    7.36000000     0.00000000     0.00000001     0.00000044     0.00001040     0.00012315     0.00095935
    7.38000000     0.00000000     0.00000001     0.00000040     0.00000951     0.00011331     0.00088737
    7.40000000     0.00000000     0.00000001     0.00000036     0.00000869     0.00010409     0.00081947
    7.42000000     0.00000000     0.00000001     0.00000033     0.00000793     0.00009547     0.00075546
    7.44000000     0.00000000     0.00000001     0.00000030     0.00000723     0.00008742     0.00069514
    7.46000000     0.00000000     0.00000001     0.00000027     0.00000657     0.00007989     0.00063836
    7.48000000     0.00000000     0.00000001     0.00000024     0.00000597     0.00007286     0.00058494
    7.50000000     0.00000000     0.00000000     0.00000022     0.00000540     0.00006631     0.00053474
    7.52000000     0.00000000     0.00000000     0.00000020     0.00000488     0.00006020     0.00048759
    7.54000000     0.00000000     0.00000000     0.00000018     0.00000440     0.00005451     0.00044336
    7.56000000     0.00000000     0.00000000     0.00000016     0.00000396     0.00004921     0.00040192
    7.58000000     0.00000000     0.00000000     0.00000014     0.00000355     0.00004429     0.00036313
    7.60000000     0.00000000     0.00000000     0.00000013     0.00000317     0.00003971     0.00032688
    7.62000000     0.00000000     0.00000000     0.00000011     0.00000282     0.00003547     0.00029304
    7.64000000     0.00000000     0.00000000     0.00000010     0.00000250     0.00003155     0.00026152
    7.66000000     0.00000000     0.00000000     0.00000009     0.00000220     0.00002792     0.00023221
    7.68000000     0.00000000     0.00000000     0.00000008     0.00000193     0.00002457     0.00020502
    7.70000000     0.00000000     0.00000000     0.00000007     0.00000169     0.00002149     0.00017985
    7.72000000     0.00000000     0.00000000     0.00000006     0.00000146     0.00001866     0.00015662
    7.74000000     0.00000000     0.00000000     0.00000005     0.00000125     0.00001608     0.00013525
    7.76000000     0.00000000     0.00000000     0.00000004     0.00000107     0.00001371     0.00011567
    7.78000000     0.00000000     0.00000000     0.00000003     0.00000090     0.00001157     0.00009781
    7.80000000     0.00000000     0.00000000     0.00000003     0.00000075     0.00000963     0.00008161
    7.82000000     0.00000000     0.00000000     0.00000002     0.00000061     0.00000789     0.00006701
    7.84000000     0.00000000     0.00000000     0.00000002     0.00000049     0.00000635     0.00005395
    7.86000000     0.00000000     0.00000000     0.00000001     0.00000038     0.00000498     0.00004240
    7.88000000     0.00000000     0.00000000     0.00000001     0.00000029     0.00000379     0.00003231
    7.90000000     0.00000000     0.00000000     0.00000001     0.00000021     0.00000277     0.00002364
    7.92000000     0.00000000     0.00000000     0.00000001     0.00000015     0.00000191     0.00001636
    7.94000000     0.00000000     0.00000000     0.00000000     0.00000009     0.00000122     0.00001044
    7.96000000     0.00000000     0.00000000     0.00000000     0.00000005     0.00000068     0.00000586
    7.98000000     0.00000000     0.00000000     0.00000000     0.00000002     0.00000030     0.00000260
    8.00000000     0.00000000     0.00000000     0.00000000     0.00000001     0.00000008     0.00000065
