# N=  800      1.06033550     3.79948211     7.45505233    11.64323001    16.25891852    21.23345516
   -5.98500000     0.00000000     0.00000000     0.00000000     0.00000000     0.00000000     0.00000000
   -5.97000000     0.00000000     0.00000000     0.00000000     0.00000000     0.00000000     0.00000000
   -5.95500000     0.00000000     0.00000000     0.00000000     0.00000000     0.00000000     0.00000000
   -5.94000000     0.00000000     0.00000000     0.00000000     0.00000000     0.00000000     0.00000000
   -5.92500000     0.00000000     0.00000000     0.00000000     0.00000000     0.00000000     0.00000000
   -5.91000000     0.00000000     0.00000000     0.00000000     0.00000000     0.00000000     0.00000000
   -5.89500000     0.00000000     0.00000000     0.00000000     0.00000000     0.00000000     0.00000000
   -5.88000000     0.00000000     0.00000000     0.00000000     0.00000000     0.00000000     0.00000000
   -5.86500000     0.00000000     0.00000000     0.00000000     0.00000000     0.00000000     0.00000000
   -5.85000000     0.00000000     0.00000000     0.00000000     0.00000000     0.00000000     0.00000000
   -5.83500000     0.00000000     0.00000000     0.00000000     0.00000000     0.00000000     0.00000000
   -5.82000000     0.00000000     0.00000000     0.00000000     0.00000000     0.00000000     0.00000000
   -5.80500000     0.00000000     0.00000000     0.00000000     0.00000000     0.00000000     0.00000000
   -5.79000000     0.00000000     0.00000000     0.00000000     0.00000000     0.00000000     0.00000000
   -5.77500000     0.00000000     0.00000000     0.00000000     0.00000000     0.00000000     0.00000000
   -5.76000000     0.00000000     0.00000000     0.00000000     0.00000000     0.00000000     0.00000000
   -5.74500000     0.00000000     0.00000000     0.00000000     0.00000000     0.00000000     0.00000000
   -5.73000000     0.00000000     0.00000000     0.00000000     0.00000000     0.00000000     0.00000000
   -5.71500000     0.00000000     0.00000000     0.00000000     0.00000000     0.00000000     0.00000000
   -5.70000000     0.00000000     0.00000000     0.00000000     0.00000000     0.00000000     0.00000000
   -5.68500000     0.00000000     0.00000000     0.00000000     0.00000000     0.00000000     0.00000000
   -5.67000000     0.00000000     0.00000000     0.00000000     0.00000000     0.00000000     0.00000000
   -5.65500000     0.00000000     0.00000000     0.00000000     0.00000000     0.00000000     0.00000000
   -5.64000000     0.00000000     0.00000000     0.00000000     0.00000000     0.00000000     0.00000000
   -5.62500000     0.00000000     0.00000000     0.00000000     0.00000000     0.00000000     0.00000000
   -5.61000000     0.00000000     0.00000000     0.00000000     0.00000000     0.00000000     0.00000000
   -5.59500000     0.00000000     0.00000000     0.00000000     0.00000000     0.00000000     0.00000000
   -5.58000000     0.00000000     0.00000000     0.00000000     0.00000000     0.00000000     0.00000000
   -5.56500000     0.00000000     0.00000000     0.00000000     0.00000000     0.00000000     0.00000000
   -5.55000000     0.00000000     0.00000000     0.00000000     0.00000000     0.00000000     0.00000000
   -5.53500000     0.00000000     0.00000000     0.00000000     0.00000000     0.00000000     0.00000000
   -5.52000000     0.00000000     0.00000000     0.00000000     0.00000000     0.00000000     0.00000000
   -5.50500000     0.00000000     0.00000000     0.00000000     0.00000000     0.00000000     0.00000000
   -5.49000000     0.00000000     0.00000000     0.00000000     0.00000000     0.00000000     0.00000000
   -5.47500000     0.00000000     0.00000000     0.00000000     0.00000000     0.00000000     0.00000000
   -5.46000000     0.00000000     0.00000000     0.00000000     0.00000000     0.00000000     0.00000000
   -5.44500000     0.00000000     0.00000000     0.00000000     0.00000000     0.00000000     0.00000000
   -5.43000000     0.00000000     0.00000000     0.00000000     0.00000000     0.00000000     0.00000000
   -5.41500000     0.00000000     0.00000000     0.00000000     0.00000000     0.00000000     0.00000000
   -5.40000000     0.00000000     0.00000000     0.00000000     0.00000000     0.00000000     0.00000000
   -5.38500000     0.00000000     0.00000000     0.00000000     0.00000000     0.00000000     0.00000000
   -5.37000000     0.00000000     0.00000000     0.00000000     0.00000000     0.00000000     0.00000000
   -5.35500000     0.00000000     0.00000000     0.00000000     0.00000000     0.00000000     0.00000000
   -5.34000000     0.00000000     0.00000000     0.00000000     0.00000000     0.00000000     0.00000000
   -5.32500000     0.00000000     0.00000000     0.00000000     0.00000000     0.00000000     0.00000000
   -5.31000000     0.00000000     0.00000000     0.00000000     0.00000000     0.00000000     0.00000000
   -5.29500000     0.00000000     0.00000000     0.00000000     0.00000000     0.00000000     0.00000000
   -5.28000000     0.00000000     0.00000000     0.00000000     0.00000000     0.00000000     0.00000000
   -5.26500000     0.00000000     0.00000000     0.00000000     0.00000000     0.00000000     0.00000000
   -5.25000000     0.00000000     0.00000000     0.00000000     0.00000000     0.00000000     0.00000000
   -5.23500000     0.00000000     0.00000000     0.00000000     0.00000000     0.00000000     0.00000000
   -5.22000000     0.00000000     0.00000000     0.00000000     0.00000000     0.00000000     0.00000000
   -5.20500000     0.00000000     0.00000000     0.00000000     0.00000000     0.00000000     0.00000000
   -5.19000000     0.00000000     0.00000000     0.00000000     0.00000000     0.00000000     0.00000000
   -5.17500000     0.00000000     0.00000000     0.00000000     0.00000000     0.00000000     0.00000000
   -5.16000000     0.00000000     0.00000000     0.00000000     0.00000000     0.00000000     0.00000000
   -5.14500000     0.00000000     0.00000000     0.00000000     0.00000000     0.00000000     0.00000000
   -5.13000000     0.00000000     0.00000000     0.00000000     0.00000000     0.00000000     0.00000000
   -5.11500000     0.00000000     0.00000000     0.00000000     0.00000000     0.00000000     0.00000000
   -5.10000000     0.00000000     0.00000000     0.00000000     0.00000000     0.00000000     0.00000000
   -5.08500000     0.00000000     0.00000000     0.00000000     0.00000000     0.00000000     0.00000000
   -5.07000000     0.00000000     0.00000000     0.00000000     0.00000000     0.00000000     0.00000000
   -5.05500000     0.00000000     0.00000000     0.00000000     0.00000000     0.00000000     0.00000000
   -5.04000000     0.00000000     0.00000000     0.00000000     0.00000000     0.00000000     0.00000000
   -5.02500000     0.00000000     0.00000000     0.00000000     0.00000000     0.00000000     0.00000000
   -5.01000000     0.00000000     0.00000000     0.00000000     0.00000000     0.00000000     0.00000000
   -4.99500000     0.00000000     0.00000000     0.00000000     0.00000000     0.00000000     0.00000000
   -4.98000000     0.00000000     0.00000000     0.00000000     0.00000000     0.00000000     0.00000000
   -4.96500000     0.00000000     0.00000000     0.00000000     0.00000000     0.00000000     0.00000000
   -4.95000000     0.00000000     0.00000000     0.00000000     0.00000000     0.00000000     0.00000000
   -4.93500000     0.00000000     0.00000000     0.00000000     0.00000000     0.00000000     0.00000000
   -4.92000000     0.00000000     0.00000000     0.00000000     0.00000000     0.00000000     0.00000000
   -4.90500000     0.00000000     0.00000000     0.00000000     0.00000000     0.00000000     0.00000000
   -4.89000000     0.00000000     0.00000000     0.00000000     0.00000000     0.00000000     0.00000000
   -4.87500000     0.00000000     0.00000000     0.00000000     0.00000000     0.00000000     0.00000000
   -4.86000000     0.00000000     0.00000000     0.00000000     0.00000000     0.00000000     0.00000000
   -4.84500000     0.00000000     0.00000000     0.00000000     0.00000000     0.00000000     0.00000000
   -4.83000000     0.00000000     0.00000000     0.00000000     0.00000000     0.00000000     0.00000000
   -4.81500000     0.00000000     0.00000000     0.00000000     0.00000000     0.00000000     0.00000000
   -4.80000000     0.00000000     0.00000000     0.00000000     0.00000000     0.00000000     0.00000000
   -4.78500000     0.00000000     0.00000000     0.00000000     0.00000000     0.00000000     0.00000000
   -4.77000000     0.00000000     0.00000000     0.00000000     0.00000000     0.00000000     0.00000000
   -4.75500000     0.00000000     0.00000000     0.00000000     0.00000000     0.00000000     0.00000000
   -4.74000000     0.00000000     0.00000000     0.00000000     0.00000000     0.00000000     0.00000000
   -4.72500000     0.00000000     0.00000000     0.00000000     0.00000000     0.00000000     0.00000000
   -4.71000000     0.00000000     0.00000000     0.00000000     0.00000000     0.00000000     0.00000000
   -4.69500000     0.00000000     0.00000000     0.00000000     0.00000000     0.00000000     0.00000000
   -4.68000000     0.00000000     0.00000000     0.00000000     0.00000000     0.00000000     0.00000000
   -4.66500000     0.00000000     0.00000000     0.00000000     0.00000000     0.00000000     0.00000000
   -4.65000000     0.00000000     0.00000000     0.00000000     0.00000000     0.00000000     0.00000000
   -4.63500000     0.00000000     0.00000000     0.00000000     0.00000000     0.00000000     0.00000000
   -4.62000000     0.00000000     0.00000000     0.00000000     0.00000000     0.00000000     0.00000000
   -4.60500000     0.00000000     0.00000000     0.00000000     0.00000000     0.00000000     0.00000000
   -4.59000000     0.00000000     0.00000000     0.00000000     0.00000000     0.00000000     0.00000000
   -4.57500000     0.00000000     0.00000000     0.00000000     0.00000000     0.00000000     0.00000000
   -4.56000000     0.00000000     0.00000000     0.00000000     0.00000000     0.00000000     0.00000000
   -4.54500000     0.00000000     0.00000000     0.00000000     0.00000000     0.00000000     0.00000000
   -4.53000000     0.00000000     0.00000000     0.00000000     0.00000000     0.00000000     0.00000000
   -4.51500000     0.00000000     0.00000000     0.00000000     0.00000000     0.00000000     0.00000000
   -4.50000000     0.00000000     0.00000000     0.00000000     0.00000000     0.00000000     0.00000000
   -4.48500000     0.00000000     0.00000000     0.00000000     0.00000000     0.00000000     0.00000000
   -4.47000000     0.00000000     0.00000000     0.00000000     0.00000000     0.00000000     0.00000000
   -4.45500000     0.00000000     0.00000000     0.00000000     0.00000000     0.00000000     0.00000000
   -4.44000000     0.00000000     0.00000000     0.00000000     0.00000000     0.00000000     0.00000000
   -4.42500000     0.00000000     0.00000000     0.00000000     0.00000000     0.00000000     0.00000000
   -4.41000000     0.00000000     0.00000000     0.00000000     0.00000000     0.00000000     0.00000000
   -4.39500000     0.00000000     0.00000000     0.00000000     0.00000000     0.00000000     0.00000000
   -4.38000000     0.00000000     0.00000000     0.00000000     0.00000000     0.00000000     0.00000000
   -4.36500000     0.00000000     0.00000000     0.00000000     0.00000000     0.00000000     0.00000000
   -4.35000000     0.00000000     0.00000000     0.00000000     0.00000000     0.00000000     0.00000000
   -4.33500000     0.00000000     0.00000000     0.00000000     0.00000000     0.00000000     0.00000000
   -4.32000000     0.00000000     0.00000000     0.00000000     0.00000000     0.00000000     0.00000000
   -4.30500000     0.00000000     0.00000000     0.00000000     0.00000000     0.00000000     0.00000000
   -4.29000000     0.00000000     0.00000000     0.00000000     0.00000000     0.00000000     0.00000000
   -4.27500000     0.00000000     0.00000000     0.00000000     0.00000000     0.00000000     0.00000000
   -4.26000000     0.00000000     0.00000000     0.00000000     0.00000000     0.00000000     0.00000000
   -4.24500000     0.00000000     0.00000000     0.00000000     0.00000000     0.00000000     0.00000000
   -4.23000000     0.00000000     0.00000000     0.00000000     0.00000000     0.00000000     0.00000000
   -4.21500000     0.00000000     0.00000000     0.00000000     0.00000000     0.00000000     0.00000000
   -4.20000000     0.00000000     0.00000000     0.00000000     0.00000000     0.00000000     0.00000000
   -4.18500000     0.00000000     0.00000000     0.00000000     0.00000000     0.00000000     0.00000000
   -4.17000000     0.00000000     0.00000000     0.00000000     0.00000000     0.00000000     0.00000000
   -4.15500000     0.00000000     0.00000000     0.00000000     0.00000000     0.00000000     0.00000000
   -4.14000000     0.00000000     0.00000000     0.00000000     0.00000000     0.00000000     0.00000000
   -4.12500000     0.00000000     0.00000000     0.00000000     0.00000000     0.00000000     0.00000000
   -4.11000000     0.00000000     0.00000000     0.00000000     0.00000000     0.00000000     0.00000000
   -4.09500000     0.00000000     0.00000000     0.00000000     0.00000000     0.00000000     0.00000000
   -4.08000000     0.00000000     0.00000000     0.00000000     0.00000000     0.00000000     0.00000000
   -4.06500000     0.00000000     0.00000000     0.00000000     0.00000000     0.00000000     0.00000000
   -4.05000000     0.00000000     0.00000000     0.00000000     0.00000000     0.00000000     0.00000000
   -4.03500000     0.00000000     0.00000000     0.00000000     0.00000000     0.00000000     0.00000000
   -4.02000000     0.00000000     0.00000000     0.00000000     0.00000000     0.00000000     0.00000000
   -4.00500000     0.00000000     0.00000000     0.00000000     0.00000000     0.00000000     0.00000000
   -3.99000000     0.00000000     0.00000000     0.00000000     0.00000000     0.00000000     0.00000000
   -3.97500000     0.00000000     0.00000000     0.00000000     0.00000000     0.00000000     0.00000000
   -3.96000000     0.00000000     0.00000000     0.00000000     0.00000000     0.00000000     0.00000000
   -3.94500000     0.00000000     0.00000000     0.00000000     0.00000000     0.00000000     0.00000000
   -3.93000000     0.00000000     0.00000000     0.00000000     0.00000000     0.00000000     0.00000000
   -3.91500000     0.00000000     0.00000000     0.00000000     0.00000000     0.00000000     0.00000000
   -3.90000000     0.00000000     0.00000000     0.00000000     0.00000000     0.00000000     0.00000000
   -3.88500000     0.00000000     0.00000000     0.00000000     0.00000000     0.00000000     0.00000000
   -3.87000000     0.00000000     0.00000000     0.00000000     0.00000000     0.00000000     0.00000000
   -3.85500000     0.00000000     0.00000000     0.00000000     0.00000000     0.00000000     0.00000000
   -3.84000000     0.00000000     0.00000000     0.00000000     0.00000000     0.00000000     0.00000000
   -3.82500000     0.00000000     0.00000000     0.00000000     0.00000000     0.00000000     0.00000000
   -3.81000000     0.00000000     0.00000000     0.00000000     0.00000000     0.00000000     0.00000000
   -3.79500000     0.00000000     0.00000000     0.00000000     0.00000000     0.00000000     0.00000000
   -3.78000000     0.00000000     0.00000000     0.00000000     0.00000000     0.00000000     0.00000000
   -3.76500000     0.00000000     0.00000000     0.00000000     0.00000000     0.00000000     0.00000000
   -3.75000000     0.00000000     0.00000000     0.00000000     0.00000000     0.00000000     0.00000000
   -3.73500000     0.00000000     0.00000000     0.00000000     0.00000000     0.00000000     0.00000000
   -3.72000000     0.00000000     0.00000000     0.00000000     0.00000000     0.00000000     0.00000000
   -3.70500000     0.00000000     0.00000000     0.00000000     0.00000000     0.00000000     0.00000000
   -3.69000000     0.00000000     0.00000000     0.00000000     0.00000000     0.00000000     0.00000000
   -3.67500000     0.00000000     0.00000000     0.00000000     0.00000000     0.00000000     0.00000000
   -3.66000000     0.00000000     0.00000000     0.00000000     0.00000000     0.00000000     0.00000000
   -3.64500000     0.00000000     0.00000000     0.00000000     0.00000000     0.00000000     0.00000000
   -3.63000000     0.00000000     0.00000000     0.00000000     0.00000000     0.00000000     0.00000000
   -3.61500000     0.00000000     0.00000000     0.00000000     0.00000000     0.00000000     0.00000000
   -3.60000000     0.00000000     0.00000000     0.00000000     0.00000000     0.00000000     0.00000000
   -3.58500000     0.00000000     0.00000000     0.00000000     0.00000000     0.00000000     0.00000000
   -3.57000000     0.00000000     0.00000000     0.00000000     0.00000000     0.00000000     0.00000000
   -3.55500000     0.00000000     0.00000000     0.00000000     0.00000000     0.00000000     0.00000000
   -3.54000000     0.00000000     0.00000000     0.00000000     0.00000000     0.00000000     0.00000000
   -3.52500000     0.00000000     0.00000000     0.00000000     0.00000000     0.00000000     0.00000000
   -3.51000000     0.00000000     0.00000000     0.00000000     0.00000000     0.00000000     0.00000000
   -3.49500000     0.00000000     0.00000000     0.00000000     0.00000000     0.00000000     0.00000000
   -3.48000000     0.00000000     0.00000000     0.00000000     0.00000000     0.00000000     0.00000000
   -3.46500000     0.00000000     0.00000000     0.00000000     0.00000000     0.00000000     0.00000000
   -3.45000000     0.00000000     0.00000000     0.00000000     0.00000000     0.00000000     0.00000000
   -3.43500000     0.00000000     0.00000000     0.00000000     0.00000000     0.00000000     0.00000000
   -3.42000000     0.00000000     0.00000000     0.00000000     0.00000000     0.00000000     0.00000001
   -3.40500000     0.00000000     0.00000000     0.00000000     0.00000000     0.00000000     0.00000001
   -3.39000000     0.00000000     0.00000000     0.00000000     0.00000000     0.00000000     0.00000001
   -3.37500000     0.00000000     0.00000000     0.00000000     0.00000000     0.00000000     0.00000002
   -3.36000000     0.00000000     0.00000000     0.00000000     0.00000000     0.00000000     0.00000002
   -3.34500000     0.00000000     0.00000000     0.00000000     0.00000000     0.00000001     0.00000003
   -3.33000000     0.00000000     0.00000000     0.00000000     0.00000000     0.00000001     0.00000004
   -3.31500000     0.00000000     0.00000000     0.00000000     0.00000000     0.00000001     0.00000006
   -3.30000000     0.00000000     0.00000000     0.00000000     0.00000000     0.00000001     0.00000008
   -3.28500000     0.00000000     0.00000000     0.00000000     0.00000000     0.00000002     0.00000011
   -3.27000000     0.00000000     0.00000000     0.00000000     0.00000000     0.00000003     0.00000015
   -3.25500000     0.00000000     0.00000000     0.00000000     0.00000001     0.00000004     0.00000020
   -3.24000000     0.00000000     0.00000000     0.00000000     0.00000001     0.00000005     0.00000026
   -3.22500000     0.00000000     0.00000000     0.00000000     0.00000001     0.00000007     0.00000035
   -3.21000000     0.00000000     0.00000000     0.00000000     0.00000002     0.00000009     0.00000047
   -3.19500000     0.00000000     0.00000000     0.00000000     0.00000002     0.00000012     0.00000063
   -3.18000000     0.00000000     0.00000000     0.00000000     0.00000003     0.00000016     0.00000083
   -3.16500000     0.00000000     0.00000000     0.00000001     0.00000004     0.00000022     0.00000110
   -3.15000000     0.00000000     0.00000000     0.00000001     0.00000005     0.00000029     0.00000145
   -3.13500000     0.00000000     0.00000000     0.00000001     0.00000007     0.00000038     0.00000190
   -3.12000000     0.00000000     0.00000000     0.00000001     0.00000009     0.00000050     0.00000249
   -3.10500000     0.00000000     0.00000000     0.00000002     0.00000012     0.00000066     0.00000326
   -3.09000000     0.00000000     0.00000000     0.00000002     0.00000016     0.00000087     0.00000424
   -3.07500000     0.00000000     0.00000000     0.00000003     0.00000020     0.00000114     0.00000551
   -3.06000000     0.00000000     0.00000001     0.00000004     0.00000027     0.00000149     0.00000713
   -3.04500000     0.00000000     0.00000001     0.00000005     0.00000035     0.00000193     0.00000921
   -3.03000000     0.00000000     0.00000001     0.00000007     0.00000046     0.00000251     0.00001185
   -3.01500000     0.00000000     0.00000001     0.00000009     0.00000060     0.00000325     0.00001520
   -3.00000000     0.00000000     0.00000002     0.00000012     0.00000078     0.00000419     0.00001943
   -2.98500000     0.00000000     0.00000002     0.00000016     0.00000101     0.00000538     0.00002478
   -2.97000000     0.00000000     0.00000003     0.00000021     0.00000131     0.00000690     0.00003150
   -2.95500000     0.00000000     0.00000003     0.00000027     0.00000169     0.00000883     0.00003992
   -2.94000000     0.00000000     0.00000005     0.00000035     0.00000217     0.00001126     0.00005045
   -2.92500000     0.00000001     0.00000006     0.00000045     0.00000278     0.00001431     0.00006356
   -2.91000000     0.00000001     0.00000008     0.00000058     0.00000355     0.00001814     0.00007984
   -2.89500000     0.00000001     0.00000010     0.00000075     0.00000453     0.00002293     0.00010000
   -2.88000000     0.00000001     0.00000013     0.00000096     0.00000576     0.00002890     0.00012487
   -2.86500000     0.00000002     0.00000016     0.00000123     0.00000730     0.00003633     0.00015548
   -2.85000000     0.00000002     0.00000021     0.00000156     0.00000923     0.00004554     0.00019301
   -2.83500000     0.00000003     0.00000027     0.00000199     0.00001164     0.00005691     0.00023890
   -2.82000000     0.00000003     0.00000034     0.00000252     0.00001463     0.00007093     0.00029484
   -2.80500000     0.00000004     0.00000044     0.00000318     0.00001835     0.00008816     0.00036281
   -2.79000000     0.00000005     0.00000055     0.00000401     0.00002294     0.00010926     0.00044515
   -2.77500000     0.00000007     0.00000070     0.00000504     0.00002861     0.00013503     0.00054458
   -2.76000000     0.00000009     0.00000088     0.00000632     0.00003559     0.00016643     0.00066430
   -2.74500000     0.00000011     0.00000111     0.00000790     0.00004416     0.00020456     0.00080799
   -2.73000000     0.00000014     0.00000140     0.00000986     0.00005463     0.00025072     0.00097992
   -2.71500000     0.00000017     0.00000175     0.00001226     0.00006742     0.00030647     0.00118499
   -2.70000000     0.00000022     0.00000219     0.00001522     0.00008298     0.00037357     0.00142885
   -2.68500000     0.00000027     0.00000273     0.00001885     0.00010186     0.00045413     0.00171794
   -2.67000000     0.00000034     0.00000340     0.00002328     0.00012472     0.00055055     0.00205958
   -2.65500000     0.00000042     0.00000422     0.00002867     0.00015231     0.00066563     0.00246207
   -2.64000000     0.00000052     0.00000522     0.00003523     0.00018552     0.00080258     0.00293479
   -2.62500000     0.00000065     0.00000645     0.00004319     0.00022538     0.00096510     0.00348824
   -2.61000000     0.00000081     0.00000795     0.00005281     0.00027311     0.00115738     0.00413420
   -2.59500000     0.00000100     0.00000977     0.00006442     0.00033010     0.00138424     0.00488577
   -2.58000000     0.00000123     0.00001198     0.00007838     0.00039796     0.00165111     0.00575749
   -2.56500000     0.00000151     0.00001466     0.00009514     0.00047856     0.00196416     0.00676537
   -2.55000000     0.00000186     0.00001789     0.00011521     0.00057402     0.00233031     0.00792701
   -2.53500000     0.00000227     0.00002179     0.00013917     0.00068679     0.00275735     0.00926162
   -2.52000000     0.00000278     0.00002647     0.00016771     0.00081965     0.00325395     0.01079007
   -2.50500000     0.00000339     0.00003209     0.00020163     0.00097575     0.00382979     0.01253493
   -2.49000000     0.00000412     0.00003881     0.00024182     0.00115868     0.00449558     0.01452044
   -2.47500000     0.00000501     0.00004683     0.00028934     0.00137249     0.00526314     0.01677247
   -2.46000000     0.00000606     0.00005638     0.00034539     0.00162172     0.00614546     0.01931852
   -2.44500000     0.00000733     0.00006772     0.00041133     0.00191147     0.00715677     0.02218753
   -2.43000000     0.00000884     0.00008117     0.00048871     0.00224743     0.00831254     0.02540983
   -2.41500000     0.00001064     0.00009706     0.00057931     0.00263596     0.00962955     0.02901689
   -2.40000000     0.00001278     0.00011582     0.00068511     0.00308408     0.01112592     0.03304111
   -2.38500000     0.00001531     0.00013790     0.00080838     0.00359958     0.01282109     0.03751556
   -2.37000000     0.00001831     0.00016383     0.00095163     0.00419102     0.01473579     0.04247360
   -2.35500000     0.00002185     0.00019421     0.00111772     0.00486780     0.01689208     0.04794853
   -2.34000000     0.00002603     0.00022973     0.00130982     0.00564020     0.01931322     0.05397309
   -2.32500000     0.00003093     0.00027117     0.00153147     0.00651940     0.02202363     0.06057897
   -2.31000000     0.00003668     0.00031939     0.00178660     0.00751753     0.02504877     0.06779627
   -2.29500000     0.00004342     0.00037540     0.00207957     0.00864767     0.02841497     0.07565280
   -2.28000000     0.00005129     0.00044030     0.00241519     0.00992392     0.03214931     0.08417350
   -2.26500000     0.00006046     0.00051533     0.00279875     0.01136135     0.03627937     0.09337963
   -2.25000000     0.00007112     0.00060190     0.00323606     0.01297603     0.04083300     0.10328805
   -2.23500000     0.00008351     0.00070155     0.00373348     0.01478500     0.04583799     0.11391044
   -2.22000000     0.00009785     0.00081602     0.00429792     0.01680624     0.05132181     0.12525245
   -2.20500000     0.00011444     0.00094722     0.00493692     0.01905864     0.05731121     0.13731292
   -2.19000000     0.00013358     0.00109729     0.00565861     0.02156194     0.06383180     0.15008303
   -2.17500000     0.00015562     0.00126856     0.00647179     0.02433660     0.07090763     0.16354555
   -2.16000000     0.00018094     0.00146361     0.00738589     0.02740377     0.07856071     0.17767407
   -2.14500000     0.00020999     0.00168528     0.00841105     0.03078511     0.08681051     0.19243230
   -2.13000000     0.00024323     0.00193667     0.00955806     0.03450268     0.09567339     0.20777350
   -2.11500000     0.00028122     0.00222117     0.01083841     0.03857873     0.10516209     0.22363993
   -2.10000000     0.00032452     0.00254246     0.01226426     0.04303558     0.11528512     0.23996252
   -2.08500000     0.00037381     0.00290455     0.01384843     0.04789531     0.12604618     0.25666054
   -2.07000000     0.00042979     0.00331178     0.01560441     0.05317959     0.13744361     0.27364162
   -2.05500000     0.00049325     0.00376882     0.01754629     0.05890939     0.14946979     0.29080178
   -2.04000000     0.00056506     0.00428073     0.01968872     0.06510470     0.16211058     0.30802573
   -2.02500000     0.00064615     0.00485292     0.02204691     0.07178418     0.17534483     0.32518745
   -2.01000000     0.00073757     0.00549118     0.02463652     0.07896492     0.18914388     0.34215085
   -1.99500000     0.00084044     0.00620170     0.02747360     0.08666199     0.20347113     0.35877082
   -1.98000000     0.00095597     0.00699107     0.03057453     0.09488815     0.21828171     0.37489439
   -1.96500000     0.00108549     0.00786627     0.03395589     0.10365348     0.23352218     0.39036224
   -1.95000000     0.00123043     0.00883471     0.03763436     0.11296494     0.24913037     0.40501036
   -1.93500000     0.00139232     0.00990416     0.04162662     0.12282606     0.26503526     0.41867200
   -1.92000000     0.00157284     0.01108283     0.04594919     0.13323650     0.28115707     0.43117982
   -1.90500000     0.00177376     0.01237930     0.05061829     0.14419174     0.29740739     0.44236818
   -1.89000000     0.00199699     0.01380253     0.05564967     0.15568266     0.31368949     0.45207569
   -1.87500000     0.00224459     0.01536184     0.06105849     0.16769524     0.32989877     0.46014778
   -1.86000000     0.00251873     0.01706689     0.06685904     0.18021025     0.34592335     0.46643947
   -1.84500000     0.00282173     0.01892767     0.07306467     0.19320294     0.36164480     0.47081812
   -1.83000000     0.00315605     0.02095445     0.07968747     0.20664282     0.37693905     0.47316623
   -1.81500000     0.00352432     0.02315774     0.08673817     0.22049346     0.39167745     0.47338414
   -1.80000000     0.00392927     0.02554829     0.09422585     0.23471233     0.40572795     0.47139266
   -1.78500000     0.00437384     0.02813699     0.10215777     0.24925074     0.41895647     0.46713558
   -1.77000000     0.00486107     0.03093488     0.11053911     0.26405381     0.43122833     0.46058186
   -1.75500000     0.00539418     0.03395303     0.11937281     0.27906050     0.44240988     0.45172766
   -1.74000000     0.00597653     0.03720254     0.12865932     0.29420378     0.45237014     0.44059796
   -1.72500000     0.00661163     0.04069444     0.13839638     0.30941077     0.46098265     0.42724783
   -1.71000000     0.00730315     0.04443964     0.14857886     0.32460309     0.46812721     0.41176327
   -1.69500000     0.00805489     0.04844882     0.15919855     0.33969718     0.47369182     0.39426154
   -1.68000000     0.00887079     0.05273240     0.17024397     0.35460478     0.47757451     0.37489107
   -1.66500000     0.00975493     0.05730042     0.18170026     0.36923349     0.47968521     0.35383070
   -1.65000000     0.01071151     0.06216249     0.19354900     0.38348737     0.47994758     0.33128847
   -1.63500000     0.01174486     0.06732764     0.20576808     0.39726766     0.47830068     0.30749979
   -1.62000000     0.01285943     0.07280431     0.21833170     0.41047358     0.47470060     0.28272508
   -1.60500000     0.01405974     0.07860018     0.23121019     0.42300320     0.46912192     0.25724679
   -1.59000000     0.01535045     0.08472213     0.24437008     0.43475435     0.46155899     0.23136600
   -1.57500000     0.01673625     0.09117612     0.25777403     0.44562563     0.45202700     0.20539846
   -1.56000000     0.01822193     0.09796708     0.27138091     0.45551747     0.44056280     0.17967019
   -1.54500000     0.01981234     0.10509885     0.28514584     0.46433317     0.42722547     0.15451275
   -1.53000000     0.02151234     0.11257408     0.29902035     0.47198007     0.41209663     0.13025818
   -1.51500000     0.02332683     0.12039411     0.31295248     0.47837062     0.39528038     0.10723370
   -1.50000000     0.02526071     0.12855891     0.32688697     0.48342358     0.37690298     0.08575634
   -1.48500000     0.02731890     0.13706700     0.34076553     0.48706506     0.35711216     0.06612747
   -1.47000000     0.02950624     0.14591534     0.35452709     0.48922969     0.33607613     0.04862740
   -1.45500000     0.03182756     0.15509932     0.36810807     0.48986163     0.31398221     0.03351022
   -1.44000000     0.03428762     0.16461262     0.38144279     0.48891558     0.29103517     0.02099883
   -1.42500000     0.03689106     0.17444722     0.39446381     0.48635771     0.26745522     0.01128044
   -1.41000000     0.03964246     0.18459329     0.40710234     0.48216647     0.24347574     0.00450244
   -1.39500000     0.04254624     0.19503920     0.41928873     0.47633336     0.21934068     0.00076896
   -1.38000000     0.04560668     0.20577148     0.43095291     0.46886354     0.19530174     0.00013804
   -1.36500000     0.04882788     0.21677475     0.44202489     0.45977631     0.17161536     0.00261953
   -1.35000000     0.05221376     0.22803181     0.45243532     0.44910548     0.14853950     0.00817382
   -1.33500000     0.05576803     0.23952352     0.46211600     0.43689958     0.12633029     0.01671143
   -1.32000000     0.05949416     0.25122893     0.47100045     0.42322188     0.10523859     0.02809345
   -1.30500000     0.06339536     0.26312524     0.47902445     0.40815031     0.08550658     0.04213291
   -1.29000000     0.06747458     0.27518783     0.48612663     0.39177715     0.06736426     0.05859708
   -1.27500000     0.07173447     0.28739036     0.49224905     0.37420859     0.05102615     0.07721063
   -1.26000000     0.07617738     0.29970481     0.49733771     0.35556410     0.03668798     0.09765961
   -1.24500000     0.08080531     0.31210152     0.50134311     0.33597563     0.02452367     0.11959628
   -1.23000000     0.08561994     0.32454936     0.50422080     0.31558665     0.01468251     0.14264466
   -1.21500000     0.09062257     0.33701574     0.50593186     0.29455103     0.00728660     0.16640666
   -1.20000000     0.09581415     0.34946680     0.50644335     0.27303180     0.00242865     0.19046878
   -1.18500000     0.10119521     0.36186747     0.50572879     0.25119969     0.00017014     0.21440922
   -1.17000000     0.10676590     0.37418163     0.50376854     0.22923165     0.00053989     0.23780527
   -1.15500000     0.11252598     0.38637229     0.50055011     0.20730918     0.00353310     0.26024080
   -1.14000000     0.11847474     0.39840166     0.49606855     0.18561660     0.00911080     0.28131387
   -1.12500000     0.12461109     0.41023140     0.49032660     0.16433926     0.01719985     0.30064405
   -1.11000000     0.13093350     0.42182271     0.48333496     0.14366164     0.02769341     0.31787958
   -1.09500000     0.13743997     0.43313657     0.47511241     0.12376547     0.04045192     0.33270401
   -1.08000000     0.14412812     0.44413388     0.46568583     0.10482785     0.05530453     0.34484234
   -1.06500000     0.15099507     0.45477566     0.45509027     0.08701930     0.07205110     0.35406641
   -1.05000000     0.15803755     0.46502323     0.44336887     0.07050192     0.09046459     0.36019953
   -1.03500000     0.16525182     0.47483842     0.43057273     0.05542758     0.11029387     0.36312017
   -1.02000000     0.17263372     0.48418373     0.41676072     0.04193620     0.13126704     0.36276467
   -1.00500000     0.18017868     0.49302255     0.40199924     0.03015411     0.15309493     0.35912888
   -0.99000000     0.18788167     0.50131934     0.38636186     0.02019252     0.17547507     0.35226870
   -0.97500000     0.19573729     0.50903980     0.36992899     0.01214621     0.19809579     0.34229946
   -0.96000000     0.20373971     0.51615110     0.35278738     0.00609227     0.22064053     0.32939427
   -0.94500000     0.21188273     0.52262199     0.33502968     0.00208909     0.24279236     0.31378112
   -0.93000000     0.22015976     0.52842303     0.31675380     0.00017553     0.26423841     0.29573899
   -0.91500000     0.22856384     0.53352675     0.29806238     0.00037024     0.28467441     0.27559300
   -0.90000000     0.23708770     0.53790778     0.27906209     0.00267132     0.30380909     0.25370855
   -0.88500000     0.24572368     0.54154299     0.25986295     0.00705601     0.32136846     0.23048468
   -0.87000000     0.25446386     0.54441170     0.24057758     0.01348081     0.33709983     0.20634682
   -0.85500000     0.26330000     0.54649573     0.22132049     0.02188166     0.35077562     0.18173887
   -0.84000000     0.27222358     0.54777953     0.20220724     0.03217445     0.36219675     0.15711493
   -0.82500000     0.28122583     0.54825034     0.18335367     0.04425572     0.37119570     0.13293083
   -0.81000000     0.29029774     0.54789822     0.16487507     0.05800357     0.37763911     0.10963547
   -0.79500000     0.29943009     0.54671615     0.14688539     0.07327880     0.38142986     0.08766237
   -0.78000000     0.30861345     0.54470010     0.12949638     0.08992623     0.38250867     0.06742136
   -0.76500000     0.31783824     0.54184906     0.11281682     0.10777619     0.38085511     0.04929078
   -0.75000000     0.32709472     0.53816513     0.09695174     0.12664624     0.37648809     0.03361016
   -0.73500000     0.33637300     0.53365346     0.08200159     0.14634300     0.36946575     0.02067366
   -0.72000000     0.34566311     0.52832233     0.06806158     0.16666407     0.35988472     0.01072437
   -0.70500000     0.35495498     0.52218311     0.05522088     0.18740013     0.34787887     0.00394952
   -0.69000000     0.36423849     0.51525022     0.04356205     0.20833713     0.33361751     0.00047677
   -0.67500000     0.37350344     0.50754116     0.03316032     0.22925845     0.31730299     0.00037165
   -0.66000000     0.38273966     0.49907637     0.02408312     0.24994721     0.29916784     0.00363612
   -0.64500000     0.39193693     0.48987925     0.01638944     0.27018853     0.27947149     0.01020844
   -0.63000000     0.40108509     0.47997604     0.01012950     0.28977180     0.25849653     0.01996417
   -0.61500000     0.41017398     0.46939572     0.00534424     0.30849289     0.23654461     0.03271844
   -0.60000000     0.41919352     0.45816996     0.00206506     0.32615634     0.21393208     0.04822935
   -0.58500000     0.42813370     0.44633294     0.00031353     0.34257743     0.19098541     0.06620248
   -0.57000000     0.43698460     0.43392128     0.00010118     0.35758414     0.16803639     0.08629646
   -0.55500000     0.44573642     0.42097389     0.00142942     0.37101901     0.14541729     0.10812934
   -0.54000000     0.45437947     0.40753180     0.00428946     0.38274080     0.12345601     0.13128590
   -0.52500000     0.46290420     0.39363806     0.00866233     0.39262605     0.10247125     0.15532548
   -0.51000000     0.47130124     0.37933752     0.01451899     0.40057037     0.08276782     0.17979037
   -0.49500000     0.47956136     0.36467671     0.02182049     0.40648962     0.06463215     0.20421458
   -0.48000000     0.48767553     0.34970363     0.03051823     0.41032075     0.04832810     0.22813264
   -0.46500000     0.49563490     0.33446759     0.04055422     0.41202257     0.03409300     0.25108857
   -0.45000000     0.50343084     0.31901903     0.05186151     0.41157618     0.02213423     0.27264454
   -0.43500000     0.51105492     0.30340930     0.06436459     0.40898515     0.01262606     0.29238930
   -0.42000000     0.51849895     0.28769050     0.07797990     0.40427558     0.00570713     0.30994598
   -0.40500000     0.52575496     0.27191528     0.09261639     0.39749580     0.00147837     0.32497938
   -0.39000000     0.53281522     0.25613663     0.10817610     0.38871585     0.00000147     0.33720234
   -0.37500000     0.53967226     0.24040769     0.12455488     0.37802683     0.00129800     0.34638126
   -0.36000000     0.54631886     0.22478156     0.14164299     0.36553989     0.00534903     0.35234062
   -0.34500000     0.55274805     0.20931108     0.15932596     0.35138509     0.01209538     0.35496630
   -0.33000000     0.55895315     0.19404868     0.17748524     0.33571003     0.02143852     0.35420779
   -0.31500000     0.56492772     0.17904614     0.19599909     0.31867833     0.03324194     0.35007921
   -0.30000000     0.57066562     0.16435445     0.21474334     0.30046788     0.04733318     0.34265900
   -0.28500000     0.57616096     0.15002358     0.23359229     0.28126900     0.06350629     0.33208845
   -0.27000000     0.58140816     0.13610231     0.25241948     0.26128241     0.08152491     0.31856904
   -0.25500000     0.58640190     0.12263810     0.27109860     0.24071715     0.10112566     0.30235856
   -0.24000000     0.59113715     0.10967684     0.28950435     0.21978837     0.12202204     0.28376619
   -0.22500000     0.59560917     0.09726276     0.30751320     0.19871507     0.14390855     0.26314664
   -0.21000000     0.59981350     0.08543823     0.32500435     0.17771780     0.16646526     0.24089332
   -0.19500000     0.60374597     0.07424363     0.34186042     0.15701636     0.18936238     0.21743088
   -0.18000000     0.60740271     0.06371720     0.35796831     0.13682746     0.21226516     0.19320707
   -0.16500000     0.61078010     0.05389489     0.37321996     0.11736247     0.23483877     0.16868419
   -0.15000000     0.61387486     0.04481028     0.38751302     0.09882520     0.25675317     0.14433027
   -0.13500000     0.61668397     0.03649441     0.40075162     0.08140975     0.27768797     0.12061012
   -0.12000000     0.61920469     0.02897571     0.41284694     0.06529848     0.29733709     0.09797649
   -0.10500000     0.62143459     0.02227987     0.42371783     0.05066010     0.31541327     0.07686138
   -0.09000000     0.62337152     0.01642978     0.43329138     0.03764789     0.33165222     0.05766780
   -0.07500000     0.62501361     0.01144546     0.44150337     0.02639813     0.34581653     0.04076212
   -0.06000000     0.62635928     0.00734393     0.44829871     0.01702862     0.35769912     0.02646701
   -0.04500000     0.62740726     0.00413921     0.45363183     0.00963747     0.36712627     0.01505532
   -0.03000000     0.62815653     0.00184227     0.45746696     0.00430209     0.37396015     0.00674488
   -0.01500000     0.62860637     0.00046096     0.45977837     0.00107835     0.37810085     0.00169430
    0.00000000     0.62875637     0.00000000     0.46055057     0.00000000     0.37948785     0.00000000
    0.01500000     0.62860637     0.00046096     0.45977837     0.00107835     0.37810085     0.00169430
    0.03000000     0.62815653     0.00184227     0.45746696     0.00430209     0.37396015     0.00674488
    0.04500000     0.62740726     0.00413921     0.45363183     0.00963747     0.36712627     0.01505532
    0.06000000     0.62635928     0.00734393     0.44829871     0.01702862     0.35769912     0.02646701
    0.07500000     0.62501361     0.01144546     0.44150337     0.02639813     0.34581653     0.04076212
    0.09000000     0.62337152     0.01642978     0.43329138     0.03764789     0.33165222     0.05766780
    0.10500000     0.62143459     0.02227987     0.42371783     0.05066010     0.31541327     0.07686138
    0.12000000     0.61920469     0.02897571     0.41284694     0.06529848     0.29733709     0.09797649
    0.13500000     0.61668397     0.03649441     0.40075162     0.08140975     0.27768797     0.12061012
    0.15000000     0.61387486     0.04481028     0.38751302     0.09882520     0.25675317     0.14433027
    0.16500000     0.61078010     0.05389489     0.37321996     0.11736247     0.23483877     0.16868419
    0.18000000     0.60740271     0.06371720     0.35796831     0.13682746     0.21226516     0.19320707
    0.19500000     0.60374597     0.07424363     0.34186042     0.15701636     0.18936238     0.21743088
    0.21000000     0.59981350     0.08543823     0.32500435     0.17771780     0.16646526     0.24089332
    0.22500000     0.59560917     0.09726276     0.30751320     0.19871507     0.14390855     0.26314664
    0.24000000     0.59113715     0.10967684     0.28950435     0.21978837     0.12202204     0.28376619
    0.25500000     0.58640190     0.12263810     0.27109860     0.24071715     0.10112566     0.30235856
    0.27000000     0.58140816     0.13610231     0.25241948     0.26128241     0.08152491     0.31856904
    0.28500000     0.57616096     0.15002358     0.23359229     0.28126900     0.06350629     0.33208845
    0.30000000     0.57066562     0.16435445     0.21474334     0.30046788     0.04733318     0.34265900
    0.31500000     0.56492772     0.17904614     0.19599909     0.31867833     0.03324194     0.35007921
    0.33000000     0.55895315     0.19404868     0.17748524     0.33571003     0.02143852     0.35420779
    0.34500000     0.55274805     0.20931108     0.15932596     0.35138509     0.01209538     0.35496630
    0.36000000     0.54631886     0.22478156     0.14164299     0.36553989     0.00534903     0.35234062
    0.37500000     0.53967226     0.24040769     0.12455488     0.37802683     0.00129800     0.34638126
    0.39000000     0.53281522     0.25613663     0.10817610     0.38871585     0.00000147     0.33720234
    0.40500000     0.52575496     0.27191528     0.09261639     0.39749580     0.00147837     0.32497938
    0.42000000     0.51849895     0.28769050     0.07797990     0.40427558     0.00570713     0.30994598
    0.43500000     0.51105492     0.30340930     0.06436459     0.40898515     0.01262606     0.29238930
    0.45000000     0.50343084     0.31901903     0.05186151     0.41157618     0.02213423     0.27264454
    0.46500000     0.49563490     0.33446759     0.04055422     0.41202257     0.03409300     0.25108857
    0.48000000     0.48767553     0.34970363     0.03051823     0.41032075     0.04832810     0.22813264
    0.49500000     0.47956136     0.36467671     0.02182049     0.40648962     0.06463215     0.20421458
    0.51000000     0.47130124     0.37933752     0.01451899     0.40057037     0.08276782     0.17979037
    0.52500000     0.46290420     0.39363806     0.00866233     0.39262605     0.10247125     0.15532548
    0.54000000     0.45437947     0.40753180     0.00428946     0.38274080     0.12345601     0.13128590
    0.55500000     0.44573642     0.42097389     0.00142942     0.37101901     0.14541729     0.10812934
    0.57000000     0.43698460     0.43392128     0.00010118     0.35758414     0.16803639     0.08629646
    0.58500000     0.42813370     0.44633294     0.00031353     0.34257743     0.19098541     0.06620248
    0.60000000     0.41919352     0.45816996     0.00206506     0.32615634     0.21393208     0.04822935
    0.61500000     0.41017398     0.46939572     0.00534424     0.30849289     0.23654461     0.03271844
    0.63000000     0.40108509     0.47997604     0.01012950     0.28977180     0.25849653     0.01996417
    0.64500000     0.39193693     0.48987925     0.01638944     0.27018853     0.27947149     0.01020844
    0.66000000     0.38273966     0.49907637     0.02408312     0.24994721     0.29916784     0.00363612
    0.67500000     0.37350344     0.50754116     0.03316032     0.22925845     0.31730299     0.00037165
    0.69000000     0.36423849     0.51525022     0.04356205     0.20833713     0.33361751     0.00047677
    0.70500000     0.35495498     0.52218311     0.05522088     0.18740013     0.34787887     0.00394952
    0.72000000     0.34566311     0.52832233     0.06806158     0.16666407     0.35988472     0.01072437
    0.73500000     0.33637300     0.53365346     0.08200159     0.14634300     0.36946575     0.02067366
    0.75000000     0.32709472     0.53816513     0.09695174     0.12664624     0.37648809     0.03361016
    0.76500000     0.31783824     0.54184906     0.11281682     0.10777619     0.38085511     0.04929078
    0.78000000     0.30861345     0.54470010     0.12949638     0.08992623     0.38250867     0.06742136
    0.79500000     0.29943009     0.54671615     0.14688539     0.07327880     0.38142986     0.08766237
    0.81000000     0.29029774     0.54789822     0.16487507     0.05800357     0.37763911     0.10963547
    0.82500000     0.28122583     0.54825034     0.18335367     0.04425572     0.37119570     0.13293083
    0.84000000     0.27222358     0.54777953     0.20220724     0.03217445     0.36219675     0.15711493
    0.85500000     0.26330000     0.54649573     0.22132049     0.02188166     0.35077562     0.18173887
    0.87000000     0.25446386     0.54441170     0.24057758     0.01348081     0.33709983     0.20634682
    0.88500000     0.24572368     0.54154299     0.25986295     0.00705601     0.32136846     0.23048468
    0.90000000     0.23708770     0.53790778     0.27906209     0.00267132     0.30380909     0.25370855
    0.91500000     0.22856384     0.53352675     0.29806238     0.00037024     0.28467441     0.27559300
    0.93000000     0.22015976     0.52842303     0.31675380     0.00017553     0.26423841     0.29573899
    0.94500000     0.21188273     0.52262199     0.33502968     0.00208909     0.24279236     0.31378112
    0.96000000     0.20373971     0.51615110     0.35278738     0.00609227     0.22064053     0.32939427
    0.97500000     0.19573729     0.50903980     0.36992899     0.01214621     0.19809579     0.34229946
    0.99000000     0.18788167     0.50131934     0.38636186     0.02019252     0.17547507     0.35226870
    1.00500000     0.18017868     0.49302255     0.40199924     0.03015411     0.15309493     0.35912888
    1.02000000     0.17263372     0.48418373     0.41676072     0.04193620     0.13126704     0.36276467
    1.03500000     0.16525182     0.47483842     0.43057273     0.05542758     0.11029387     0.36312017
    1.05000000     0.15803755     0.46502323     0.44336887     0.07050192     0.09046459     0.36019953
    1.06500000     0.15099507     0.45477566     0.45509027     0.08701930     0.07205110     0.35406641
    1.08000000     0.14412812     0.44413388     0.46568583     0.10482785     0.05530453     0.34484234
    1.09500000     0.13743997     0.43313657     0.47511241     0.12376547     0.04045192     0.33270401
    1.11000000     0.13093350     0.42182271     0.48333496     0.14366164     0.02769341     0.31787958
    1.12500000     0.12461109     0.41023140     0.49032660     0.16433926     0.01719985     0.30064405
    1.14000000     0.11847474     0.39840166     0.49606855     0.18561660     0.00911080     0.28131387
    1.15500000     0.11252598     0.38637229     0.50055011     0.20730918     0.00353310     0.26024080
    1.17000000     0.10676590     0.37418163     0.50376854     0.22923165     0.00053989     0.23780527
    1.18500000     0.10119521     0.36186747     0.50572879     0.25119969     0.00017014     0.21440922
    1.20000000     0.09581415     0.34946680     0.50644335     0.27303180     0.00242865     0.19046878
    1.21500000     0.09062257     0.33701574     0.50593186     0.29455103     0.00728660     0.16640666
    1.23000000     0.08561994     0.32454936     0.50422080     0.31558665     0.01468251     0.14264466
    1.24500000     0.08080531     0.31210152     0.50134311     0.33597563     0.02452367     0.11959628
    1.26000000     0.07617738     0.29970481     0.49733771     0.35556410     0.03668798     0.09765961
    1.27500000     0.07173447     0.28739036     0.49224905     0.37420859     0.05102615     0.07721063
    1.29000000     0.06747458     0.27518783     0.48612663     0.39177715     0.06736426     0.05859708
    1.30500000     0.06339536     0.26312524     0.47902445     0.40815031     0.08550658     0.04213291
    1.32000000     0.05949416     0.25122893     0.47100045     0.42322188     0.10523859     0.02809345
    1.33500000     0.05576803     0.23952352     0.46211600     0.43689958     0.12633029     0.01671143
    1.35000000     0.05221376     0.22803181     0.45243532     0.44910548     0.14853950     0.00817382
    1.36500000     0.04882788     0.21677475     0.44202489     0.45977631     0.17161536     0.00261953
    1.38000000     0.04560668     0.20577148     0.43095291     0.46886354     0.19530174     0.00013804
    1.39500000     0.04254624     0.19503920     0.41928873     0.47633336     0.21934068     0.00076896
    1.41000000     0.03964246     0.18459329     0.40710234     0.48216647     0.24347574     0.00450244
    1.42500000     0.03689106     0.17444722     0.39446381     0.48635771     0.26745522     0.01128044
    1.44000000     0.03428762     0.16461262     0.38144279     0.48891558     0.29103517     0.02099883
    1.45500000     0.03182756     0.15509932     0.36810807     0.48986163     0.31398221     0.03351022
    1.47000000     0.02950624     0.14591534     0.35452709     0.48922969     0.33607613     0.04862740
    1.48500000     0.02731890     0.13706700     0.34076553     0.48706506     0.35711216     0.06612747
    1.50000000     0.02526071     0.12855891     0.32688697     0.48342358     0.37690298     0.08575634
    1.51500000     0.02332683     0.12039411     0.31295248     0.47837062     0.39528038     0.10723370
    1.53000000     0.02151234     0.11257408     0.29902035     0.47198007     0.41209663     0.13025818
    1.54500000     0.01981234     0.10509885     0.28514584     0.46433317     0.42722547     0.15451275
    1.56000000     0.01822193     0.09796708     0.27138091     0.45551747     0.44056280     0.17967019
    1.57500000     0.01673625     0.09117612     0.25777403     0.44562563     0.45202700     0.20539846
    1.59000000     0.01535045     0.08472213     0.24437008     0.43475435     0.46155899     0.23136600
    1.60500000     0.01405974     0.07860018     0.23121019     0.42300320     0.46912192     0.25724679
    1.62000000     0.01285943     0.07280431     0.21833170     0.41047358     0.47470060     0.28272508
    1.63500000     0.01174486     0.06732764     0.20576808     0.39726766     0.47830068     0.30749979
    1.65000000     0.01071151     0.06216249     0.19354900     0.38348737     0.47994758     0.33128847
    1.66500000     0.00975493     0.05730042     0.18170026     0.36923349     0.47968521     0.35383070
    1.68000000     0.00887079     0.05273240     0.17024397     0.35460478     0.47757451     0.37489107
    1.69500000     0.00805489     0.04844882     0.15919855     0.33969718     0.47369182     0.39426154
    1.71000000     0.00730315     0.04443964     0.14857886     0.32460309     0.46812721     0.41176327
    1.72500000     0.00661163     0.04069444     0.13839638     0.30941077     0.46098265     0.42724783
    1.74000000     0.00597653     0.03720254     0.12865932     0.29420378     0.45237014     0.44059796
    1.75500000     0.00539418     0.03395303     0.11937281     0.27906050     0.44240988     0.45172766
    1.77000000     0.00486107     0.03093488     0.11053911     0.26405381     0.43122833     0.46058186
    1.78500000     0.00437384     0.02813699     0.10215777     0.24925074     0.41895647     0.46713558
    1.80000000     0.00392927     0.02554829     0.09422585     0.23471233     0.40572795     0.47139266
    1.81500000     0.00352432     0.02315774     0.08673817     0.22049346     0.39167745     0.47338414
    1.83000000     0.00315605     0.02095445     0.07968747     0.20664282     0.37693905     0.47316623
    1.84500000     0.00282173     0.01892767     0.07306467     0.19320294     0.36164480     0.47081812
    1.86000000     0.00251873     0.01706689     0.06685904     0.18021025     0.34592335     0.46643947
    1.87500000     0.00224459     0.01536184     0.06105849     0.16769524     0.32989877     0.46014778
    1.89000000     0.00199699     0.01380253     0.05564967     0.15568266     0.31368949     0.45207569
    1.90500000     0.00177376     0.01237930     0.05061829     0.14419174     0.29740739     0.44236818
    1.92000000     0.00157284     0.01108283     0.04594919     0.13323650     0.28115707     0.43117982
    1.93500000     0.00139232     0.00990416     0.04162662     0.12282606     0.26503526     0.41867200
    1.95000000     0.00123043     0.00883471     0.03763436     0.11296494     0.24913037     0.40501036
    1.96500000     0.00108549     0.00786627     0.03395589     0.10365348     0.23352218     0.39036224
    1.98000000     0.00095597     0.00699107     0.03057453     0.09488815     0.21828171     0.37489439
    1.99500000     0.00084044     0.00620170     0.02747360     0.08666199     0.20347113     0.35877082
    2.01000000     0.00073757     0.00549118     0.02463652     0.07896492     0.18914388     0.34215085
    2.02500000     0.00064615     0.00485292     0.02204691     0.07178418     0.17534483     0.32518745
    2.04000000     0.00056506     0.00428073     0.01968872     0.06510470     0.16211058     0.30802573
    2.05500000     0.00049325     0.00376882     0.01754629     0.05890939     0.14946979     0.29080178
    2.07000000     0.00042979     0.00331178     0.01560441     0.05317959     0.13744361     0.27364162
    2.08500000     0.00037381     0.00290455     0.01384843     0.04789531     0.12604618     0.25666054
    2.10000000     0.00032452     0.00254246     0.01226426     0.04303558     0.11528512     0.23996252
    2.11500000     0.00028122     0.00222117     0.01083841     0.03857873     0.10516209     0.22363993
    2.13000000     0.00024323     0.00193667     0.00955806     0.03450268     0.09567339     0.20777350
    2.14500000     0.00020999     0.00168528     0.00841105     0.03078511     0.08681051     0.19243230
    2.16000000     0.00018094     0.00146361     0.00738589     0.02740377     0.07856071     0.17767407
    2.17500000     0.00015562     0.00126856     0.00647179     0.02433660     0.07090763     0.16354555
    2.19000000     0.00013358     0.00109729     0.00565861     0.02156194     0.06383180     0.15008303
    2.20500000     0.00011444     0.00094722     0.00493692     0.01905864     0.05731121     0.13731292
    2.22000000     0.00009785     0.00081602     0.00429792     0.01680624     0.05132181     0.12525245
    2.23500000     0.00008351     0.00070155     0.00373348     0.01478500     0.04583799     0.11391044
    2.25000000     0.00007112     0.00060190     0.00323606     0.01297603     0.04083300     0.10328805
    2.26500000     0.00006046     0.00051533     0.00279875     0.01136135     0.03627937     0.09337963
    2.28000000     0.00005129     0.00044030     0.00241519     0.00992392     0.03214931     0.08417350
    2.29500000     0.00004342     0.00037540     0.00207957     0.00864767     0.02841497     0.07565280
    2.31000000     0.00003668     0.00031939     0.00178660     0.00751753     0.02504877     0.06779627
    2.32500000     0.00003093     0.00027117     0.00153147     0.00651940     0.02202363     0.06057897
    2.34000000     0.00002603     0.00022973     0.00130982     0.00564020     0.01931322     0.05397309
    2.35500000     0.00002185     0.00019421     0.00111772     0.00486780     0.01689208     0.04794853
    2.37000000     0.00001831     0.00016383     0.00095163     0.00419102     0.01473579     0.04247360
    2.38500000     0.00001531     0.00013790     0.00080838     0.00359958     0.01282109     0.03751556
    2.40000000     0.00001278     0.00011582     0.00068511     0.00308408     0.01112592     0.03304111
    2.41500000     0.00001064     0.00009706     0.00057931     0.00263596     0.00962955     0.02901689
    2.43000000     0.00000884     0.00008117     0.00048871     0.00224743     0.00831254     0.02540983
    2.44500000     0.00000733     0.00006772     0.00041133     0.00191147     0.00715677     0.02218753
    2.46000000     0.00000606     0.00005638     0.00034539     0.00162172     0.00614546     0.01931852
    2.47500000     0.00000501     0.00004683     0.00028934     0.00137249     0.00526314     0.01677247
    2.49000000     0.00000412     0.00003881     0.00024182     0.00115868     0.00449558     0.01452044
    2.50500000     0.00000339     0.00003209     0.00020163     0.00097575     0.00382979     0.01253493
    2.52000000     0.00000278     0.00002647     0.00016771     0.00081965     0.00325395     0.01079007
    2.53500000     0.00000227     0.00002179     0.00013917     0.00068679     0.00275735     0.00926162
    2.55000000     0.00000186     0.00001789     0.00011521     0.00057402     0.00233031     0.00792701
    2.56500000     0.00000151     0.00001466     0.00009514     0.00047856     0.00196416     0.00676537
    2.58000000     0.00000123     0.00001198     0.00007838     0.00039796     0.00165111     0.00575749
    2.59500000     0.00000100     0.00000977     0.00006442     0.00033010     0.00138424     0.00488577
    2.61000000     0.00000081     0.00000795     0.00005281     0.00027311     0.00115738     0.00413420
    2.62500000     0.00000065     0.00000645     0.00004319     0.00022538     0.00096510     0.00348824
    2.64000000     0.00000052     0.00000522     0.00003523     0.00018552     0.00080258     0.00293479
    2.65500000     0.00000042     0.00000422     0.00002867     0.00015231     0.00066563     0.00246207
    2.67000000     0.00000034     0.00000340     0.00002328     0.00012472     0.00055055     0.00205958
    2.68500000     0.00000027     0.00000273     0.00001885     0.00010186     0.00045413     0.00171794
    2.70000000     0.00000022     0.00000219     0.00001522     0.00008298     0.00037357     0.00142885
    2.71500000     0.00000017     0.00000175     0.00001226     0.00006742     0.00030647     0.00118499
    2.73000000     0.00000014     0.00000140     0.00000986     0.00005463     0.00025072     0.00097992
    2.74500000     0.00000011     0.00000111     0.00000790     0.00004416     0.00020456     0.00080799
    2.76000000     0.00000009     0.00000088     0.00000632     0.00003559     0.00016643     0.00066430
    2.77500000     0.00000007     0.00000070     0.00000504     0.00002861     0.00013503     0.00054458
    2.79000000     0.00000005     0.00000055     0.00000401     0.00002294     0.00010926     0.00044515
    2.80500000     0.00000004     0.00000044     0.00000318     0.00001835     0.00008816     0.00036281
    2.82000000     0.00000003     0.00000034     0.00000252     0.00001463     0.00007093     0.00029484
    2.83500000     0.00000003     0.00000027     0.00000199     0.00001164     0.00005691     0.00023890
    2.85000000     0.00000002     0.00000021     0.00000156     0.00000923     0.00004554     0.00019301
    2.86500000     0.00000002     0.00000016     0.00000123     0.00000730     0.00003633     0.00015548
    2.88000000     0.00000001     0.00000013     0.00000096     0.00000576     0.00002890     0.00012487
    2.89500000     0.00000001     0.00000010     0.00000075     0.00000453     0.00002293     0.00010000
    2.91000000     0.00000001     0.00000008     0.00000058     0.00000355     0.00001814     0.00007984
    2.92500000     0.00000001     0.00000006     0.00000045     0.00000278     0.00001431     0.00006356
    2.94000000     0.00000000     0.00000005     0.00000035     0.00000217     0.00001126     0.00005045
    2.95500000     0.00000000     0.00000003     0.00000027     0.00000169     0.00000883     0.00003992
    2.97000000     0.00000000     0.00000003     0.00000021     0.00000131     0.00000690     0.00003150
    2.98500000     0.00000000     0.00000002     0.00000016     0.00000101     0.00000538     0.00002478
    3.00000000     0.00000000     0.00000002     0.00000012     0.00000078     0.00000419     0.00001943
    3.01500000     0.00000000     0.00000001     0.00000009     0.00000060     0.00000325     0.00001520
    3.03000000     0.00000000     0.00000001     0.00000007     0.00000046     0.00000251     0.00001185
    3.04500000     0.00000000     0.00000001     0.00000005     0.00000035     0.00000193     0.00000921
    3.06000000     0.00000000     0.00000001     0.00000004     0.00000027     0.00000149     0.00000713
    3.07500000     0.00000000     0.00000000     0.00000003     0.00000020     0.00000114     0.00000551
    3.09000000     0.00000000     0.00000000     0.00000002     0.00000016     0.00000087     0.00000424
    3.10500000     0.00000000     0.00000000     0.00000002     0.00000012     0.00000066     0.00000326
    3.12000000     0.00000000     0.00000000     0.00000001     0.00000009     0.00000050     0.00000249
    3.13500000     0.00000000     0.00000000     0.00000001     0.00000007     0.00000038     0.00000190
    3.15000000     0.00000000     0.00000000     0.00000001     0.00000005     0.00000029     0.00000145
    3.16500000     0.00000000     0.00000000     0.00000001     0.00000004     0.00000022     0.00000110
    3.18000000     0.00000000     0.00000000     0.00000000     0.00000003     0.00000016     0.00000083
    3.19500000     0.00000000     0.00000000     0.00000000     0.00000002     0.00000012     0.00000063
    3.21000000     0.00000000     0.00000000     0.00000000     0.00000002     0.00000009     0.00000047
    3.22500000     0.00000000     0.00000000     0.00000000     0.00000001     0.00000007     0.00000035
    3.24000000     0.00000000     0.00000000     0.00000000     0.00000001     0.00000005     0.00000026
    3.25500000     0.00000000     0.00000000     0.00000000     0.00000001     0.00000004     0.00000020
    3.27000000     0.00000000     0.00000000     0.00000000     0.00000000     0.00000003     0.00000015
    3.28500000     0.00000000     0.00000000     0.00000000     0.00000000     0.00000002     0.00000011
    3.30000000     0.00000000     0.00000000     0.00000000     0.00000000     0.00000001     0.00000008
    3.31500000     0.00000000     0.00000000     0.00000000     0.00000000     0.00000001     0.00000006
    3.33000000     0.00000000     0.00000000     0.00000000     0.00000000     0.00000001     0.00000004
    3.34500000     0.00000000     0.00000000     0.00000000     0.00000000     0.00000001     0.00000003
    3.36000000     0.00000000     0.00000000     0.00000000     0.00000000     0.00000000     0.00000002
    3.37500000     0.00000000     0.00000000     0.00000000     0.00000000     0.00000000     0.00000002
    3.39000000     0.00000000     0.00000000     0.00000000     0.00000000     0.00000000     0.00000001
    3.40500000     0.00000000     0.00000000     0.00000000     0.00000000     0.00000000     0.00000001
    3.42000000     0.00000000     0.00000000     0.00000000     0.00000000     0.00000000     0.00000001
    3.43500000     0.00000000     0.00000000     0.00000000     0.00000000     0.00000000     0.00000000
    3.45000000     0.00000000     0.00000000     0.00000000     0.00000000     0.00000000     0.00000000
    3.46500000     0.00000000     0.00000000     0.00000000     0.00000000     0.00000000     0.00000000
    3.48000000     0.00000000     0.00000000     0.00000000     0.00000000     0.00000000     0.00000000
    3.49500000     0.00000000     0.00000000     0.00000000     0.00000000     0.00000000     0.00000000
    3.51000000     0.00000000     0.00000000     0.00000000     0.00000000     0.00000000     0.00000000
    3.52500000     0.00000000     0.00000000     0.00000000     0.00000000     0.00000000     0.00000000
    3.54000000     0.00000000     0.00000000     0.00000000     0.00000000     0.00000000     0.00000000
    3.55500000     0.00000000     0.00000000     0.00000000     0.00000000     0.00000000     0.00000000
    3.57000000     0.00000000     0.00000000     0.00000000     0.00000000     0.00000000     0.00000000
    3.58500000     0.00000000     0.00000000     0.00000000     0.00000000     0.00000000     0.00000000
    3.60000000     0.00000000     0.00000000     0.00000000     0.00000000     0.00000000     0.00000000
    3.61500000     0.00000000     0.00000000     0.00000000     0.00000000     0.00000000     0.00000000
    3.63000000     0.00000000     0.00000000     0.00000000     0.00000000     0.00000000     0.00000000
    3.64500000     0.00000000     0.00000000     0.00000000     0.00000000     0.00000000     0.00000000
    3.66000000     0.00000000     0.00000000     0.00000000     0.00000000     0.00000000     0.00000000
    3.67500000     0.00000000     0.00000000     0.00000000     0.00000000     0.00000000     0.00000000
    3.69000000     0.00000000     0.00000000     0.00000000     0.00000000     0.00000000     0.00000000
    3.70500000     0.00000000     0.00000000     0.00000000     0.00000000     0.00000000     0.00000000
    3.72000000     0.00000000     0.00000000     0.00000000     0.00000000     0.00000000     0.00000000
    3.73500000     0.00000000     0.00000000     0.00000000     0.00000000     0.00000000     0.00000000
    3.75000000     0.00000000     0.00000000     0.00000000     0.00000000     0.00000000     0.00000000
    3.76500000     0.00000000     0.00000000     0.00000000     0.00000000     0.00000000     0.00000000
    3.78000000     0.00000000     0.00000000     0.00000000     0.00000000     0.00000000     0.00000000
    3.79500000     0.00000000     0.00000000     0.00000000     0.00000000     0.00000000     0.00000000
    3.81000000     0.00000000     0.00000000     0.00000000     0.00000000     0.00000000     0.00000000
    3.82500000     0.00000000     0.00000000     0.00000000     0.00000000     0.00000000     0.00000000
    3.84000000     0.00000000     0.00000000     0.00000000     0.00000000     0.00000000     0.00000000
    3.85500000     0.00000000     0.00000000     0.00000000     0.00000000     0.00000000     0.00000000
    3.87000000     0.00000000     0.00000000     0.00000000     0.00000000     0.00000000     0.00000000
    3.88500000     0.00000000     0.00000000     0.00000000     0.00000000     0.00000000     0.00000000
    3.90000000     0.00000000     0.00000000     0.00000000     0.00000000     0.00000000     0.00000000
    3.91500000     0.00000000     0.00000000     0.00000000     0.00000000     0.00000000     0.00000000
    3.93000000     0.00000000     0.00000000     0.00000000     0.00000000     0.00000000     0.00000000
    3.94500000     0.00000000     0.00000000     0.00000000     0.00000000     0.00000000     0.00000000
    3.96000000     0.00000000     0.00000000     0.00000000     0.00000000     0.00000000     0.00000000
    3.97500000     0.00000000     0.00000000     0.00000000     0.00000000     0.00000000     0.00000000
    3.99000000     0.00000000     0.00000000     0.00000000     0.00000000     0.00000000     0.00000000
    4.00500000     0.00000000     0.00000000     0.00000000     0.00000000     0.00000000     0.00000000
    4.02000000     0.00000000     0.00000000     0.00000000     0.00000000     0.00000000     0.00000000
    4.03500000     0.00000000     0.00000000     0.00000000     0.00000000     0.00000000     0.00000000
    4.05000000     0.00000000     0.00000000     0.00000000     0.00000000     0.00000000     0.00000000
    4.06500000     0.00000000     0.00000000     0.00000000     0.00000000     0.00000000     0.00000000
    4.08000000     0.00000000     0.00000000     0.00000000     0.00000000     0.00000000     0.00000000
    4.09500000     0.00000000     0.00000000     0.00000000     0.00000000     0.00000000     0.00000000
    4.11000000     0.00000000     0.00000000     0.00000000     0.00000000     0.00000000     0.00000000
    4.12500000     0.00000000     0.00000000     0.00000000     0.00000000     0.00000000     0.00000000
    4.14000000     0.00000000     0.00000000     0.00000000     0.00000000     0.00000000     0.00000000
    4.15500000     0.00000000     0.00000000     0.00000000     0.00000000     0.00000000     0.00000000
    4.17000000     0.00000000     0.00000000     0.00000000     0.00000000     0.00000000     0.00000000
    4.18500000     0.00000000     0.00000000     0.00000000     0.00000000     0.00000000     0.00000000
    4.20000000     0.00000000     0.00000000     0.00000000     0.00000000     0.00000000     0.00000000
    4.21500000     0.00000000     0.00000000     0.00000000     0.00000000     0.00000000     0.00000000
    4.23000000     0.00000000     0.00000000     0.00000000     0.00000000     0.00000000     0.00000000
    4.24500000     0.00000000     0.00000000     0.00000000     0.00000000     0.00000000     0.00000000
    4.26000000     0.00000000     0.00000000     0.00000000     0.00000000     0.00000000     0.00000000
    4.27500000     0.00000000     0.00000000     0.00000000     0.00000000     0.00000000     0.00000000
    4.29000000     0.00000000     0.00000000     0.00000000     0.00000000     0.00000000     0.00000000
    4.30500000     0.00000000     0.00000000     0.00000000     0.00000000     0.00000000     0.00000000
    4.32000000     0.00000000     0.00000000     0.00000000     0.00000000     0.00000000     0.00000000
    4.33500000     0.00000000     0.00000000     0.00000000     0.00000000     0.00000000     0.00000000
    4.35000000     0.00000000     0.00000000     0.00000000     0.00000000     0.00000000     0.00000000
    4.36500000     0.00000000     0.00000000     0.00000000     0.00000000     0.00000000     0.00000000
    4.38000000     0.00000000     0.00000000     0.00000000     0.00000000     0.00000000     0.00000000
    4.39500000     0.00000000     0.00000000     0.00000000     0.00000000     0.00000000     0.00000000
    4.41000000     0.00000000     0.00000000     0.00000000     0.00000000     0.00000000     0.00000000
    4.42500000     0.00000000     0.00000000     0.00000000     0.00000000     0.00000000     0.00000000
    4.44000000     0.00000000     0.00000000     0.00000000     0.00000000     0.00000000     0.00000000
    4.45500000     0.00000000     0.00000000     0.00000000     0.00000000     0.00000000     0.00000000
    4.47000000     0.00000000     0.00000000     0.00000000     0.00000000     0.00000000     0.00000000
    4.48500000     0.00000000     0.00000000     0.00000000     0.00000000     0.00000000     0.00000000
    4.50000000     0.00000000     0.00000000     0.00000000     0.00000000     0.00000000     0.00000000
    4.51500000     0.00000000     0.00000000     0.00000000     0.00000000     0.00000000     0.00000000
    4.53000000     0.00000000     0.00000000     0.00000000     0.00000000     0.00000000     0.00000000
    4.54500000     0.00000000     0.00000000     0.00000000     0.00000000     0.00000000     0.00000000
    4.56000000     0.00000000     0.00000000     0.00000000     0.00000000     0.00000000     0.00000000
    4.57500000     0.00000000     0.00000000     0.00000000     0.00000000     0.00000000     0.00000000
    4.59000000     0.00000000     0.00000000     0.00000000     0.00000000     0.00000000     0.00000000
    4.60500000     0.00000000     0.00000000     0.00000000     0.00000000     0.00000000     0.00000000
    4.62000000     0.00000000     0.00000000     0.00000000     0.00000000     0.00000000     0.00000000
    4.63500000     0.00000000     0.00000000     0.00000000     0.00000000     0.00000000     0.00000000
    4.65000000     0.00000000     0.00000000     0.00000000     0.00000000     0.00000000     0.00000000
    4.66500000     0.00000000     0.00000000     0.00000000     0.00000000     0.00000000     0.00000000
    4.68000000     0.00000000     0.00000000     0.00000000     0.00000000     0.00000000     0.00000000
    4.69500000     0.00000000     0.00000000     0.00000000     0.00000000     0.00000000     0.00000000
    4.71000000     0.00000000     0.00000000     0.00000000     0.00000000     0.00000000     0.00000000
    4.72500000     0.00000000     0.00000000     0.00000000     0.00000000     0.00000000     0.00000000
    4.74000000     0.00000000     0.00000000     0.00000000     0.00000000     0.00000000     0.00000000
    4.75500000     0.00000000     0.00000000     0.00000000     0.00000000     0.00000000     0.00000000
    4.77000000     0.00000000     0.00000000     0.00000000     0.00000000     0.00000000     0.00000000
    4.78500000     0.00000000     0.00000000     0.00000000     0.00000000     0.00000000     0.00000000
    4.80000000     0.00000000     0.00000000     0.00000000     0.00000000     0.00000000     0.00000000
    4.81500000     0.00000000     0.00000000     0.00000000     0.00000000     0.00000000     0.00000000
    4.83000000     0.00000000     0.00000000     0.00000000     0.00000000     0.00000000     0.00000000
    4.84500000     0.00000000     0.00000000     0.00000000     0.00000000     0.00000000     0.00000000
    4.86000000     0.00000000     0.00000000     0.00000000     0.00000000     0.00000000     0.00000000
    4.87500000     0.00000000     0.00000000     0.00000000     0.00000000     0.00000000     0.00000000
    4.89000000     0.00000000     0.00000000     0.00000000     0.00000000     0.00000000     0.00000000
    4.90500000     0.00000000     0.00000000     0.00000000     0.00000000     0.00000000     0.00000000
    4.92000000     0.00000000     0.00000000     0.00000000     0.00000000     0.00000000     0.00000000
    4.93500000     0.00000000     0.00000000     0.00000000     0.00000000     0.00000000     0.00000000
    4.95000000     0.00000000     0.00000000     0.00000000     0.00000000     0.00000000     0.00000000
    4.96500000     0.00000000     0.00000000     0.00000000     0.00000000     0.00000000     0.00000000
    4.98000000     0.00000000     0.00000000     0.00000000     0.00000000     0.00000000     0.00000000
    4.99500000     0.00000000     0.00000000     0.00000000     0.00000000     0.00000000     0.00000000
    5.01000000     0.00000000     0.00000000     0.00000000     0.00000000     0.00000000     0.00000000
    5.02500000     0.00000000     0.00000000     0.00000000     0.00000000     0.00000000     0.00000000
    5.04000000     0.00000000     0.00000000     0.00000000     0.00000000     0.00000000     0.00000000
    5.05500000     0.00000000     0.00000000     0.00000000     0.00000000     0.00000000     0.00000000
    5.07000000     0.00000000     0.00000000     0.00000000     0.00000000     0.00000000     0.00000000
    5.08500000     0.00000000     0.00000000     0.00000000     0.00000000     0.00000000     0.00000000
    5.10000000     0.00000000     0.00000000     0.00000000     0.00000000     0.00000000     0.00000000
    5.11500000     0.00000000     0.00000000     0.00000000     0.00000000     0.00000000     0.00000000
    5.13000000     0.00000000     0.00000000     0.00000000     0.00000000     0.00000000     0.00000000
    5.14500000     0.00000000     0.00000000     0.00000000     0.00000000     0.00000000     0.00000000
    5.16000000     0.00000000     0.00000000     0.00000000     0.00000000     0.00000000     0.00000000
    5.17500000     0.00000000     0.00000000     0.00000000     0.00000000     0.00000000     0.00000000
    5.19000000     0.00000000     0.00000000     0.00000000     0.00000000     0.00000000     0.00000000
    5.20500000     0.00000000     0.00000000     0.00000000     0.00000000     0.00000000     0.00000000
    5.22000000     0.00000000     0.00000000     0.00000000     0.00000000     0.00000000     0.00000000
    5.23500000     0.00000000     0.00000000     0.00000000     0.00000000     0.00000000     0.00000000
    5.25000000     0.00000000     0.00000000     0.00000000     0.00000000     0.00000000     0.00000000
    5.26500000     0.00000000     0.00000000     0.00000000     0.00000000     0.00000000     0.00000000
    5.28000000     0.00000000     0.00000000     0.00000000     0.00000000     0.00000000     0.00000000
    5.29500000     0.00000000     0.00000000     0.00000000     0.00000000     0.00000000     0.00000000
    5.31000000     0.00000000     0.00000000     0.00000000     0.00000000     0.00000000     0.00000000
    5.32500000     0.00000000     0.00000000     0.00000000     0.00000000     0.00000000     0.00000000
    5.34000000     0.00000000     0.00000000     0.00000000     0.00000000     0.00000000     0.00000000
    5.35500000     0.00000000     0.00000000     0.00000000     0.00000000     0.00000000     0.00000000
    5.37000000     0.00000000     0.00000000     0.00000000     0.00000000     0.00000000     0.00000000
    5.38500000     0.00000000     0.00000000     0.00000000     0.00000000     0.00000000     0.00000000
    5.40000000     0.00000000     0.00000000     0.00000000     0.00000000     0.00000000     0.00000000
    5.41500000     0.00000000     0.00000000     0.00000000     0.00000000     0.00000000     0.00000000
    5.43000000     0.00000000     0.00000000     0.00000000     0.00000000     0.00000000     0.00000000
    5.44500000     0.00000000     0.00000000     0.00000000     0.00000000     0.00000000     0.00000000
    5.46000000     0.00000000     0.00000000     0.00000000     0.00000000     0.00000000     0.00000000
    5.47500000     0.00000000     0.00000000     0.00000000     0.00000000     0.00000000     0.00000000
    5.49000000     0.00000000     0.00000000     0.00000000     0.00000000     0.00000000     0.00000000
    5.50500000     0.00000000     0.00000000     0.00000000     0.00000000     0.00000000     0.00000000
    5.52000000     0.00000000     0.00000000     0.00000000     0.00000000     0.00000000     0.00000000
    5.53500000     0.00000000     0.00000000     0.00000000     0.00000000     0.00000000     0.00000000
    5.55000000     0.00000000     0.00000000     0.00000000     0.00000000     0.00000000     0.00000000
    5.56500000     0.00000000     0.00000000     0.00000000     0.00000000     0.00000000     0.00000000
    5.58000000     0.00000000     0.00000000     0.00000000     0.00000000     0.00000000     0.00000000
    5.59500000     0.00000000     0.00000000     0.00000000     0.00000000     0.00000000     0.00000000
    5.61000000     0.00000000     0.00000000     0.00000000     0.00000000     0.00000000     0.00000000
    5.62500000     0.00000000     0.00000000     0.00000000     0.00000000     0.00000000     0.00000000
    5.64000000     0.00000000     0.00000000     0.00000000     0.00000000     0.00000000     0.00000000
    5.65500000     0.00000000     0.00000000     0.00000000     0.00000000     0.00000000     0.00000000
    5.67000000     0.00000000     0.00000000     0.00000000     0.00000000     0.00000000     0.00000000
    5.68500000     0.00000000     0.00000000     0.00000000     0.00000000     0.00000000     0.00000000
    5.70000000     0.00000000     0.00000000     0.00000000     0.00000000     0.00000000     0.00000000
    5.71500000     0.00000000     0.00000000     0.00000000     0.00000000     0.00000000     0.00000000
    5.73000000     0.00000000     0.00000000     0.00000000     0.00000000     0.00000000     0.00000000
    5.74500000     0.00000000     0.00000000     0.00000000     0.00000000     0.00000000     0.00000000
    5.76000000     0.00000000     0.00000000     0.00000000     0.00000000     0.00000000     0.00000000
    5.77500000     0.00000000     0.00000000     0.00000000     0.00000000     0.00000000     0.00000000
    5.79000000     0.00000000     0.00000000     0.00000000     0.00000000     0.00000000     0.00000000
    5.80500000     0.00000000     0.00000000     0.00000000     0.00000000     0.00000000     0.00000000
    5.82000000     0.00000000     0.00000000     0.00000000     0.00000000     0.00000000     0.00000000
    5.83500000     0.00000000     0.00000000     0.00000000     0.00000000     0.00000000     0.00000000
    5.85000000     0.00000000     0.00000000     0.00000000     0.00000000     0.00000000     0.00000000
    5.86500000     0.00000000     0.00000000     0.00000000     0.00000000     0.00000000     0.00000000
    5.88000000     0.00000000     0.00000000     0.00000000     0.00000000     0.00000000     0.00000000
    5.89500000     0.00000000     0.00000000     0.00000000     0.00000000     0.00000000     0.00000000
    5.91000000     0.00000000     0.00000000     0.00000000     0.00000000     0.00000000     0.00000000
    5.92500000     0.00000000     0.00000000     0.00000000     0.00000000     0.00000000     0.00000000
    5.94000000     0.00000000     0.00000000     0.00000000     0.00000000     0.00000000     0.00000000
    5.95500000     0.00000000     0.00000000     0.00000000     0.00000000     0.00000000     0.00000000
    5.97000000     0.00000000     0.00000000     0.00000000     0.00000000     0.00000000     0.00000000
    5.98500000     0.00000000     0.00000000     0.00000000     0.00000000     0.00000000     0.00000000
    6.00000000     0.00000000     0.00000000     0.00000000     0.00000000     0.00000000     0.00000000
