0.00416667 0.00000037
0.04583333 0.00004224
0.08750000 0.00014527
0.12916667 0.00029962
0.17083333 0.00049742
0.21250000 0.00073243
0.25416667 0.00099966
0.29583333 0.00129508
0.33750000 0.00161543
0.37916667 0.00195801
0.42083333 0.00232055
0.46250000 0.00270112
0.50416667 0.00309800
0.54583333 0.00350970
0.58750000 0.00393484
0.62916667 0.00437216
0.67083333 0.00482047
0.71250000 0.00527864
0.75416667 0.00574562
0.79583333 0.00622038
0.83750000 0.00670194
0.87916667 0.00718934
0.92083333 0.00768167
0.96250000 0.00817805
1.00416667 0.00867763
1.04583333 0.00917957
1.08750000 0.00968310
1.12916667 0.01018745
1.17083333 0.01069189
1.21250000 0.01119572
1.25416667 0.01169829
1.29583333 0.01219895
1.33750000 0.01269710
1.37916667 0.01319216
1.42083333 0.01368360
1.46250000 0.01417091
1.50416667 0.01465359
1.54583333 0.01513120
1.58750000 0.01560330
1.62916667 0.01606950
1.67083333 0.01652942
1.71250000 0.01698271
1.75416667 0.01742906
1.79583333 0.01786816
1.83750000 0.01829973
1.87916667 0.01872352
1.92083333 0.01913930
1.96250000 0.01954685
2.00416667 0.01994599
2.04583333 0.02033652
2.08750000 0.02071831
2.12916667 0.02109122
2.17083333 0.02145510
2.21250000 0.02180987
2.25416667 0.02215543
2.29583333 0.02249170
2.33750000 0.02281862
2.37916667 0.02313613
2.42083333 0.02344420
2.46250000 0.02374280
2.50416667 0.02403192
2.54583333 0.02431154
2.58750000 0.02458168
2.62916667 0.02484234
2.67083333 0.02509355
2.71250000 0.02533535
2.75416667 0.02556776
2.79583333 0.02579085
2.83750000 0.02600465
2.87916667 0.02620923
2.92083333 0.02640467
2.96250000 0.02659102
3.00416667 0.02676838
3.04583333 0.02693682
3.08750000 0.02709642
3.12916667 0.02724730
3.17083333 0.02738953
3.21250000 0.02752323
3.25416667 0.02764849
3.29583333 0.02776542
3.33750000 0.02787414
3.37916667 0.02797475
3.42083333 0.02806738
3.46250000 0.02815214
3.50416667 0.02822915
3.54583333 0.02829854
3.58750000 0.02836042
3.62916667 0.02841492
3.67083333 0.02846217
3.71250000 0.02850230
3.75416667 0.02853544
3.79583333 0.02856171
3.83750000 0.02858124
3.87916667 0.02859417
3.92083333 0.02860063
3.96250000 0.02860074
4.00416667 0.02859465
4.04583333 0.02858247
4.08750000 0.02856434
4.12916667 0.02854039
4.17083333 0.02851076
4.21250000 0.02847556
4.25416667 0.02843494
4.29583333 0.02838902
4.33750000 0.02833792
4.37916667 0.02828178
4.42083333 0.02822072
4.46250000 0.02815487
4.50416667 0.02808436
4.54583333 0.02800929
4.58750000 0.02792981
4.62916667 0.02784603
4.67083333 0.02775807
4.71250000 0.02766604
4.75416667 0.02757008
4.79583333 0.02747028
4.83750000 0.02736678
4.87916667 0.02725968
4.92083333 0.02714909
4.96250000 0.02703513
5.00416667 0.02691790
5.04583333 0.02679752
5.08750000 0.02667409
5.12916667 0.02654771
5.17083333 0.02641849
5.21250000 0.02628653
5.25416667 0.02615194
5.29583333 0.02601480
5.33750000 0.02587522
5.37916667 0.02573329
5.42083333 0.02558911
5.46250000 0.02544277
5.50416667 0.02529436
5.54583333 0.02514396
5.58750000 0.02499168
5.62916667 0.02483759
5.67083333 0.02468178
5.71250000 0.02452433
5.75416667 0.02436532
5.79583333 0.02420484
5.83750000 0.02404295
5.87916667 0.02387975
5.92083333 0.02371530
5.96250000 0.02354967
6.00416667 0.02338295
6.04583333 0.02321519
6.08750000 0.02304648
6.12916667 0.02287687
6.17083333 0.02270644
6.21250000 0.02253524
6.25416667 0.02236334
6.29583333 0.02219081
6.33750000 0.02201770
6.37916667 0.02184407
6.42083333 0.02166999
6.46250000 0.02149550
6.50416667 0.02132066
6.54583333 0.02114553
6.58750000 0.02097015
6.62916667 0.02079459
6.67083333 0.02061888
6.71250000 0.02044307
6.75416667 0.02026722
6.79583333 0.02009137
6.83750000 0.01991557
6.87916667 0.01973985
6.92083333 0.01956426
6.96250000 0.01938884
7.00416667 0.01921364
7.04583333 0.01903868
7.08750000 0.01886401
7.12916667 0.01868966
7.17083333 0.01851567
7.21250000 0.01834208
7.25416667 0.01816891
7.29583333 0.01799620
7.33750000 0.01782398
7.37916667 0.01765228
7.42083333 0.01748114
7.46250000 0.01731057
7.50416667 0.01714060
7.54583333 0.01697127
7.58750000 0.01680260
7.62916667 0.01663461
7.67083333 0.01646732
7.71250000 0.01630077
7.75416667 0.01613497
7.79583333 0.01596994
7.83750000 0.01580570
7.87916667 0.01564228
7.92083333 0.01547969
7.96250000 0.01531794
8.00416667 0.01515707
8.04583333 0.01499708
8.08750000 0.01483799
8.12916667 0.01467982
8.17083333 0.01452257
8.21250000 0.01436627
8.25416667 0.01421093
8.29583333 0.01405656
8.33750000 0.01390317
8.37916667 0.01375077
8.42083333 0.01359937
8.46250000 0.01344899
8.50416667 0.01329963
8.54583333 0.01315131
8.58750000 0.01300403
8.62916667 0.01285780
8.67083333 0.01271262
8.71250000 0.01256851
8.75416667 0.01242546
8.79583333 0.01228350
8.83750000 0.01214261
8.87916667 0.01200281
8.92083333 0.01186411
8.96250000 0.01172650
9.00416667 0.01158999
9.04583333 0.01145458
9.08750000 0.01132027
9.12916667 0.01118708
9.17083333 0.01105499
9.21250000 0.01092402
9.25416667 0.01079416
9.29583333 0.01066542
9.33750000 0.01053779
9.37916667 0.01041128
9.42083333 0.01028589
9.46250000 0.01016161
9.50416667 0.01003844
9.54583333 0.00991639
9.58750000 0.00979546
9.62916667 0.00967563
9.67083333 0.00955692
9.71250000 0.00943931
9.75416667 0.00932282
9.79583333 0.00920742
9.83750000 0.00909313
9.87916667 0.00897994
9.92083333 0.00886785
9.96250000 0.00875684
10.00416667 0.00864693
10.04583333 0.00853810
10.08750000 0.00843035
10.12916667 0.00832369
10.17083333 0.00821809
10.21250000 0.00811356
10.25416667 0.00801010
10.29583333 0.00790770
10.33750000 0.00780636
10.37916667 0.00770606
10.42083333 0.00760681
10.46250000 0.00750860
10.50416667 0.00741143
10.54583333 0.00731528
10.58750000 0.00722016
10.62916667 0.00712606
10.67083333 0.00703296
10.71250000 0.00694088
10.75416667 0.00684979
10.79583333 0.00675970
10.83750000 0.00667059
10.87916667 0.00658247
10.92083333 0.00649532
10.96250000 0.00640914
11.00416667 0.00632392
11.04583333 0.00623966
11.08750000 0.00615634
11.12916667 0.00607397
11.17083333 0.00599253
11.21250000 0.00591202
11.25416667 0.00583244
11.29583333 0.00575377
11.33750000 0.00567600
11.37916667 0.00559914
11.42083333 0.00552317
11.46250000 0.00544809
11.50416667 0.00537388
11.54583333 0.00530055
11.58750000 0.00522809
11.62916667 0.00515648
11.67083333 0.00508572
11.71250000 0.00501581
11.75416667 0.00494673
11.79583333 0.00487849
11.83750000 0.00481106
11.87916667 0.00474445
11.92083333 0.00467865
11.96250000 0.00461365
12.00416667 0.00454944
12.04583333 0.00448602
12.08750000 0.00442338
12.12916667 0.00436151
12.17083333 0.00430040
12.21250000 0.00424005
12.25416667 0.00418045
12.29583333 0.00412160
12.33750000 0.00406348
12.37916667 0.00400608
12.42083333 0.00394941
12.46250000 0.00389346
12.50416667 0.00383821
12.54583333 0.00378366
12.58750000 0.00372981
12.62916667 0.00367664
12.67083333 0.00362415
12.71250000 0.00357233
12.75416667 0.00352118
12.79583333 0.00347069
12.83750000 0.00342085
12.87916667 0.00337165
12.92083333 0.00332309
12.96250000 0.00327517
13.00416667 0.00322787
13.04583333 0.00318118
13.08750000 0.00313511
13.12916667 0.00308964
13.17083333 0.00304477
13.21250000 0.00300050
13.25416667 0.00295681
13.29583333 0.00291369
13.33750000 0.00287115
13.37916667 0.00282918
13.42083333 0.00278776
13.46250000 0.00274690
13.50416667 0.00270658
13.54583333 0.00266681
13.58750000 0.00262757
13.62916667 0.00258886
13.67083333 0.00255067
13.71250000 0.00251300
13.75416667 0.00247584
13.79583333 0.00243919
13.83750000 0.00240303
13.87916667 0.00236736
13.92083333 0.00233219
13.96250000 0.00229749
14.00416667 0.00226327
14.04583333 0.00222952
14.08750000 0.00219624
14.12916667 0.00216341
14.17083333 0.00213104
14.21250000 0.00209911
14.25416667 0.00206763
14.29583333 0.00203659
14.33750000 0.00200597
14.37916667 0.00197579
14.42083333 0.00194602
14.46250000 0.00191667
14.50416667 0.00188774
14.54583333 0.00185920
14.58750000 0.00183107
14.62916667 0.00180334
14.67083333 0.00177599
14.71250000 0.00174904
14.75416667 0.00172246
14.79583333 0.00169626
14.83750000 0.00167043
14.87916667 0.00164497
14.92083333 0.00161987
14.96250000 0.00159513
15.00416667 0.00157074
15.04583333 0.00154670
15.08750000 0.00152301
15.12916667 0.00149965
15.17083333 0.00147663
15.21250000 0.00145394
15.25416667 0.00143158
15.29583333 0.00140954
15.33750000 0.00138781
15.37916667 0.00136641
15.42083333 0.00134531
15.46250000 0.00132452
15.50416667 0.00130403
15.54583333 0.00128383
15.58750000 0.00126394
15.62916667 0.00124433
15.67083333 0.00122500
15.71250000 0.00120597
15.75416667 0.00118720
15.79583333 0.00116872
15.83750000 0.00115050
15.87916667 0.00113256
15.92083333 0.00111487
15.96250000 0.00109745
16.00416667 0.00108028
16.04583333 0.00106337
16.08750000 0.00104671
16.12916667 0.00103029
16.17083333 0.00101412
16.21250000 0.00099818
16.25416667 0.00098249
16.29583333 0.00096702
16.33750000 0.00095179
16.37916667 0.00093678
16.42083333 0.00092200
16.46250000 0.00090744
16.50416667 0.00089309
16.54583333 0.00087896
16.58750000 0.00086504
16.62916667 0.00085134
16.67083333 0.00083783
16.71250000 0.00082453
16.75416667 0.00081143
16.79583333 0.00079853
16.83750000 0.00078582
16.87916667 0.00077330
16.92083333 0.00076097
16.96250000 0.00074883
17.00416667 0.00073687
17.04583333 0.00072509
17.08750000 0.00071350
17.12916667 0.00070207
17.17083333 0.00069082
17.21250000 0.00067975
17.25416667 0.00066884
17.29583333 0.00065809
17.33750000 0.00064751
17.37916667 0.00063709
17.42083333 0.00062683
17.46250000 0.00061673
17.50416667 0.00060678
17.54583333 0.00059699
17.58750000 0.00058734
17.62916667 0.00057784
17.67083333 0.00056849
17.71250000 0.00055928
17.75416667 0.00055021
17.79583333 0.00054129
17.83750000 0.00053250
17.87916667 0.00052384
17.92083333 0.00051532
17.96250000 0.00050693
18.00416667 0.00049867
18.04583333 0.00049053
18.08750000 0.00048253
18.12916667 0.00047464
18.17083333 0.00046688
18.21250000 0.00045924
18.25416667 0.00045172
18.29583333 0.00044431
18.33750000 0.00043702
18.37916667 0.00042984
18.42083333 0.00042277
18.46250000 0.00041581
18.50416667 0.00040897
18.54583333 0.00040222
18.58750000 0.00039558
18.62916667 0.00038905
18.67083333 0.00038262
18.71250000 0.00037628
18.75416667 0.00037005
18.79583333 0.00036391
18.83750000 0.00035787
18.87916667 0.00035193
18.92083333 0.00034607
18.96250000 0.00034031
19.00416667 0.00033464
19.04583333 0.00032905
19.08750000 0.00032356
19.12916667 0.00031815
19.17083333 0.00031282
19.21250000 0.00030758
19.25416667 0.00030242
19.29583333 0.00029734
19.33750000 0.00029234
19.37916667 0.00028741
19.42083333 0.00028257
19.46250000 0.00027780
19.50416667 0.00027311
19.54583333 0.00026848
19.58750000 0.00026394
19.62916667 0.00025946
19.67083333 0.00025505
19.71250000 0.00025071
19.75416667 0.00024644
19.79583333 0.00024224
19.83750000 0.00023810
19.87916667 0.00023403
19.92083333 0.00023002
19.96250000 0.00022607
20.00416667 0.00022218
20.04583333 0.00021836
20.08750000 0.00021459
20.12916667 0.00021089
20.17083333 0.00020724
20.21250000 0.00020365
20.25416667 0.00020011
20.29583333 0.00019663
20.33750000 0.00019320
20.37916667 0.00018983
20.42083333 0.00018651
20.46250000 0.00018324
20.50416667 0.00018002
20.54583333 0.00017685
20.58750000 0.00017373
20.62916667 0.00017066
20.67083333 0.00016763
20.71250000 0.00016466
20.75416667 0.00016172
20.79583333 0.00015884
20.83750000 0.00015599
20.87916667 0.00015320
20.92083333 0.00015044
20.96250000 0.00014773
21.00416667 0.00014505
21.04583333 0.00014242
21.08750000 0.00013983
21.12916667 0.00013728
21.17083333 0.00013476
21.21250000 0.00013229
21.25416667 0.00012985
21.29583333 0.00012745
21.33750000 0.00012508
21.37916667 0.00012275
21.42083333 0.00012045
21.46250000 0.00011819
21.50416667 0.00011596
21.54583333 0.00011377
21.58750000 0.00011160
21.62916667 0.00010947
21.67083333 0.00010737
21.71250000 0.00010530
21.75416667 0.00010326
21.79583333 0.00010125
21.83750000 0.00009927
21.87916667 0.00009732
21.92083333 0.00009540
21.96250000 0.00009350
22.00416667 0.00009163
22.04583333 0.00008978
22.08750000 0.00008797
22.12916667 0.00008617
22.17083333 0.00008440
22.21250000 0.00008266
22.25416667 0.00008094
22.29583333 0.00007924
22.33750000 0.00007757
22.37916667 0.00007592
22.42083333 0.00007429
22.46250000 0.00007268
22.50416667 0.00007110
22.54583333 0.00006953
22.58750000 0.00006798
22.62916667 0.00006646
22.67083333 0.00006495
22.71250000 0.00006346
22.75416667 0.00006199
22.79583333 0.00006054
22.83750000 0.00005911
22.87916667 0.00005769
22.92083333 0.00005630
22.96250000 0.00005491
23.00416667 0.00005355
23.04583333 0.00005220
23.08750000 0.00005086
23.12916667 0.00004954
23.17083333 0.00004823
23.21250000 0.00004694
23.25416667 0.00004566
23.29583333 0.00004440
23.33750000 0.00004315
23.37916667 0.00004191
23.42083333 0.00004068
23.46250000 0.00003947
23.50416667 0.00003827
23.54583333 0.00003708
23.58750000 0.00003590
23.62916667 0.00003473
23.67083333 0.00003357
23.71250000 0.00003242
23.75416667 0.00003128
23.79583333 0.00003015
23.83750000 0.00002903
23.87916667 0.00002792
23.92083333 0.00002681
23.96250000 0.00002572
24.00416667 0.00002463
24.04583333 0.00002355
24.08750000 0.00002247
24.12916667 0.00002140
24.17083333 0.00002034
24.21250000 0.00001929
24.25416667 0.00001824
24.29583333 0.00001720
24.33750000 0.00001616
24.37916667 0.00001512
24.42083333 0.00001410
24.46250000 0.00001307
24.50416667 0.00001205
24.54583333 0.00001103
24.58750000 0.00001002
24.62916667 0.00000901
24.67083333 0.00000800
24.71250000 0.00000700
24.75416667 0.00000599
24.79583333 0.00000499
24.83750000 0.00000399
24.87916667 0.00000299
24.92083333 0.00000199
24.96250000 0.00000100

0.00416667 0.00000023
0.04583333 0.00002607
0.08750000 0.00008966
0.12916667 0.00018489
0.17083333 0.00030690
0.21250000 0.00045179
0.25416667 0.00061643
0.29583333 0.00079832
0.33750000 0.00099537
0.37916667 0.00120587
0.42083333 0.00142837
0.46250000 0.00166161
0.50416667 0.00190449
0.54583333 0.00215600
0.58750000 0.00241524
0.62916667 0.00268136
0.67083333 0.00295356
0.71250000 0.00323108
0.75416667 0.00351320
0.79583333 0.00379921
0.83750000 0.00408843
0.87916667 0.00438022
0.92083333 0.00467394
0.96250000 0.00496897
1.00416667 0.00526472
1.04583333 0.00556061
1.08750000 0.00585609
1.12916667 0.00615063
1.17083333 0.00644372
1.21250000 0.00673485
1.25416667 0.00702357
1.29583333 0.00730942
1.33750000 0.00759196
1.37916667 0.00787080
1.42083333 0.00814554
1.46250000 0.00841581
1.50416667 0.00868128
1.54583333 0.00894160
1.58750000 0.00919646
1.62916667 0.00944559
1.67083333 0.00968871
1.71250000 0.00992557
1.75416667 0.01015592
1.79583333 0.01037955
1.83750000 0.01059626
1.87916667 0.01080586
1.92083333 0.01100818
1.96250000 0.01120306
2.00416667 0.01139036
2.04583333 0.01156995
2.08750000 0.01174173
2.12916667 0.01190558
2.17083333 0.01206141
2.21250000 0.01220916
2.25416667 0.01234874
2.29583333 0.01248012
2.33750000 0.01260324
2.37916667 0.01271806
2.42083333 0.01282457
2.46250000 0.01292275
2.50416667 0.01301259
2.54583333 0.01309408
2.58750000 0.01316726
2.62916667 0.01323211
2.67083333 0.01328869
2.71250000 0.01333701
2.75416667 0.01337711
2.79583333 0.01340904
2.83750000 0.01343286
2.87916667 0.01344860
2.92083333 0.01345635
2.96250000 0.01345616
3.00416667 0.01344812
3.04583333 0.01343228
3.08750000 0.01340874
3.12916667 0.01337758
3.17083333 0.01333889
3.21250000 0.01329277
3.25416667 0.01323930
3.29583333 0.01317859
3.33750000 0.01311075
3.37916667 0.01303587
3.42083333 0.01295406
3.46250000 0.01286544
3.50416667 0.01277011
3.54583333 0.01266819
3.58750000 0.01255980
3.62916667 0.01244506
3.67083333 0.01232408
3.71250000 0.01219699
3.75416667 0.01206391
3.79583333 0.01192495
3.83750000 0.01178026
3.87916667 0.01162995
3.92083333 0.01147414
3.96250000 0.01131297
4.00416667 0.01114656
4.04583333 0.01097505
4.08750000 0.01079854
4.12916667 0.01061719
4.17083333 0.01043111
4.21250000 0.01024043
4.25416667 0.01004528
4.29583333 0.00984579
4.33750000 0.00964209
4.37916667 0.00943430
4.42083333 0.00922255
4.46250000 0.00900696
4.50416667 0.00878767
4.54583333 0.00856480
4.58750000 0.00833847
4.62916667 0.00810880
4.67083333 0.00787593
4.71250000 0.00763997
4.75416667 0.00740104
4.79583333 0.00715926
4.83750000 0.00691476
4.87916667 0.00666764
4.92083333 0.00641804
4.96250000 0.00616606
5.00416667 0.00591182
5.04583333 0.00565543
5.08750000 0.00539701
5.12916667 0.00513667
5.17083333 0.00487451
5.21250000 0.00461065
5.25416667 0.00434520
5.29583333 0.00407825
5.33750000 0.00380992
5.37916667 0.00354030
5.42083333 0.00326951
5.46250000 0.00299764
5.50416667 0.00272478
5.54583333 0.00245104
5.58750000 0.00217652
5.62916667 0.00190130
5.67083333 0.00162548
5.71250000 0.00134916
5.75416667 0.00107241
5.79583333 0.00079534
5.83750000 0.00051803
5.87916667 0.00024056
5.92083333 -0.00003698
5.96250000 -0.00031451
6.00416667 -0.00059195
6.04583333 -0.00086921
6.08750000 -0.00114623
6.12916667 -0.00142292
6.17083333 -0.00169921
6.21250000 -0.00197503
6.25416667 -0.00225029
6.29583333 -0.00252494
6.33750000 -0.00279891
6.37916667 -0.00307212
6.42083333 -0.00334451
6.46250000 -0.00361602
6.50416667 -0.00388658
6.54583333 -0.00415613
6.58750000 -0.00442461
6.62916667 -0.00469197
6.67083333 -0.00495814
6.71250000 -0.00522306
6.75416667 -0.00548670
6.79583333 -0.00574898
6.83750000 -0.00600986
6.87916667 -0.00626929
6.92083333 -0.00652723
6.96250000 -0.00678361
7.00416667 -0.00703840
7.04583333 -0.00729155
7.08750000 -0.00754302
7.12916667 -0.00779277
7.17083333 -0.00804075
7.21250000 -0.00828692
7.25416667 -0.00853125
7.29583333 -0.00877370
7.33750000 -0.00901423
7.37916667 -0.00925281
7.42083333 -0.00948940
7.46250000 -0.00972397
7.50416667 -0.00995650
7.54583333 -0.01018694
7.58750000 -0.01041528
7.62916667 -0.01064147
7.67083333 -0.01086551
7.71250000 -0.01108735
7.75416667 -0.01130698
7.79583333 -0.01152437
7.83750000 -0.01173951
7.87916667 -0.01195236
7.92083333 -0.01216290
7.96250000 -0.01237113
8.00416667 -0.01257702
8.04583333 -0.01278054
8.08750000 -0.01298170
8.12916667 -0.01318046
8.17083333 -0.01337682
8.21250000 -0.01357076
8.25416667 -0.01376227
8.29583333 -0.01395133
8.33750000 -0.01413794
8.37916667 -0.01432208
8.42083333 -0.01450375
8.46250000 -0.01468294
8.50416667 -0.01485963
8.54583333 -0.01503383
8.58750000 -0.01520552
8.62916667 -0.01537469
8.67083333 -0.01554136
8.71250000 -0.01570550
8.75416667 -0.01586712
8.79583333 -0.01602621
8.83750000 -0.01618278
8.87916667 -0.01633682
8.92083333 -0.01648832
8.96250000 -0.01663730
9.00416667 -0.01678374
9.04583333 -0.01692766
9.08750000 -0.01706905
9.12916667 -0.01720791
9.17083333 -0.01734426
9.21250000 -0.01747808
9.25416667 -0.01760939
9.29583333 -0.01773819
9.33750000 -0.01786449
9.37916667 -0.01798828
9.42083333 -0.01810958
9.46250000 -0.01822840
9.50416667 -0.01834473
9.54583333 -0.01845860
9.58750000 -0.01857000
9.62916667 -0.01867894
9.67083333 -0.01878543
9.71250000 -0.01888949
9.75416667 -0.01899112
9.79583333 -0.01909033
9.83750000 -0.01918713
9.87916667 -0.01928154
9.92083333 -0.01937355
9.96250000 -0.01946320
10.00416667 -0.01955048
10.04583333 -0.01963540
10.08750000 -0.01971799
10.12916667 -0.01979826
10.17083333 -0.01987621
10.21250000 -0.01995186
10.25416667 -0.02002522
10.29583333 -0.02009632
10.33750000 -0.02016515
10.37916667 -0.02023174
10.42083333 -0.02029610
10.46250000 -0.02035825
10.50416667 -0.02041820
10.54583333 -0.02047596
10.58750000 -0.02053156
10.62916667 -0.02058500
10.67083333 -0.02063631
10.71250000 -0.02068549
10.75416667 -0.02073257
10.79583333 -0.02077756
10.83750000 -0.02082048
10.87916667 -0.02086135
10.92083333 -0.02090017
10.96250000 -0.02093698
11.00416667 -0.02097178
11.04583333 -0.02100459
11.08750000 -0.02103544
11.12916667 -0.02106433
11.17083333 -0.02109129
11.21250000 -0.02111633
11.25416667 -0.02113947
11.29583333 -0.02116074
11.33750000 -0.02118013
11.37916667 -0.02119769
11.42083333 -0.02121341
11.46250000 -0.02122733
11.50416667 -0.02123945
11.54583333 -0.02124981
11.58750000 -0.02125841
11.62916667 -0.02126527
11.67083333 -0.02127041
11.71250000 -0.02127386
11.75416667 -0.02127562
11.79583333 -0.02127572
11.83750000 -0.02127418
11.87916667 -0.02127101
11.92083333 -0.02126623
11.96250000 -0.02125987
12.00416667 -0.02125193
12.04583333 -0.02124244
12.08750000 -0.02123142
12.12916667 -0.02121889
12.17083333 -0.02120485
12.21250000 -0.02118934
12.25416667 -0.02117237
12.29583333 -0.02115395
12.33750000 -0.02113412
12.37916667 -0.02111287
12.42083333 -0.02109024
12.46250000 -0.02106624
12.50416667 -0.02104089
12.54583333 -0.02101421
12.58750000 -0.02098621
12.62916667 -0.02095691
12.67083333 -0.02092634
12.71250000 -0.02089450
12.75416667 -0.02086142
12.79583333 -0.02082711
12.83750000 -0.02079159
12.87916667 -0.02075489
12.92083333 -0.02071701
12.96250000 -0.02067797
13.00416667 -0.02063780
13.04583333 -0.02059650
13.08750000 -0.02055410
13.12916667 -0.02051061
13.17083333 -0.02046605
13.21250000 -0.02042043
13.25416667 -0.02037378
13.29583333 -0.02032611
13.33750000 -0.02027744
13.37916667 -0.02022778
13.42083333 -0.02017714
13.46250000 -0.02012555
13.50416667 -0.02007303
13.54583333 -0.02001958
13.58750000 -0.01996522
13.62916667 -0.01990997
13.67083333 -0.01985385
13.71250000 -0.01979687
13.75416667 -0.01973905
13.79583333 -0.01968039
13.83750000 -0.01962093
13.87916667 -0.01956066
13.92083333 -0.01949961
13.96250000 -0.01943780
14.00416667 -0.01937523
14.04583333 -0.01931192
14.08750000 -0.01924789
14.12916667 -0.01918315
14.17083333 -0.01911771
14.21250000 -0.01905160
14.25416667 -0.01898481
14.29583333 -0.01891738
14.33750000 -0.01884930
14.37916667 -0.01878060
14.42083333 -0.01871129
14.46250000 -0.01864138
14.50416667 -0.01857089
14.54583333 -0.01849982
14.58750000 -0.01842820
14.62916667 -0.01835603
14.67083333 -0.01828333
14.71250000 -0.01821011
14.75416667 -0.01813638
14.79583333 -0.01806216
14.83750000 -0.01798745
14.87916667 -0.01791228
14.92083333 -0.01783665
14.96250000 -0.01776057
15.00416667 -0.01768406
15.04583333 -0.01760712
15.08750000 -0.01752978
15.12916667 -0.01745203
15.17083333 -0.01737390
15.21250000 -0.01729539
15.25416667 -0.01721652
15.29583333 -0.01713729
15.33750000 -0.01705772
15.37916667 -0.01697782
15.42083333 -0.01689759
15.46250000 -0.01681706
15.50416667 -0.01673622
15.54583333 -0.01665509
15.58750000 -0.01657368
15.62916667 -0.01649200
15.67083333 -0.01641006
15.71250000 -0.01632786
15.75416667 -0.01624543
15.79583333 -0.01616276
15.83750000 -0.01607987
15.87916667 -0.01599677
15.92083333 -0.01591346
15.96250000 -0.01582996
16.00416667 -0.01574627
16.04583333 -0.01566240
16.08750000 -0.01557836
16.12916667 -0.01549417
16.17083333 -0.01540982
16.21250000 -0.01532533
16.25416667 -0.01524070
16.29583333 -0.01515595
16.33750000 -0.01507107
16.37916667 -0.01498609
16.42083333 -0.01490100
16.46250000 -0.01481581
16.50416667 -0.01473054
16.54583333 -0.01464518
16.58750000 -0.01455975
16.62916667 -0.01447426
16.67083333 -0.01438870
16.71250000 -0.01430309
16.75416667 -0.01421744
16.79583333 -0.01413175
16.83750000 -0.01404602
16.87916667 -0.01396027
16.92083333 -0.01387450
16.96250000 -0.01378871
17.00416667 -0.01370292
17.04583333 -0.01361713
17.08750000 -0.01353134
17.12916667 -0.01344556
17.17083333 -0.01335980
17.21250000 -0.01327407
17.25416667 -0.01318836
17.29583333 -0.01310268
17.33750000 -0.01301704
17.37916667 -0.01293145
17.42083333 -0.01284591
17.46250000 -0.01276042
17.50416667 -0.01267499
17.54583333 -0.01258963
17.58750000 -0.01250433
17.62916667 -0.01241911
17.67083333 -0.01233397
17.71250000 -0.01224891
17.75416667 -0.01216394
17.79583333 -0.01207906
17.83750000 -0.01199427
17.87916667 -0.01190959
17.92083333 -0.01182501
17.96250000 -0.01174054
18.00416667 -0.01165619
18.04583333 -0.01157195
18.08750000 -0.01148783
18.12916667 -0.01140383
18.17083333 -0.01131996
18.21250000 -0.01123622
18.25416667 -0.01115262
18.29583333 -0.01106915
18.33750000 -0.01098582
18.37916667 -0.01090264
18.42083333 -0.01081960
18.46250000 -0.01073672
18.50416667 -0.01065399
18.54583333 -0.01057141
18.58750000 -0.01048899
18.62916667 -0.01040673
18.67083333 -0.01032464
18.71250000 -0.01024271
18.75416667 -0.01016095
18.79583333 -0.01007937
18.83750000 -0.00999795
18.87916667 -0.00991671
18.92083333 -0.00983565
18.96250000 -0.00975477
19.00416667 -0.00967408
19.04583333 -0.00959356
19.08750000 -0.00951323
19.12916667 -0.00943309
19.17083333 -0.00935314
19.21250000 -0.00927339
19.25416667 -0.00919382
19.29583333 -0.00911445
19.33750000 -0.00903527
19.37916667 -0.00895629
19.42083333 -0.00887751
19.46250000 -0.00879893
19.50416667 -0.00872056
19.54583333 -0.00864238
19.58750000 -0.00856441
19.62916667 -0.00848664
19.67083333 -0.00840908
19.71250000 -0.00833173
19.75416667 -0.00825458
19.79583333 -0.00817764
19.83750000 -0.00810091
19.87916667 -0.00802439
19.92083333 -0.00794808
19.96250000 -0.00787198
20.00416667 -0.00779610
20.04583333 -0.00772042
20.08750000 -0.00764496
20.12916667 -0.00756972
20.17083333 -0.00749468
20.21250000 -0.00741986
20.25416667 -0.00734525
20.29583333 -0.00727086
20.33750000 -0.00719668
20.37916667 -0.00712272
20.42083333 -0.00704897
20.46250000 -0.00697543
20.50416667 -0.00690211
20.54583333 -0.00682900
20.58750000 -0.00675611
20.62916667 -0.00668343
20.67083333 -0.00661097
20.71250000 -0.00653872
20.75416667 -0.00646668
20.79583333 -0.00639485
20.83750000 -0.00632324
20.87916667 -0.00625183
20.92083333 -0.00618064
20.96250000 -0.00610966
21.00416667 -0.00603889
21.04583333 -0.00596833
21.08750000 -0.00589798
21.12916667 -0.00582784
21.17083333 -0.00575790
21.21250000 -0.00568817
21.25416667 -0.00561864
21.29583333 -0.00554932
21.33750000 -0.00548021
21.37916667 -0.00541130
21.42083333 -0.00534258
21.46250000 -0.00527407
21.50416667 -0.00520576
21.54583333 -0.00513765
21.58750000 -0.00506974
21.62916667 -0.00500202
21.67083333 -0.00493450
21.71250000 -0.00486717
21.75416667 -0.00480003
21.79583333 -0.00473308
21.83750000 -0.00466633
21.87916667 -0.00459976
21.92083333 -0.00453338
21.96250000 -0.00446719
22.00416667 -0.00440118
22.04583333 -0.00433535
22.08750000 -0.00426970
22.12916667 -0.00420424
22.17083333 -0.00413895
22.21250000 -0.00407384
22.25416667 -0.00400890
22.29583333 -0.00394413
22.33750000 -0.00387954
22.37916667 -0.00381511
22.42083333 -0.00375086
22.46250000 -0.00368676
22.50416667 -0.00362284
22.54583333 -0.00355907
22.58750000 -0.00349546
22.62916667 -0.00343202
22.67083333 -0.00336872
22.71250000 -0.00330559
22.75416667 -0.00324260
22.79583333 -0.00317976
22.83750000 -0.00311707
22.87916667 -0.00305453
22.92083333 -0.00299213
22.96250000 -0.00292987
23.00416667 -0.00286776
23.04583333 -0.00280577
23.08750000 -0.00274393
23.12916667 -0.00268221
23.17083333 -0.00262063
23.21250000 -0.00255917
23.25416667 -0.00249784
23.29583333 -0.00243663
23.33750000 -0.00237554
23.37916667 -0.00231457
23.42083333 -0.00225372
23.46250000 -0.00219298
23.50416667 -0.00213235
23.54583333 -0.00207182
23.58750000 -0.00201141
23.62916667 -0.00195109
23.67083333 -0.00189088
23.71250000 -0.00183076
23.75416667 -0.00177074
23.79583333 -0.00171081
23.83750000 -0.00165097
23.87916667 -0.00159122
23.92083333 -0.00153155
23.96250000 -0.00147196
24.00416667 -0.00141245
24.04583333 -0.00135302
24.08750000 -0.00129366
24.12916667 -0.00123437
24.17083333 -0.00117515
24.21250000 -0.00111598
24.25416667 -0.00105689
24.29583333 -0.00099784
24.33750000 -0.00093886
24.37916667 -0.00087992
24.42083333 -0.00082104
24.46250000 -0.00076220
24.50416667 -0.00070340
24.54583333 -0.00064464
24.58750000 -0.00058592
24.62916667 -0.00052724
24.67083333 -0.00046858
24.71250000 -0.00040995
24.75416667 -0.00035134
24.79583333 -0.00029275
24.83750000 -0.00023418
24.87916667 -0.00017562
24.92083333 -0.00011708
24.96250000 -0.00005854

0.00416667 0.00000025
0.04583333 0.00002819
0.08750000 0.00009696
0.12916667 0.00019992
0.17083333 0.00033181
0.21250000 0.00048840
0.25416667 0.00066628
0.29583333 0.00086270
0.33750000 0.00107540
0.37916667 0.00130249
0.42083333 0.00154236
0.46250000 0.00179362
0.50416667 0.00205505
0.54583333 0.00232552
0.58750000 0.00260402
0.62916667 0.00288959
0.67083333 0.00318133
0.71250000 0.00347837
0.75416667 0.00377990
0.79583333 0.00408512
0.83750000 0.00439325
0.87916667 0.00470355
0.92083333 0.00501529
0.96250000 0.00532777
1.00416667 0.00564032
1.04583333 0.00595227
1.08750000 0.00626299
1.12916667 0.00657187
1.17083333 0.00687832
1.21250000 0.00718178
1.25416667 0.00748170
1.29583333 0.00777756
1.33750000 0.00806888
1.37916667 0.00835518
1.42083333 0.00863602
1.46250000 0.00891098
1.50416667 0.00917966
1.54583333 0.00944168
1.58750000 0.00969668
1.62916667 0.00994435
1.67083333 0.01018436
1.71250000 0.01041643
1.75416667 0.01064029
1.79583333 0.01085570
1.83750000 0.01106242
1.87916667 0.01126025
1.92083333 0.01144899
1.96250000 0.01162847
2.00416667 0.01179854
2.04583333 0.01195906
2.08750000 0.01210990
2.12916667 0.01225096
2.17083333 0.01238214
2.21250000 0.01250336
2.25416667 0.01261457
2.29583333 0.01271571
2.33750000 0.01280675
2.37916667 0.01288765
2.42083333 0.01295842
2.46250000 0.01301904
2.50416667 0.01306952
2.54583333 0.01310989
2.58750000 0.01314018
2.62916667 0.01316043
2.67083333 0.01317068
2.71250000 0.01317100
2.75416667 0.01316146
2.79583333 0.01314212
2.83750000 0.01311308
2.87916667 0.01307442
2.92083333 0.01302624
2.96250000 0.01296865
3.00416667 0.01290175
3.04583333 0.01282567
3.08750000 0.01274052
3.12916667 0.01264644
3.17083333 0.01254356
3.21250000 0.01243202
3.25416667 0.01231195
3.29583333 0.01218352
3.33750000 0.01204686
3.37916667 0.01190213
3.42083333 0.01174950
3.46250000 0.01158912
3.50416667 0.01142117
3.54583333 0.01124579
3.58750000 0.01106318
3.62916667 0.01087350
3.67083333 0.01067692
3.71250000 0.01047362
3.75416667 0.01026379
3.79583333 0.01004760
3.83750000 0.00982523
3.87916667 0.00959687
3.92083333 0.00936270
3.96250000 0.00912290
4.00416667 0.00887767
4.04583333 0.00862718
4.08750000 0.00837164
4.12916667 0.00811121
4.17083333 0.00784609
4.21250000 0.00757648
4.25416667 0.00730254
4.29583333 0.00702448
4.33750000 0.00674248
4.37916667 0.00645672
4.42083333 0.00616739
4.46250000 0.00587468
4.50416667 0.00557877
4.54583333 0.00527984
4.58750000 0.00497808
4.62916667 0.00467366
4.67083333 0.00436678
4.71250000 0.00405760
4.75416667 0.00374630
4.79583333 0.00343306
4.83750000 0.00311806
4.87916667 0.00280147
4.92083333 0.00248346
4.96250000 0.00216420
5.00416667 0.00184385
5.04583333 0.00152260
5.08750000 0.00120059
5.12916667 0.00087799
5.17083333 0.00055497
5.21250000 0.00023168
5.25416667 -0.00009173
5.29583333 -0.00041508
5.33750000 -0.00073825
5.37916667 -0.00106106
5.42083333 -0.00138338
5.46250000 -0.00170506
5.50416667 -0.00202596
5.54583333 -0.00234593
5.58750000 -0.00266484
5.62916667 -0.00298254
5.67083333 -0.00329890
5.71250000 -0.00361380
5.75416667 -0.00392710
5.79583333 -0.00423867
5.83750000 -0.00454840
5.87916667 -0.00485615
5.92083333 -0.00516180
5.96250000 -0.00546525
6.00416667 -0.00576636
6.04583333 -0.00606505
6.08750000 -0.00636118
6.12916667 -0.00665465
6.17083333 -0.00694537
6.21250000 -0.00723321
6.25416667 -0.00751810
6.29583333 -0.00779992
6.33750000 -0.00807858
6.37916667 -0.00835400
6.42083333 -0.00862607
6.46250000 -0.00889471
6.50416667 -0.00915984
6.54583333 -0.00942138
6.58750000 -0.00967923
6.62916667 -0.00993333
6.67083333 -0.01018360
6.71250000 -0.01042996
6.75416667 -0.01067235
6.79583333 -0.01091070
6.83750000 -0.01114493
6.87916667 -0.01137499
6.92083333 -0.01160082
6.96250000 -0.01182235
7.00416667 -0.01203953
7.04583333 -0.01225230
7.08750000 -0.01246062
7.12916667 -0.01266443
7.17083333 -0.01286369
7.21250000 -0.01305834
7.25416667 -0.01324836
7.29583333 -0.01343368
7.33750000 -0.01361429
7.37916667 -0.01379013
7.42083333 -0.01396118
7.46250000 -0.01412740
7.50416667 -0.01428876
7.54583333 -0.01444523
7.58750000 -0.01459679
7.62916667 -0.01474342
7.67083333 -0.01488508
7.71250000 -0.01502177
7.75416667 -0.01515345
7.79583333 -0.01528012
7.83750000 -0.01540176
7.87916667 -0.01551836
7.92083333 -0.01562990
7.96250000 -0.01573638
8.00416667 -0.01583779
8.04583333 -0.01593412
8.08750000 -0.01602537
8.12916667 -0.01611154
8.17083333 -0.01619262
8.21250000 -0.01626862
8.25416667 -0.01633954
8.29583333 -0.01640538
8.33750000 -0.01646616
8.37916667 -0.01652187
8.42083333 -0.01657253
8.46250000 -0.01661814
8.50416667 -0.01665872
8.54583333 -0.01669429
8.58750000 -0.01672485
8.62916667 -0.01675042
8.67083333 -0.01677103
8.71250000 -0.01678668
8.75416667 -0.01679740
8.79583333 -0.01680322
8.83750000 -0.01680414
8.87916667 -0.01680021
8.92083333 -0.01679143
8.96250000 -0.01677784
9.00416667 -0.01675947
9.04583333 -0.01673635
9.08750000 -0.01670850
9.12916667 -0.01667595
9.17083333 -0.01663874
9.21250000 -0.01659690
9.25416667 -0.01655046
9.29583333 -0.01649947
9.33750000 -0.01644394
9.37916667 -0.01638393
9.42083333 -0.01631947
9.46250000 -0.01625059
9.50416667 -0.01617734
9.54583333 -0.01609976
9.58750000 -0.01601788
9.62916667 -0.01593176
9.67083333 -0.01584143
9.71250000 -0.01574693
9.75416667 -0.01564831
9.79583333 -0.01554562
9.83750000 -0.01543890
9.87916667 -0.01532819
9.92083333 -0.01521355
9.96250000 -0.01509502
10.00416667 -0.01497264
10.04583333 -0.01484648
10.08750000 -0.01471656
10.12916667 -0.01458296
10.17083333 -0.01444571
10.21250000 -0.01430487
10.25416667 -0.01416048
10.29583333 -0.01401260
10.33750000 -0.01386128
10.37916667 -0.01370658
10.42083333 -0.01354854
10.46250000 -0.01338722
10.50416667 -0.01322268
10.54583333 -0.01305496
10.58750000 -0.01288411
10.62916667 -0.01271021
10.67083333 -0.01253329
10.71250000 -0.01235342
10.75416667 -0.01217064
10.79583333 -0.01198502
10.83750000 -0.01179661
10.87916667 -0.01160547
10.92083333 -0.01141165
10.96250000 -0.01121520
11.00416667 -0.01101619
11.04583333 -0.01081467
11.08750000 -0.01061070
11.12916667 -0.01040433
11.17083333 -0.01019562
11.21250000 -0.00998462
11.25416667 -0.00977140
11.29583333 -0.00955601
11.33750000 -0.00933851
11.37916667 -0.00911895
11.42083333 -0.00889739
11.46250000 -0.00867389
11.50416667 -0.00844850
11.54583333 -0.00822128
11.58750000 -0.00799229
11.62916667 -0.00776158
11.67083333 -0.00752922
11.71250000 -0.00729525
11.75416667 -0.00705973
11.79583333 -0.00682272
11.83750000 -0.00658428
11.87916667 -0.00634445
11.92083333 -0.00610330
11.96250000 -0.00586089
12.00416667 -0.00561726
12.04583333 -0.00537247
12.08750000 -0.00512658
12.12916667 -0.00487965
12.17083333 -0.00463172
12.21250000 -0.00438285
12.25416667 -0.00413309
12.29583333 -0.00388250
12.33750000 -0.00363114
12.37916667 -0.00337905
12.42083333 -0.00312628
12.46250000 -0.00287290
12.50416667 -0.00261896
12.54583333 -0.00236450
12.58750000 -0.00210957
12.62916667 -0.00185423
12.67083333 -0.00159854
12.71250000 -0.00134253
12.75416667 -0.00108627
12.79583333 -0.00082980
12.83750000 -0.00057317
12.87916667 -0.00031643
12.92083333 -0.00005963
12.96250000 0.00019718
13.00416667 0.00045395
13.04583333 0.00071064
13.08750000 0.00096720
13.12916667 0.00122358
13.17083333 0.00147973
13.21250000 0.00173560
13.25416667 0.00199116
13.29583333 0.00224635
13.33750000 0.00250113
13.37916667 0.00275546
13.42083333 0.00300929
13.46250000 0.00326258
13.50416667 0.00351528
13.54583333 0.00376735
13.58750000 0.00401875
13.62916667 0.00426943
13.67083333 0.00451936
13.71250000 0.00476850
13.75416667 0.00501679
13.79583333 0.00526421
13.83750000 0.00551070
13.87916667 0.00575624
13.92083333 0.00600079
13.96250000 0.00624430
14.00416667 0.00648673
14.04583333 0.00672806
14.08750000 0.00696824
14.12916667 0.00720723
14.17083333 0.00744501
14.21250000 0.00768153
14.25416667 0.00791675
14.29583333 0.00815066
14.33750000 0.00838320
14.37916667 0.00861435
14.42083333 0.00884407
14.46250000 0.00907233
14.50416667 0.00929910
14.54583333 0.00952434
14.58750000 0.00974804
14.62916667 0.00997014
14.67083333 0.01019063
14.71250000 0.01040948
14.75416667 0.01062665
14.79583333 0.01084211
14.83750000 0.01105584
14.87916667 0.01126782
14.92083333 0.01147800
14.96250000 0.01168637
15.00416667 0.01189290
15.04583333 0.01209757
15.08750000 0.01230034
15.12916667 0.01250120
15.17083333 0.01270011
15.21250000 0.01289706
15.25416667 0.01309202
15.29583333 0.01328497
15.33750000 0.01347588
15.37916667 0.01366474
15.42083333 0.01385152
15.46250000 0.01403620
15.50416667 0.01421877
15.54583333 0.01439919
15.58750000 0.01457745
15.62916667 0.01475354
15.67083333 0.01492743
15.71250000 0.01509910
15.75416667 0.01526854
15.79583333 0.01543574
15.83750000 0.01560066
15.87916667 0.01576330
15.92083333 0.01592364
15.96250000 0.01608167
16.00416667 0.01623737
16.04583333 0.01639072
16.08750000 0.01654172
16.12916667 0.01669035
16.17083333 0.01683659
16.21250000 0.01698043
16.25416667 0.01712186
16.29583333 0.01726087
16.33750000 0.01739745
16.37916667 0.01753159
16.42083333 0.01766327
16.46250000 0.01779248
16.50416667 0.01791922
16.54583333 0.01804348
16.58750000 0.01816525
16.62916667 0.01828451
16.67083333 0.01840127
16.71250000 0.01851551
16.75416667 0.01862722
16.79583333 0.01873641
16.83750000 0.01884306
16.87916667 0.01894717
16.92083333 0.01904873
16.96250000 0.01914774
17.00416667 0.01924418
17.04583333 0.01933807
17.08750000 0.01942939
17.12916667 0.01951814
17.17083333 0.01960432
17.21250000 0.01968792
17.25416667 0.01976894
17.29583333 0.01984739
17.33750000 0.01992325
17.37916667 0.01999653
17.42083333 0.02006722
17.46250000 0.02013533
17.50416667 0.02020085
17.54583333 0.02026378
17.58750000 0.02032413
17.62916667 0.02038190
17.67083333 0.02043709
17.71250000 0.02048969
17.75416667 0.02053971
17.79583333 0.02058715
17.83750000 0.02063202
17.87916667 0.02067432
17.92083333 0.02071404
17.96250000 0.02075120
18.00416667 0.02078580
18.04583333 0.02081784
18.08750000 0.02084732
18.12916667 0.02087426
18.17083333 0.02089864
18.21250000 0.02092049
18.25416667 0.02093981
18.29583333 0.02095660
18.33750000 0.02097086
18.37916667 0.02098261
18.42083333 0.02099185
18.46250000 0.02099858
18.50416667 0.02100282
18.54583333 0.02100458
18.58750000 0.02100385
18.62916667 0.02100065
18.67083333 0.02099498
18.71250000 0.02098686
18.75416667 0.02097630
18.79583333 0.02096329
18.83750000 0.02094786
18.87916667 0.02093001
18.92083333 0.02090974
18.96250000 0.02088708
19.00416667 0.02086203
19.04583333 0.02083460
19.08750000 0.02080480
19.12916667 0.02077264
19.17083333 0.02073813
19.21250000 0.02070129
19.25416667 0.02066213
19.29583333 0.02062065
19.33750000 0.02057687
19.37916667 0.02053081
19.42083333 0.02048246
19.46250000 0.02043186
19.50416667 0.02037900
19.54583333 0.02032390
19.58750000 0.02026658
19.62916667 0.02020704
19.67083333 0.02014530
19.71250000 0.02008138
19.75416667 0.02001529
19.79583333 0.01994704
19.83750000 0.01987664
19.87916667 0.01980412
19.92083333 0.01972948
19.96250000 0.01965274
20.00416667 0.01957391
20.04583333 0.01949301
20.08750000 0.01941005
20.12916667 0.01932505
20.17083333 0.01923802
20.21250000 0.01914898
20.25416667 0.01905795
20.29583333 0.01896493
20.33750000 0.01886995
20.37916667 0.01877302
20.42083333 0.01867416
20.46250000 0.01857338
20.50416667 0.01847070
20.54583333 0.01836613
20.58750000 0.01825970
20.62916667 0.01815141
20.67083333 0.01804129
20.71250000 0.01792935
20.75416667 0.01781561
20.79583333 0.01770009
20.83750000 0.01758279
20.87916667 0.01746375
20.92083333 0.01734297
20.96250000 0.01722047
21.00416667 0.01709627
21.04583333 0.01697040
21.08750000 0.01684285
21.12916667 0.01671366
21.17083333 0.01658284
21.21250000 0.01645041
21.25416667 0.01631638
21.29583333 0.01618078
21.33750000 0.01604362
21.37916667 0.01590491
21.42083333 0.01576469
21.46250000 0.01562295
21.50416667 0.01547973
21.54583333 0.01533505
21.58750000 0.01518891
21.62916667 0.01504133
21.67083333 0.01489235
21.71250000 0.01474196
21.75416667 0.01459020
21.79583333 0.01443708
21.83750000 0.01428261
21.87916667 0.01412682
21.92083333 0.01396973
21.96250000 0.01381135
22.00416667 0.01365170
22.04583333 0.01349080
22.08750000 0.01332866
22.12916667 0.01316532
22.17083333 0.01300078
22.21250000 0.01283506
22.25416667 0.01266819
22.29583333 0.01250017
22.33750000 0.01233104
22.37916667 0.01216080
22.42083333 0.01198947
22.46250000 0.01181708
22.50416667 0.01164365
22.54583333 0.01146918
22.58750000 0.01129370
22.62916667 0.01111723
22.67083333 0.01093979
22.71250000 0.01076139
22.75416667 0.01058205
22.79583333 0.01040180
22.83750000 0.01022064
22.87916667 0.01003860
22.92083333 0.00985570
22.96250000 0.00967195
23.00416667 0.00948737
23.04583333 0.00930198
23.08750000 0.00911581
23.12916667 0.00892886
23.17083333 0.00874115
23.21250000 0.00855271
23.25416667 0.00836354
23.29583333 0.00817368
23.33750000 0.00798313
23.37916667 0.00779192
23.42083333 0.00760006
23.46250000 0.00740757
23.50416667 0.00721446
23.54583333 0.00702077
23.58750000 0.00682649
23.62916667 0.00663166
23.67083333 0.00643628
23.71250000 0.00624038
23.75416667 0.00604398
23.79583333 0.00584708
23.83750000 0.00564971
23.87916667 0.00545189
23.92083333 0.00525363
23.96250000 0.00505495
24.00416667 0.00485587
24.04583333 0.00465640
24.08750000 0.00445656
24.12916667 0.00425636
24.17083333 0.00405584
24.21250000 0.00385499
24.25416667 0.00365384
24.29583333 0.00345240
24.33750000 0.00325070
24.37916667 0.00304874
24.42083333 0.00284655
24.46250000 0.00264413
24.50416667 0.00244151
24.54583333 0.00223871
24.58750000 0.00203573
24.62916667 0.00183260
24.67083333 0.00162932
24.71250000 0.00142593
24.75416667 0.00122242
24.79583333 0.00101883
24.83750000 0.00081515
24.87916667 0.00061142
24.92083333 0.00040764
24.96250000 0.00020383

