0.00416667 0.00209385
0.04583333 0.02035322
0.08750000 0.03441740
0.12916667 0.04511390
0.17083333 0.05311434
0.21250000 0.05896058
0.25416667 0.06308819
0.29583333 0.06584653
0.33750000 0.06751563
0.37916667 0.06831992
0.42083333 0.06843940
0.46250000 0.06801869
0.50416667 0.06717407
0.54583333 0.06599930
0.58750000 0.06457006
0.62916667 0.06294757
0.67083333 0.06118145
0.71250000 0.05931195
0.75416667 0.05737178
0.79583333 0.05538749
0.83750000 0.05338067
0.87916667 0.05136884
0.92083333 0.04936617
0.96250000 0.04738409
1.00416667 0.04543180
1.04583333 0.04351659
1.08750000 0.04164421
1.12916667 0.03981914
1.17083333 0.03804477
1.21250000 0.03632358
1.25416667 0.03465734
1.29583333 0.03304717
1.33750000 0.03149365
1.37916667 0.02999697
1.42083333 0.02855694
1.46250000 0.02717305
1.50416667 0.02584457
1.54583333 0.02457057
1.58750000 0.02334994
1.62916667 0.02218144
1.67083333 0.02106375
1.71250000 0.01999543
1.75416667 0.01897503
1.79583333 0.01800102
1.83750000 0.01707186
1.87916667 0.01618599
1.92083333 0.01534186
1.96250000 0.01453789
2.00416667 0.01377256
2.04583333 0.01304433
2.08750000 0.01235171
2.12916667 0.01169323
2.17083333 0.01106745
2.21250000 0.01047297
2.25416667 0.00990841
2.29583333 0.00937247
2.33750000 0.00886385
2.37916667 0.00838131
2.42083333 0.00792364
2.46250000 0.00748970
2.50416667 0.00707836
2.54583333 0.00668854
2.58750000 0.00631922
2.62916667 0.00596940
2.67083333 0.00563813
2.71250000 0.00532449
2.75416667 0.00502762
2.79583333 0.00474667
2.83750000 0.00448084
2.87916667 0.00422937
2.92083333 0.00399153
2.96250000 0.00376661
3.00416667 0.00355396
3.04583333 0.00335295
3.08750000 0.00316295
3.12916667 0.00298341
3.17083333 0.00281376
3.21250000 0.00265350
3.25416667 0.00250212
3.29583333 0.00235914
3.33750000 0.00222413
3.37916667 0.00209665
3.42083333 0.00197631
3.46250000 0.00186271
3.50416667 0.00175548
3.54583333 0.00165430
3.58750000 0.00155882
3.62916667 0.00146873
3.67083333 0.00138374
3.71250000 0.00130357
3.75416667 0.00122796
3.79583333 0.00115665
3.83750000 0.00108940
3.87916667 0.00102598
3.92083333 0.00096620
3.96250000 0.00090984
4.00416667 0.00085670
4.04583333 0.00080662
4.08750000 0.00075942
4.12916667 0.00071494
4.17083333 0.00067302
4.21250000 0.00063353
4.25416667 0.00059631
4.29583333 0.00056125
4.33750000 0.00052822
4.37916667 0.00049711
4.42083333 0.00046781
4.46250000 0.00044021
4.50416667 0.00041421
4.54583333 0.00038973
4.58750000 0.00036668
4.62916667 0.00034498
4.67083333 0.00032455
4.71250000 0.00030531
4.75416667 0.00028719
4.79583333 0.00027014
4.83750000 0.00025410
4.87916667 0.00023899
4.92083333 0.00022477
4.96250000 0.00021139
5.00416667 0.00019880
5.04583333 0.00018695
5.08750000 0.00017579
5.12916667 0.00016530
5.17083333 0.00015543
5.21250000 0.00014614
5.25416667 0.00013740
5.29583333 0.00012918
5.33750000 0.00012145
5.37916667 0.00011417
5.42083333 0.00010733
5.46250000 0.00010089
5.50416667 0.00009484
5.54583333 0.00008914
5.58750000 0.00008379
5.62916667 0.00007875
5.67083333 0.00007402
5.71250000 0.00006957
5.75416667 0.00006538
5.79583333 0.00006144
5.83750000 0.00005774
5.87916667 0.00005426
5.92083333 0.00005099
5.96250000 0.00004791
6.00416667 0.00004502
6.04583333 0.00004230
6.08750000 0.00003974
6.12916667 0.00003734
6.17083333 0.00003508
6.21250000 0.00003296
6.25416667 0.00003097
6.29583333 0.00002909
6.33750000 0.00002733
6.37916667 0.00002567
6.42083333 0.00002412
6.46250000 0.00002266
6.50416667 0.00002128
6.54583333 0.00001999
6.58750000 0.00001878
6.62916667 0.00001764
6.67083333 0.00001656
6.71250000 0.00001556
6.75416667 0.00001461
6.79583333 0.00001372
6.83750000 0.00001289
6.87916667 0.00001210
6.92083333 0.00001137
6.96250000 0.00001067
7.00416667 0.00001002
7.04583333 0.00000941
7.08750000 0.00000884
7.12916667 0.00000830
7.17083333 0.00000779
7.21250000 0.00000732
7.25416667 0.00000687
7.29583333 0.00000645
7.33750000 0.00000606
7.37916667 0.00000569
7.42083333 0.00000534
7.46250000 0.00000501
7.50416667 0.00000471
7.54583333 0.00000442
7.58750000 0.00000415
7.62916667 0.00000389
7.67083333 0.00000366
7.71250000 0.00000343
7.75416667 0.00000322
7.79583333 0.00000302
7.83750000 0.00000284
7.87916667 0.00000267
7.92083333 0.00000250
7.96250000 0.00000235
8.00416667 0.00000220
8.04583333 0.00000207
8.08750000 0.00000194
8.12916667 0.00000182
8.17083333 0.00000171
8.21250000 0.00000161
8.25416667 0.00000151
8.29583333 0.00000141
8.33750000 0.00000133
8.37916667 0.00000125
8.42083333 0.00000117
8.46250000 0.00000110
8.50416667 0.00000103
8.54583333 0.00000097
8.58750000 0.00000091
8.62916667 0.00000085
8.67083333 0.00000080
8.71250000 0.00000075
8.75416667 0.00000070
8.79583333 0.00000066
8.83750000 0.00000062
8.87916667 0.00000058
8.92083333 0.00000055
8.96250000 0.00000051
9.00416667 0.00000048
9.04583333 0.00000045
9.08750000 0.00000042
9.12916667 0.00000040
9.17083333 0.00000037
9.21250000 0.00000035
9.25416667 0.00000033
9.29583333 0.00000031
9.33750000 0.00000029
9.37916667 0.00000027
9.42083333 0.00000025
9.46250000 0.00000024
9.50416667 0.00000022
9.54583333 0.00000021
9.58750000 0.00000020
9.62916667 0.00000018
9.67083333 0.00000017
9.71250000 0.00000016
9.75416667 0.00000015
9.79583333 0.00000014
9.83750000 0.00000013
9.87916667 0.00000013
9.92083333 0.00000012
9.96250000 0.00000011
10.00416667 0.00000010
10.04583333 0.00000010
10.08750000 0.00000009
10.12916667 0.00000009
10.17083333 0.00000008
10.21250000 0.00000008
10.25416667 0.00000007
10.29583333 0.00000007
10.33750000 0.00000006
10.37916667 0.00000006
10.42083333 0.00000005
10.46250000 0.00000005
10.50416667 0.00000005
10.54583333 0.00000005
10.58750000 0.00000004
10.62916667 0.00000004
10.67083333 0.00000004
10.71250000 0.00000003
10.75416667 0.00000003
10.79583333 0.00000003
10.83750000 0.00000003
10.87916667 0.00000003
10.92083333 0.00000003
10.96250000 0.00000002
11.00416667 0.00000002
11.04583333 0.00000002
11.08750000 0.00000002
11.12916667 0.00000002
11.17083333 0.00000002
11.21250000 0.00000002
11.25416667 0.00000002
11.29583333 0.00000001
11.33750000 0.00000001
11.37916667 0.00000001
11.42083333 0.00000001
11.46250000 0.00000001
11.50416667 0.00000001
11.54583333 0.00000001
11.58750000 0.00000001
11.62916667 0.00000001
11.67083333 0.00000001
11.71250000 0.00000001
11.75416667 0.00000001
11.79583333 0.00000001
11.83750000 0.00000001
11.87916667 0.00000001
11.92083333 0.00000001
11.96250000 0.00000001
12.00416667 0.00000000
12.04583333 0.00000000
12.08750000 0.00000000
12.12916667 0.00000000
12.17083333 0.00000000
12.21250000 0.00000000
12.25416667 0.00000000
12.29583333 0.00000000
12.33750000 0.00000000
12.37916667 0.00000000
12.42083333 0.00000000
12.46250000 0.00000000
12.50416667 0.00000000
12.54583333 0.00000000
12.58750000 0.00000000
12.62916667 0.00000000
12.67083333 0.00000000
12.71250000 0.00000000
12.75416667 0.00000000
12.79583333 0.00000000
12.83750000 0.00000000
12.87916667 0.00000000
12.92083333 0.00000000
12.96250000 0.00000000
13.00416667 0.00000000
13.04583333 0.00000000
13.08750000 0.00000000
13.12916667 0.00000000
13.17083333 0.00000000
13.21250000 0.00000000
13.25416667 0.00000000
13.29583333 0.00000000
13.33750000 0.00000000
13.37916667 0.00000000
13.42083333 0.00000000
13.46250000 0.00000000
13.50416667 0.00000000
13.54583333 0.00000000
13.58750000 0.00000000
13.62916667 0.00000000
13.67083333 0.00000000
13.71250000 0.00000000
13.75416667 0.00000000
13.79583333 0.00000000
13.83750000 0.00000000
13.87916667 0.00000000
13.92083333 0.00000000
13.96250000 0.00000000
14.00416667 0.00000000
14.04583333 0.00000000
14.08750000 0.00000000
14.12916667 0.00000000
14.17083333 0.00000000
14.21250000 0.00000000
14.25416667 0.00000000
14.29583333 0.00000000
14.33750000 0.00000000
14.37916667 0.00000000
14.42083333 0.00000000
14.46250000 0.00000000
14.50416667 0.00000000
14.54583333 0.00000000
14.58750000 0.00000000
14.62916667 0.00000000
14.67083333 0.00000000
14.71250000 0.00000000
14.75416667 0.00000000
14.79583333 0.00000000
14.83750000 0.00000000
14.87916667 0.00000000
14.92083333 0.00000000
14.96250000 0.00000000
15.00416667 0.00000000
15.04583333 0.00000000
15.08750000 0.00000000
15.12916667 0.00000000
15.17083333 0.00000000
15.21250000 0.00000000
15.25416667 0.00000000
15.29583333 0.00000000
15.33750000 0.00000000
15.37916667 0.00000000
15.42083333 0.00000000
15.46250000 0.00000000
15.50416667 0.00000000
15.54583333 0.00000000
15.58750000 0.00000000
15.62916667 0.00000000
15.67083333 0.00000000
15.71250000 0.00000000
15.75416667 0.00000000
15.79583333 0.00000000
15.83750000 0.00000000
15.87916667 0.00000000
15.92083333 0.00000000
15.96250000 0.00000000
16.00416667 0.00000000
16.04583333 0.00000000
16.08750000 0.00000000
16.12916667 0.00000000
16.17083333 0.00000000
16.21250000 0.00000000
16.25416667 0.00000000
16.29583333 0.00000000
16.33750000 0.00000000
16.37916667 0.00000000
16.42083333 0.00000000
16.46250000 0.00000000
16.50416667 0.00000000
16.54583333 0.00000000
16.58750000 0.00000000
16.62916667 0.00000000
16.67083333 0.00000000
16.71250000 0.00000000
16.75416667 0.00000000
16.79583333 0.00000000
16.83750000 0.00000000
16.87916667 0.00000000
16.92083333 0.00000000
16.96250000 0.00000000
17.00416667 0.00000000
17.04583333 0.00000000
17.08750000 0.00000000
17.12916667 0.00000000
17.17083333 0.00000000
17.21250000 0.00000000
17.25416667 0.00000000
17.29583333 0.00000000
17.33750000 0.00000000
17.37916667 0.00000000
17.42083333 0.00000000
17.46250000 0.00000000
17.50416667 0.00000000
17.54583333 0.00000000
17.58750000 0.00000000
17.62916667 0.00000000
17.67083333 0.00000000
17.71250000 0.00000000
17.75416667 0.00000000
17.79583333 0.00000000
17.83750000 0.00000000
17.87916667 0.00000000
17.92083333 0.00000000
17.96250000 0.00000000
18.00416667 0.00000000
18.04583333 0.00000000
18.08750000 0.00000000
18.12916667 0.00000000
18.17083333 0.00000000
18.21250000 0.00000000
18.25416667 0.00000000
18.29583333 0.00000000
18.33750000 0.00000000
18.37916667 0.00000000
18.42083333 0.00000000
18.46250000 0.00000000
18.50416667 0.00000000
18.54583333 0.00000000
18.58750000 0.00000000
18.62916667 0.00000000
18.67083333 0.00000000
18.71250000 0.00000000
18.75416667 0.00000000
18.79583333 0.00000000
18.83750000 0.00000000
18.87916667 0.00000000
18.92083333 0.00000000
18.96250000 0.00000000
19.00416667 0.00000000
19.04583333 0.00000000
19.08750000 0.00000000
19.12916667 0.00000000
19.17083333 0.00000000
19.21250000 0.00000000
19.25416667 0.00000000
19.29583333 0.00000000
19.33750000 0.00000000
19.37916667 0.00000000
19.42083333 0.00000000
19.46250000 0.00000000
19.50416667 0.00000000
19.54583333 0.00000000
19.58750000 0.00000000
19.62916667 0.00000000
19.67083333 0.00000000
19.71250000 0.00000000
19.75416667 0.00000000
19.79583333 0.00000000
19.83750000 0.00000000
19.87916667 0.00000000
19.92083333 0.00000000
19.96250000 0.00000000
20.00416667 0.00000000
20.04583333 0.00000000
20.08750000 0.00000000
20.12916667 0.00000000
20.17083333 0.00000000
20.21250000 0.00000000
20.25416667 0.00000000
20.29583333 0.00000000
20.33750000 0.00000000
20.37916667 0.00000000
20.42083333 0.00000000
20.46250000 0.00000000
20.50416667 0.00000000
20.54583333 0.00000000
20.58750000 0.00000000
20.62916667 0.00000000
20.67083333 0.00000000
20.71250000 0.00000000
20.75416667 0.00000000
20.79583333 0.00000000
20.83750000 0.00000000
20.87916667 0.00000000
20.92083333 0.00000000
20.96250000 0.00000000
21.00416667 0.00000000
21.04583333 0.00000000
21.08750000 0.00000000
21.12916667 0.00000000
21.17083333 0.00000000
21.21250000 0.00000000
21.25416667 0.00000000
21.29583333 0.00000000
21.33750000 0.00000000
21.37916667 0.00000000
21.42083333 0.00000000
21.46250000 0.00000000
21.50416667 0.00000000
21.54583333 0.00000000
21.58750000 0.00000000
21.62916667 0.00000000
21.67083333 0.00000000
21.71250000 0.00000000
21.75416667 0.00000000
21.79583333 0.00000000
21.83750000 0.00000000
21.87916667 0.00000000
21.92083333 0.00000000
21.96250000 0.00000000
22.00416667 0.00000000
22.04583333 0.00000000
22.08750000 0.00000000
22.12916667 0.00000000
22.17083333 0.00000000
22.21250000 0.00000000
22.25416667 0.00000000
22.29583333 0.00000000
22.33750000 0.00000000
22.37916667 0.00000000
22.42083333 0.00000000
22.46250000 0.00000000
22.50416667 0.00000000
22.54583333 0.00000000
22.58750000 0.00000000
22.62916667 0.00000000
22.67083333 0.00000000
22.71250000 0.00000000
22.75416667 0.00000000
22.79583333 0.00000000
22.83750000 0.00000000
22.87916667 0.00000000
22.92083333 0.00000000
22.96250000 0.00000000
23.00416667 0.00000000
23.04583333 0.00000000
23.08750000 0.00000000
23.12916667 0.00000000
23.17083333 0.00000000
23.21250000 0.00000000
23.25416667 0.00000000
23.29583333 0.00000000
23.33750000 0.00000000
23.37916667 0.00000000
23.42083333 0.00000000
23.46250000 0.00000000
23.50416667 0.00000000
23.54583333 0.00000000
23.58750000 0.00000000
23.62916667 0.00000000
23.67083333 0.00000000
23.71250000 0.00000000
23.75416667 0.00000000
23.79583333 0.00000000
23.83750000 0.00000000
23.87916667 0.00000000
23.92083333 0.00000000
23.96250000 0.00000000
24.00416667 0.00000000
24.04583333 0.00000000
24.08750000 0.00000000
24.12916667 0.00000000
24.17083333 0.00000000
24.21250000 0.00000000
24.25416667 0.00000000
24.29583333 0.00000000
24.33750000 0.00000000
24.37916667 0.00000000
24.42083333 0.00000000
24.46250000 0.00000000
24.50416667 0.00000000
24.54583333 0.00000000
24.58750000 0.00000000
24.62916667 0.00000000
24.67083333 0.00000000
24.71250000 0.00000000
24.75416667 0.00000000
24.79583333 0.00000000
24.83750000 0.00000000
24.87916667 0.00000000
24.92083333 0.00000000
24.96250000 0.00000000

0.00416667 0.00044643
0.04583333 0.00433607
0.08750000 0.00731579
0.12916667 0.00955206
0.17083333 0.01118127
0.21250000 0.01231452
0.25416667 0.01304198
0.29583333 0.01343673
0.33750000 0.01355805
0.37916667 0.01345405
0.42083333 0.01316394
0.46250000 0.01271974
0.50416667 0.01214780
0.54583333 0.01146983
0.58750000 0.01070392
0.62916667 0.00986516
0.67083333 0.00896627
0.71250000 0.00801804
0.75416667 0.00702967
0.79583333 0.00600908
0.83750000 0.00496312
0.87916667 0.00389775
0.92083333 0.00281819
0.96250000 0.00172904
1.00416667 0.00063436
1.04583333 -0.00046225
1.08750000 -0.00155758
1.12916667 -0.00264878
1.17083333 -0.00373329
1.21250000 -0.00480882
1.25416667 -0.00587333
1.29583333 -0.00692499
1.33750000 -0.00796217
1.37916667 -0.00898341
1.42083333 -0.00998741
1.46250000 -0.01097302
1.50416667 -0.01193922
1.54583333 -0.01288513
1.58750000 -0.01380995
1.62916667 -0.01471301
1.67083333 -0.01559373
1.71250000 -0.01645162
1.75416667 -0.01728627
1.79583333 -0.01809735
1.83750000 -0.01888458
1.87916667 -0.01964776
1.92083333 -0.02038676
1.96250000 -0.02110149
2.00416667 -0.02179191
2.04583333 -0.02245803
2.08750000 -0.02309990
2.12916667 -0.02371762
2.17083333 -0.02431131
2.21250000 -0.02488114
2.25416667 -0.02542729
2.29583333 -0.02594999
2.33750000 -0.02644948
2.37916667 -0.02692603
2.42083333 -0.02737992
2.46250000 -0.02781146
2.50416667 -0.02822098
2.54583333 -0.02860881
2.58750000 -0.02897530
2.62916667 -0.02932082
2.67083333 -0.02964574
2.71250000 -0.02995045
2.75416667 -0.03023532
2.79583333 -0.03050077
2.83750000 -0.03074719
2.87916667 -0.03097499
2.92083333 -0.03118458
2.96250000 -0.03137637
3.00416667 -0.03155078
3.04583333 -0.03170822
3.08750000 -0.03184912
3.12916667 -0.03197389
3.17083333 -0.03208294
3.21250000 -0.03217668
3.25416667 -0.03225554
3.29583333 -0.03231992
3.33750000 -0.03237022
3.37916667 -0.03240686
3.42083333 -0.03243022
3.46250000 -0.03244072
3.50416667 -0.03243873
3.54583333 -0.03242465
3.58750000 -0.03239886
3.62916667 -0.03236173
3.67083333 -0.03231365
3.71250000 -0.03225497
3.75416667 -0.03218607
3.79583333 -0.03210729
3.83750000 -0.03201898
3.87916667 -0.03192149
3.92083333 -0.03181516
3.96250000 -0.03170032
4.00416667 -0.03157729
4.04583333 -0.03144640
4.08750000 -0.03130796
4.12916667 -0.03116227
4.17083333 -0.03100964
4.21250000 -0.03085036
4.25416667 -0.03068472
4.29583333 -0.03051300
4.33750000 -0.03033548
4.37916667 -0.03015242
4.42083333 -0.02996410
4.46250000 -0.02977076
4.50416667 -0.02957265
4.54583333 -0.02937003
4.58750000 -0.02916312
4.62916667 -0.02895217
4.67083333 -0.02873739
4.71250000 -0.02851902
4.75416667 -0.02829726
4.79583333 -0.02807232
4.83750000 -0.02784441
4.87916667 -0.02761372
4.92083333 -0.02738045
4.96250000 -0.02714478
5.00416667 -0.02690690
5.04583333 -0.02666698
5.08750000 -0.02642519
5.12916667 -0.02618169
5.17083333 -0.02593666
5.21250000 -0.02569024
5.25416667 -0.02544259
5.29583333 -0.02519385
5.33750000 -0.02494416
5.37916667 -0.02469366
5.42083333 -0.02444249
5.46250000 -0.02419076
5.50416667 -0.02393861
5.54583333 -0.02368616
5.58750000 -0.02343352
5.62916667 -0.02318080
5.67083333 -0.02292810
5.71250000 -0.02267554
5.75416667 -0.02242322
5.79583333 -0.02217122
5.83750000 -0.02191964
5.87916667 -0.02166858
5.92083333 -0.02141811
5.96250000 -0.02116831
6.00416667 -0.02091928
6.04583333 -0.02067107
6.08750000 -0.02042377
6.12916667 -0.02017745
6.17083333 -0.01993216
6.21250000 -0.01968798
6.25416667 -0.01944497
6.29583333 -0.01920317
6.33750000 -0.01896266
6.37916667 -0.01872348
6.42083333 -0.01848568
6.46250000 -0.01824930
6.50416667 -0.01801441
6.54583333 -0.01778103
6.58750000 -0.01754921
6.62916667 -0.01731898
6.67083333 -0.01709039
6.71250000 -0.01686347
6.75416667 -0.01663824
6.79583333 -0.01641475
6.83750000 -0.01619302
6.87916667 -0.01597307
6.92083333 -0.01575493
6.96250000 -0.01553863
7.00416667 -0.01532418
7.04583333 -0.01511160
7.08750000 -0.01490092
7.12916667 -0.01469215
7.17083333 -0.01448531
7.21250000 -0.01428040
7.25416667 -0.01407745
7.29583333 -0.01387646
7.33750000 -0.01367744
7.37916667 -0.01348040
7.42083333 -0.01328535
7.46250000 -0.01309230
7.50416667 -0.01290125
7.54583333 -0.01271220
7.58750000 -0.01252516
7.62916667 -0.01234013
7.67083333 -0.01215711
7.71250000 -0.01197610
7.75416667 -0.01179711
7.79583333 -0.01162012
7.83750000 -0.01144514
7.87916667 -0.01127216
7.92083333 -0.01110118
7.96250000 -0.01093220
8.00416667 -0.01076521
8.04583333 -0.01060020
8.08750000 -0.01043717
8.12916667 -0.01027611
8.17083333 -0.01011701
8.21250000 -0.00995987
8.25416667 -0.00980467
8.29583333 -0.00965140
8.33750000 -0.00950006
8.37916667 -0.00935064
8.42083333 -0.00920313
8.46250000 -0.00905750
8.50416667 -0.00891376
8.54583333 -0.00877189
8.58750000 -0.00863187
8.62916667 -0.00849371
8.67083333 -0.00835737
8.71250000 -0.00822285
8.75416667 -0.00809014
8.79583333 -0.00795922
8.83750000 -0.00783008
8.87916667 -0.00770270
8.92083333 -0.00757707
8.96250000 -0.00745317
9.00416667 -0.00733099
9.04583333 -0.00721052
9.08750000 -0.00709174
9.12916667 -0.00697463
9.17083333 -0.00685917
9.21250000 -0.00674537
9.25416667 -0.00663318
9.29583333 -0.00652261
9.33750000 -0.00641364
9.37916667 -0.00630624
9.42083333 -0.00620041
9.46250000 -0.00609612
9.50416667 -0.00599336
9.54583333 -0.00589212
9.58750000 -0.00579238
9.62916667 -0.00569412
9.67083333 -0.00559733
9.71250000 -0.00550199
9.75416667 -0.00540808
9.79583333 -0.00531559
9.83750000 -0.00522450
9.87916667 -0.00513479
9.92083333 -0.00504646
9.96250000 -0.00495948
10.00416667 -0.00487383
10.04583333 -0.00478951
10.08750000 -0.00470649
10.12916667 -0.00462476
10.17083333 -0.00454430
10.21250000 -0.00446510
10.25416667 -0.00438714
10.29583333 -0.00431041
10.33750000 -0.00423489
10.37916667 -0.00416056
10.42083333 -0.00408741
10.46250000 -0.00401543
10.50416667 -0.00394460
10.54583333 -0.00387490
10.58750000 -0.00380632
10.62916667 -0.00373885
10.67083333 -0.00367246
10.71250000 -0.00360715
10.75416667 -0.00354290
10.79583333 -0.00347970
10.83750000 -0.00341753
10.87916667 -0.00335637
10.92083333 -0.00329622
10.96250000 -0.00323706
11.00416667 -0.00317887
11.04583333 -0.00312165
11.08750000 -0.00306537
11.12916667 -0.00301003
11.17083333 -0.00295561
11.21250000 -0.00290210
11.25416667 -0.00284948
11.29583333 -0.00279774
11.33750000 -0.00274688
11.37916667 -0.00269687
11.42083333 -0.00264770
11.46250000 -0.00259937
11.50416667 -0.00255186
11.54583333 -0.00250515
11.58750000 -0.00245924
11.62916667 -0.00241411
11.67083333 -0.00236975
11.71250000 -0.00232615
11.75416667 -0.00228330
11.79583333 -0.00224119
11.83750000 -0.00219980
11.87916667 -0.00215913
11.92083333 -0.00211916
11.96250000 -0.00207989
12.00416667 -0.00204129
12.04583333 -0.00200337
12.08750000 -0.00196611
12.12916667 -0.00192949
12.17083333 -0.00189352
12.21250000 -0.00185818
12.25416667 -0.00182346
12.29583333 -0.00178935
12.33750000 -0.00175584
12.37916667 -0.00172292
12.42083333 -0.00169058
12.46250000 -0.00165882
12.50416667 -0.00162761
12.54583333 -0.00159697
12.58750000 -0.00156686
12.62916667 -0.00153730
12.67083333 -0.00150826
12.71250000 -0.00147974
12.75416667 -0.00145173
12.79583333 -0.00142422
12.83750000 -0.00139721
12.87916667 -0.00137068
12.92083333 -0.00134463
12.96250000 -0.00131905
13.00416667 -0.00129393
13.04583333 -0.00126927
13.08750000 -0.00124505
13.12916667 -0.00122127
13.17083333 -0.00119792
13.21250000 -0.00117500
13.25416667 -0.00115250
13.29583333 -0.00113040
13.33750000 -0.00110871
13.37916667 -0.00108742
13.42083333 -0.00106652
13.46250000 -0.00104600
13.50416667 -0.00102585
13.54583333 -0.00100608
13.58750000 -0.00098667
13.62916667 -0.00096762
13.67083333 -0.00094892
13.71250000 -0.00093056
13.75416667 -0.00091255
13.79583333 -0.00089487
13.83750000 -0.00087752
13.87916667 -0.00086048
13.92083333 -0.00084377
13.96250000 -0.00082737
14.00416667 -0.00081127
14.04583333 -0.00079547
14.08750000 -0.00077997
14.12916667 -0.00076476
14.17083333 -0.00074983
14.21250000 -0.00073518
14.25416667 -0.00072081
14.29583333 -0.00070670
14.33750000 -0.00069287
14.37916667 -0.00067929
14.42083333 -0.00066597
14.46250000 -0.00065290
14.50416667 -0.00064007
14.54583333 -0.00062749
14.58750000 -0.00061515
14.62916667 -0.00060304
14.67083333 -0.00059116
14.71250000 -0.00057950
14.75416667 -0.00056807
14.79583333 -0.00055686
14.83750000 -0.00054585
14.87916667 -0.00053506
14.92083333 -0.00052447
14.96250000 -0.00051409
15.00416667 -0.00050390
15.04583333 -0.00049391
15.08750000 -0.00048411
15.12916667 -0.00047450
15.17083333 -0.00046507
15.21250000 -0.00045583
15.25416667 -0.00044676
15.29583333 -0.00043787
15.33750000 -0.00042914
15.37916667 -0.00042059
15.42083333 -0.00041220
15.46250000 -0.00040397
15.50416667 -0.00039590
15.54583333 -0.00038799
15.58750000 -0.00038023
15.62916667 -0.00037262
15.67083333 -0.00036516
15.71250000 -0.00035784
15.75416667 -0.00035066
15.79583333 -0.00034363
15.83750000 -0.00033673
15.87916667 -0.00032997
15.92083333 -0.00032333
15.96250000 -0.00031683
16.00416667 -0.00031045
16.04583333 -0.00030420
16.08750000 -0.00029807
16.12916667 -0.00029206
16.17083333 -0.00028617
16.21250000 -0.00028040
16.25416667 -0.00027473
16.29583333 -0.00026918
16.33750000 -0.00026374
16.37916667 -0.00025840
16.42083333 -0.00025317
16.46250000 -0.00024804
16.50416667 -0.00024301
16.54583333 -0.00023809
16.58750000 -0.00023325
16.62916667 -0.00022852
16.67083333 -0.00022388
16.71250000 -0.00021933
16.75416667 -0.00021487
16.79583333 -0.00021049
16.83750000 -0.00020621
16.87916667 -0.00020201
16.92083333 -0.00019789
16.96250000 -0.00019386
17.00416667 -0.00018990
17.04583333 -0.00018602
17.08750000 -0.00018222
17.12916667 -0.00017850
17.17083333 -0.00017485
17.21250000 -0.00017127
17.25416667 -0.00016777
17.29583333 -0.00016433
17.33750000 -0.00016096
17.37916667 -0.00015766
17.42083333 -0.00015443
17.46250000 -0.00015126
17.50416667 -0.00014815
17.54583333 -0.00014511
17.58750000 -0.00014213
17.62916667 -0.00013920
17.67083333 -0.00013634
17.71250000 -0.00013353
17.75416667 -0.00013078
17.79583333 -0.00012809
17.83750000 -0.00012545
17.87916667 -0.00012286
17.92083333 -0.00012032
17.96250000 -0.00011784
18.00416667 -0.00011540
18.04583333 -0.00011302
18.08750000 -0.00011068
18.12916667 -0.00010839
18.17083333 -0.00010614
18.21250000 -0.00010394
18.25416667 -0.00010179
18.29583333 -0.00009968
18.33750000 -0.00009761
18.37916667 -0.00009558
18.42083333 -0.00009360
18.46250000 -0.00009165
18.50416667 -0.00008975
18.54583333 -0.00008788
18.58750000 -0.00008605
18.62916667 -0.00008426
18.67083333 -0.00008250
18.71250000 -0.00008078
18.75416667 -0.00007910
18.79583333 -0.00007745
18.83750000 -0.00007583
18.87916667 -0.00007425
18.92083333 -0.00007269
18.96250000 -0.00007117
19.00416667 -0.00006968
19.04583333 -0.00006822
19.08750000 -0.00006679
19.12916667 -0.00006539
19.17083333 -0.00006402
19.21250000 -0.00006268
19.25416667 -0.00006136
19.29583333 -0.00006007
19.33750000 -0.00005881
19.37916667 -0.00005757
19.42083333 -0.00005636
19.46250000 -0.00005517
19.50416667 -0.00005401
19.54583333 -0.00005287
19.58750000 -0.00005175
19.62916667 -0.00005066
19.67083333 -0.00004959
19.71250000 -0.00004854
19.75416667 -0.00004751
19.79583333 -0.00004650
19.83750000 -0.00004552
19.87916667 -0.00004455
19.92083333 -0.00004361
19.96250000 -0.00004268
20.00416667 -0.00004177
20.04583333 -0.00004088
20.08750000 -0.00004001
20.12916667 -0.00003916
20.17083333 -0.00003832
20.21250000 -0.00003750
20.25416667 -0.00003670
20.29583333 -0.00003592
20.33750000 -0.00003515
20.37916667 -0.00003439
20.42083333 -0.00003365
20.46250000 -0.00003293
20.50416667 -0.00003222
20.54583333 -0.00003153
20.58750000 -0.00003085
20.62916667 -0.00003018
20.67083333 -0.00002953
20.71250000 -0.00002889
20.75416667 -0.00002826
20.79583333 -0.00002765
20.83750000 -0.00002705
20.87916667 -0.00002646
20.92083333 -0.00002588
20.96250000 -0.00002532
21.00416667 -0.00002477
21.04583333 -0.00002422
21.08750000 -0.00002369
21.12916667 -0.00002317
21.17083333 -0.00002266
21.21250000 -0.00002216
21.25416667 -0.00002167
21.29583333 -0.00002119
21.33750000 -0.00002072
21.37916667 -0.00002026
21.42083333 -0.00001981
21.46250000 -0.00001937
21.50416667 -0.00001893
21.54583333 -0.00001851
21.58750000 -0.00001809
21.62916667 -0.00001768
21.67083333 -0.00001728
21.71250000 -0.00001689
21.75416667 -0.00001650
21.79583333 -0.00001613
21.83750000 -0.00001576
21.87916667 -0.00001540
21.92083333 -0.00001504
21.96250000 -0.00001469
22.00416667 -0.00001435
22.04583333 -0.00001401
22.08750000 -0.00001369
22.12916667 -0.00001336
22.17083333 -0.00001305
22.21250000 -0.00001274
22.25416667 -0.00001243
22.29583333 -0.00001213
22.33750000 -0.00001184
22.37916667 -0.00001155
22.42083333 -0.00001127
22.46250000 -0.00001100
22.50416667 -0.00001072
22.54583333 -0.00001046
22.58750000 -0.00001019
22.62916667 -0.00000994
22.67083333 -0.00000968
22.71250000 -0.00000944
22.75416667 -0.00000919
22.79583333 -0.00000895
22.83750000 -0.00000872
22.87916667 -0.00000849
22.92083333 -0.00000826
22.96250000 -0.00000804
23.00416667 -0.00000782
23.04583333 -0.00000760
23.08750000 -0.00000739
23.12916667 -0.00000718
23.17083333 -0.00000697
23.21250000 -0.00000677
23.25416667 -0.00000657
23.29583333 -0.00000638
23.33750000 -0.00000618
23.37916667 -0.00000599
23.42083333 -0.00000581
23.46250000 -0.00000562
23.50416667 -0.00000544
23.54583333 -0.00000526
23.58750000 -0.00000508
23.62916667 -0.00000491
23.67083333 -0.00000474
23.71250000 -0.00000457
23.75416667 -0.00000440
23.79583333 -0.00000423
23.83750000 -0.00000407
23.87916667 -0.00000391
23.92083333 -0.00000375
23.96250000 -0.00000359
24.00416667 -0.00000343
24.04583333 -0.00000328
24.08750000 -0.00000312
24.12916667 -0.00000297
24.17083333 -0.00000282
24.21250000 -0.00000267
24.25416667 -0.00000252
24.29583333 -0.00000238
24.33750000 -0.00000223
24.37916667 -0.00000209
24.42083333 -0.00000194
24.46250000 -0.00000180
24.50416667 -0.00000166
24.54583333 -0.00000152
24.58750000 -0.00000138
24.62916667 -0.00000124
24.67083333 -0.00000110
24.71250000 -0.00000096
24.75416667 -0.00000082
24.79583333 -0.00000068
24.83750000 -0.00000055
24.87916667 -0.00000041
24.92083333 -0.00000027
24.96250000 -0.00000014

0.00416667 0.00022261
0.04583333 0.00216195
0.08750000 0.00364681
0.12916667 0.00475971
0.17083333 0.00556834
0.21250000 0.00612788
0.25416667 0.00648318
0.29583333 0.00667066
0.33750000 0.00671988
0.37916667 0.00665489
0.42083333 0.00649532
0.46250000 0.00625729
0.50416667 0.00595405
0.54583333 0.00559660
0.58750000 0.00519412
0.62916667 0.00475433
0.67083333 0.00428377
0.71250000 0.00378802
0.75416667 0.00327188
0.79583333 0.00273950
0.83750000 0.00219452
0.87916667 0.00164013
0.92083333 0.00107915
0.96250000 0.00051408
1.00416667 -0.00005284
1.04583333 -0.00061959
1.08750000 -0.00118437
1.12916667 -0.00174556
1.17083333 -0.00230168
1.21250000 -0.00285140
1.25416667 -0.00339350
1.29583333 -0.00392690
1.33750000 -0.00445061
1.37916667 -0.00496372
1.42083333 -0.00546544
1.46250000 -0.00595504
1.50416667 -0.00643186
1.54583333 -0.00689532
1.58750000 -0.00734490
1.62916667 -0.00778013
1.67083333 -0.00820062
1.71250000 -0.00860602
1.75416667 -0.00899601
1.79583333 -0.00937034
1.83750000 -0.00972879
1.87916667 -0.01007119
1.92083333 -0.01039739
1.96250000 -0.01070729
2.00416667 -0.01100083
2.04583333 -0.01127795
2.08750000 -0.01153864
2.12916667 -0.01178292
2.17083333 -0.01201082
2.21250000 -0.01222240
2.25416667 -0.01241775
2.29583333 -0.01259696
2.33750000 -0.01276015
2.37916667 -0.01290747
2.42083333 -0.01303906
2.46250000 -0.01315509
2.50416667 -0.01325574
2.54583333 -0.01334121
2.58750000 -0.01341170
2.62916667 -0.01346743
2.67083333 -0.01350861
2.71250000 -0.01353549
2.75416667 -0.01354831
2.79583333 -0.01354732
2.83750000 -0.01353276
2.87916667 -0.01350491
2.92083333 -0.01346403
2.96250000 -0.01341039
3.00416667 -0.01334426
3.04583333 -0.01326593
3.08750000 -0.01317568
3.12916667 -0.01307378
3.17083333 -0.01296052
3.21250000 -0.01283620
3.25416667 -0.01270110
3.29583333 -0.01255551
3.33750000 -0.01239972
3.37916667 -0.01223402
3.42083333 -0.01205870
3.46250000 -0.01187404
3.50416667 -0.01168034
3.54583333 -0.01147788
3.58750000 -0.01126695
3.62916667 -0.01104783
3.67083333 -0.01082080
3.71250000 -0.01058615
3.75416667 -0.01034414
3.79583333 -0.01009506
3.83750000 -0.00983919
3.87916667 -0.00957678
3.92083333 -0.00930810
3.96250000 -0.00903343
4.00416667 -0.00875302
4.04583333 -0.00846713
4.08750000 -0.00817602
4.12916667 -0.00787993
4.17083333 -0.00757911
4.21250000 -0.00727381
4.25416667 -0.00696426
4.29583333 -0.00665072
4.33750000 -0.00633340
4.37916667 -0.00601253
4.42083333 -0.00568835
4.46250000 -0.00536107
4.50416667 -0.00503091
4.54583333 -0.00469809
4.58750000 -0.00436281
4.62916667 -0.00402528
4.67083333 -0.00368570
4.71250000 -0.00334426
4.75416667 -0.00300117
4.79583333 -0.00265662
4.83750000 -0.00231077
4.87916667 -0.00196383
4.92083333 -0.00161596
4.96250000 -0.00126734
5.00416667 -0.00091814
5.04583333 -0.00056852
5.08750000 -0.00021865
5.12916667 0.00013132
5.17083333 0.00048123
5.21250000 0.00083093
5.25416667 0.00118028
5.29583333 0.00152914
5.33750000 0.00187736
5.37916667 0.00222482
5.42083333 0.00257137
5.46250000 0.00291690
5.50416667 0.00326128
5.54583333 0.00360439
5.58750000 0.00394611
5.62916667 0.00428632
5.67083333 0.00462493
5.71250000 0.00496182
5.75416667 0.00529690
5.79583333 0.00563005
5.83750000 0.00596119
5.87916667 0.00629022
5.92083333 0.00661705
5.96250000 0.00694160
6.00416667 0.00726377
6.04583333 0.00758350
6.08750000 0.00790070
6.12916667 0.00821530
6.17083333 0.00852723
6.21250000 0.00883641
6.25416667 0.00914279
6.29583333 0.00944630
6.33750000 0.00974687
6.37916667 0.01004445
6.42083333 0.01033899
6.46250000 0.01063043
6.50416667 0.01091872
6.54583333 0.01120381
6.58750000 0.01148566
6.62916667 0.01176423
6.67083333 0.01203947
6.71250000 0.01231135
6.75416667 0.01257982
6.79583333 0.01284487
6.83750000 0.01310644
6.87916667 0.01336452
6.92083333 0.01361908
6.96250000 0.01387009
7.00416667 0.01411752
7.04583333 0.01436136
7.08750000 0.01460159
7.12916667 0.01483818
7.17083333 0.01507112
7.21250000 0.01530040
7.25416667 0.01552600
7.29583333 0.01574791
7.33750000 0.01596613
7.37916667 0.01618064
7.42083333 0.01639143
7.46250000 0.01659851
7.50416667 0.01680187
7.54583333 0.01700150
7.58750000 0.01719741
7.62916667 0.01738959
7.67083333 0.01757805
7.71250000 0.01776280
7.75416667 0.01794383
7.79583333 0.01812115
7.83750000 0.01829476
7.87916667 0.01846469
7.92083333 0.01863092
7.96250000 0.01879349
8.00416667 0.01895238
8.04583333 0.01910763
8.08750000 0.01925923
8.12916667 0.01940721
8.17083333 0.01955158
8.21250000 0.01969236
8.25416667 0.01982955
8.29583333 0.01996319
8.33750000 0.02009328
8.37916667 0.02021985
8.42083333 0.02034291
8.46250000 0.02046249
8.50416667 0.02057861
8.54583333 0.02069129
8.58750000 0.02080054
8.62916667 0.02090641
8.67083333 0.02100890
8.71250000 0.02110804
8.75416667 0.02120386
8.79583333 0.02129637
8.83750000 0.02138562
8.87916667 0.02147162
8.92083333 0.02155440
8.96250000 0.02163399
9.00416667 0.02171041
9.04583333 0.02178369
9.08750000 0.02185387
9.12916667 0.02192096
9.17083333 0.02198500
9.21250000 0.02204601
9.25416667 0.02210403
9.29583333 0.02215909
9.33750000 0.02221121
9.37916667 0.02226043
9.42083333 0.02230677
9.46250000 0.02235027
9.50416667 0.02239095
9.54583333 0.02242885
9.58750000 0.02246401
9.62916667 0.02249644
9.67083333 0.02252618
9.71250000 0.02255327
9.75416667 0.02257773
9.79583333 0.02259959
9.83750000 0.02261890
9.87916667 0.02263567
9.92083333 0.02264995
9.96250000 0.02266175
10.00416667 0.02267113
10.04583333 0.02267810
10.08750000 0.02268269
10.12916667 0.02268495
10.17083333 0.02268490
10.21250000 0.02268258
10.25416667 0.02267801
10.29583333 0.02267123
10.33750000 0.02266227
10.37916667 0.02265117
10.42083333 0.02263794
10.46250000 0.02262263
10.50416667 0.02260527
10.54583333 0.02258588
10.58750000 0.02256450
10.62916667 0.02254116
10.67083333 0.02251589
10.71250000 0.02248873
10.75416667 0.02245969
10.79583333 0.02242882
10.83750000 0.02239614
10.87916667 0.02236169
10.92083333 0.02232549
10.96250000 0.02228757
11.00416667 0.02224797
11.04583333 0.02220671
11.08750000 0.02216382
11.12916667 0.02211934
11.17083333 0.02207329
11.21250000 0.02202570
11.25416667 0.02197659
11.29583333 0.02192601
11.33750000 0.02187397
11.37916667 0.02182050
11.42083333 0.02176564
11.46250000 0.02170941
11.50416667 0.02165183
11.54583333 0.02159294
11.58750000 0.02153276
11.62916667 0.02147132
11.67083333 0.02140865
11.71250000 0.02134477
11.75416667 0.02127970
11.79583333 0.02121348
11.83750000 0.02114613
11.87916667 0.02107767
11.92083333 0.02100814
11.96250000 0.02093755
12.00416667 0.02086593
12.04583333 0.02079331
12.08750000 0.02071970
12.12916667 0.02064514
12.17083333 0.02056964
12.21250000 0.02049324
12.25416667 0.02041595
12.29583333 0.02033779
12.33750000 0.02025880
12.37916667 0.02017899
12.42083333 0.02009838
12.46250000 0.02001700
12.50416667 0.01993487
12.54583333 0.01985201
12.58750000 0.01976844
12.62916667 0.01968418
12.67083333 0.01959926
12.71250000 0.01951369
12.75416667 0.01942749
12.79583333 0.01934069
12.83750000 0.01925331
12.87916667 0.01916536
12.92083333 0.01907686
12.96250000 0.01898783
13.00416667 0.01889830
13.04583333 0.01880827
13.08750000 0.01871778
13.12916667 0.01862683
13.17083333 0.01853544
13.21250000 0.01844364
13.25416667 0.01835143
13.29583333 0.01825885
13.33750000 0.01816589
13.37916667 0.01807259
13.42083333 0.01797895
13.46250000 0.01788500
13.50416667 0.01779074
13.54583333 0.01769620
13.58750000 0.01760139
13.62916667 0.01750633
13.67083333 0.01741102
13.71250000 0.01731549
13.75416667 0.01721975
13.79583333 0.01712381
13.83750000 0.01702770
13.87916667 0.01693141
13.92083333 0.01683497
13.96250000 0.01673839
14.00416667 0.01664169
14.04583333 0.01654487
14.08750000 0.01644794
14.12916667 0.01635093
14.17083333 0.01625384
14.21250000 0.01615669
14.25416667 0.01605949
14.29583333 0.01596224
14.33750000 0.01586497
14.37916667 0.01576768
14.42083333 0.01567038
14.46250000 0.01557309
14.50416667 0.01547581
14.54583333 0.01537856
14.58750000 0.01528135
14.62916667 0.01518418
14.67083333 0.01508707
14.71250000 0.01499003
14.75416667 0.01489306
14.79583333 0.01479618
14.83750000 0.01469939
14.87916667 0.01460270
14.92083333 0.01450613
14.96250000 0.01440968
15.00416667 0.01431336
15.04583333 0.01421718
15.08750000 0.01412114
15.12916667 0.01402526
15.17083333 0.01392954
15.21250000 0.01383399
15.25416667 0.01373862
15.29583333 0.01364344
15.33750000 0.01354844
15.37916667 0.01345365
15.42083333 0.01335906
15.46250000 0.01326468
15.50416667 0.01317052
15.54583333 0.01307659
15.58750000 0.01298289
15.62916667 0.01288943
15.67083333 0.01279621
15.71250000 0.01270324
15.75416667 0.01261052
15.79583333 0.01251807
15.83750000 0.01242588
15.87916667 0.01233397
15.92083333 0.01224233
15.96250000 0.01215097
16.00416667 0.01205990
16.04583333 0.01196912
16.08750000 0.01187863
16.12916667 0.01178845
16.17083333 0.01169857
16.21250000 0.01160900
16.25416667 0.01151973
16.29583333 0.01143079
16.33750000 0.01134217
16.37916667 0.01125387
16.42083333 0.01116589
16.46250000 0.01107825
16.50416667 0.01099094
16.54583333 0.01090397
16.58750000 0.01081734
16.62916667 0.01073106
16.67083333 0.01064512
16.71250000 0.01055952
16.75416667 0.01047429
16.79583333 0.01038940
16.83750000 0.01030487
16.87916667 0.01022070
16.92083333 0.01013690
16.96250000 0.01005345
17.00416667 0.00997037
17.04583333 0.00988766
17.08750000 0.00980532
17.12916667 0.00972335
17.17083333 0.00964176
17.21250000 0.00956054
17.25416667 0.00947969
17.29583333 0.00939922
17.33750000 0.00931913
17.37916667 0.00923943
17.42083333 0.00916010
17.46250000 0.00908116
17.50416667 0.00900259
17.54583333 0.00892442
17.58750000 0.00884663
17.62916667 0.00876922
17.67083333 0.00869221
17.71250000 0.00861558
17.75416667 0.00853933
17.79583333 0.00846348
17.83750000 0.00838802
17.87916667 0.00831294
17.92083333 0.00823825
17.96250000 0.00816396
18.00416667 0.00809005
18.04583333 0.00801654
18.08750000 0.00794341
18.12916667 0.00787068
18.17083333 0.00779833
18.21250000 0.00772638
18.25416667 0.00765481
18.29583333 0.00758364
18.33750000 0.00751285
18.37916667 0.00744245
18.42083333 0.00737244
18.46250000 0.00730282
18.50416667 0.00723358
18.54583333 0.00716473
18.58750000 0.00709627
18.62916667 0.00702819
18.67083333 0.00696050
18.71250000 0.00689319
18.75416667 0.00682626
18.79583333 0.00675971
18.83750000 0.00669355
18.87916667 0.00662776
18.92083333 0.00656236
18.96250000 0.00649733
19.00416667 0.00643268
19.04583333 0.00636840
19.08750000 0.00630450
19.12916667 0.00624097
19.17083333 0.00617781
19.21250000 0.00611503
19.25416667 0.00605261
19.29583333 0.00599056
19.33750000 0.00592888
19.37916667 0.00586756
19.42083333 0.00580660
19.46250000 0.00574601
19.50416667 0.00568577
19.54583333 0.00562590
19.58750000 0.00556638
19.62916667 0.00550722
19.67083333 0.00544841
19.71250000 0.00538995
19.75416667 0.00533184
19.79583333 0.00527408
19.83750000 0.00521667
19.87916667 0.00515960
19.92083333 0.00510287
19.96250000 0.00504649
20.00416667 0.00499044
20.04583333 0.00493473
20.08750000 0.00487936
20.12916667 0.00482431
20.17083333 0.00476960
20.21250000 0.00471522
20.25416667 0.00466117
20.29583333 0.00460743
20.33750000 0.00455403
20.37916667 0.00450094
20.42083333 0.00444817
20.46250000 0.00439571
20.50416667 0.00434357
20.54583333 0.00429175
20.58750000 0.00424023
20.62916667 0.00418901
20.67083333 0.00413811
20.71250000 0.00408750
20.75416667 0.00403720
20.79583333 0.00398719
20.83750000 0.00393748
20.87916667 0.00388806
20.92083333 0.00383894
20.96250000 0.00379010
21.00416667 0.00374154
21.04583333 0.00369327
21.08750000 0.00364529
21.12916667 0.00359758
21.17083333 0.00355014
21.21250000 0.00350298
21.25416667 0.00345609
21.29583333 0.00340947
21.33750000 0.00336312
21.37916667 0.00331703
21.42083333 0.00327120
21.46250000 0.00322562
21.50416667 0.00318031
21.54583333 0.00313525
21.58750000 0.00309043
21.62916667 0.00304587
21.67083333 0.00300155
21.71250000 0.00295748
21.75416667 0.00291364
21.79583333 0.00287004
21.83750000 0.00282668
21.87916667 0.00278354
21.92083333 0.00274064
21.96250000 0.00269797
22.00416667 0.00265551
22.04583333 0.00261328
22.08750000 0.00257127
22.12916667 0.00252947
22.17083333 0.00248789
22.21250000 0.00244651
22.25416667 0.00240535
22.29583333 0.00236439
22.33750000 0.00232363
22.37916667 0.00228307
22.42083333 0.00224270
22.46250000 0.00220253
22.50416667 0.00216255
22.54583333 0.00212275
22.58750000 0.00208315
22.62916667 0.00204372
22.67083333 0.00200447
22.71250000 0.00196540
22.75416667 0.00192650
22.79583333 0.00188777
22.83750000 0.00184921
22.87916667 0.00181082
22.92083333 0.00177259
22.96250000 0.00173451
23.00416667 0.00169659
23.04583333 0.00165883
23.08750000 0.00162121
23.12916667 0.00158374
23.17083333 0.00154642
23.21250000 0.00150923
23.25416667 0.00147219
23.29583333 0.00143528
23.33750000 0.00139850
23.37916667 0.00136185
23.42083333 0.00132532
23.46250000 0.00128892
23.50416667 0.00125264
23.54583333 0.00121648
23.58750000 0.00118043
23.62916667 0.00114449
23.67083333 0.00110866
23.71250000 0.00107293
23.75416667 0.00103731
23.79583333 0.00100178
23.83750000 0.00096635
23.87916667 0.00093101
23.92083333 0.00089576
23.96250000 0.00086060
24.00416667 0.00082552
24.04583333 0.00079052
24.08750000 0.00075559
24.12916667 0.00072074
24.17083333 0.00068596
24.21250000 0.00065124
24.25416667 0.00061659
24.29583333 0.00058200
24.33750000 0.00054747
24.37916667 0.00051299
24.42083333 0.00047856
24.46250000 0.00044418
24.50416667 0.00040984
24.54583333 0.00037554
24.58750000 0.00034128
24.62916667 0.00030705
24.67083333 0.00027286
24.71250000 0.00023869
24.75416667 0.00020455
24.79583333 0.00017043
24.83750000 0.00013632
24.87916667 0.00010223
24.92083333 0.00006815
24.96250000 0.00003407

0.00416667 0.00019859
0.04583333 0.00192863
0.08750000 0.00325297
0.12916667 0.00424504
0.17083333 0.00496513
0.21250000 0.00546239
0.25416667 0.00577681
0.29583333 0.00594085
0.33750000 0.00598089
0.37916667 0.00591841
0.42083333 0.00577096
0.46250000 0.00555295
0.50416667 0.00527627
0.54583333 0.00495078
0.58750000 0.00458474
0.62916667 0.00418510
0.67083333 0.00375777
0.71250000 0.00330778
0.75416667 0.00283951
0.79583333 0.00235674
0.83750000 0.00186278
0.87916667 0.00136056
0.92083333 0.00085267
0.96250000 0.00034143
1.00416667 -0.00017110
1.04583333 -0.00068303
1.08750000 -0.00119270
1.12916667 -0.00169857
1.17083333 -0.00219925
1.21250000 -0.00269350
1.25416667 -0.00318017
1.29583333 -0.00365821
1.33750000 -0.00412670
1.37916667 -0.00458476
1.42083333 -0.00503164
1.46250000 -0.00546661
1.50416667 -0.00588907
1.54583333 -0.00629843
1.58750000 -0.00669420
1.62916667 -0.00707593
1.67083333 -0.00744322
1.71250000 -0.00779572
1.75416667 -0.00813313
1.79583333 -0.00845520
1.83750000 -0.00876172
1.87916667 -0.00905250
1.92083333 -0.00932741
1.96250000 -0.00958634
2.00416667 -0.00982922
2.04583333 -0.01005601
2.08750000 -0.01026669
2.12916667 -0.01046127
2.17083333 -0.01063978
2.21250000 -0.01080230
2.25416667 -0.01094889
2.29583333 -0.01107966
2.33750000 -0.01119474
2.37916667 -0.01129425
2.42083333 -0.01137837
2.46250000 -0.01144725
2.50416667 -0.01150108
2.54583333 -0.01154007
2.58750000 -0.01156442
2.62916667 -0.01157436
2.67083333 -0.01157013
2.71250000 -0.01155195
2.75416667 -0.01152010
2.79583333 -0.01147482
2.83750000 -0.01141639
2.87916667 -0.01134509
2.92083333 -0.01126118
2.96250000 -0.01116497
3.00416667 -0.01105673
3.04583333 -0.01093678
3.08750000 -0.01080540
3.12916667 -0.01066291
3.17083333 -0.01050960
3.21250000 -0.01034579
3.25416667 -0.01017179
3.29583333 -0.00998791
3.33750000 -0.00979446
3.37916667 -0.00959176
3.42083333 -0.00938011
3.46250000 -0.00915985
3.50416667 -0.00893127
3.54583333 -0.00869470
3.58750000 -0.00845045
3.62916667 -0.00819882
3.67083333 -0.00794014
3.71250000 -0.00767470
3.75416667 -0.00740282
3.79583333 -0.00712480
3.83750000 -0.00684094
3.87916667 -0.00655155
3.92083333 -0.00625692
3.96250000 -0.00595734
4.00416667 -0.00565312
4.04583333 -0.00534453
4.08750000 -0.00503187
4.12916667 -0.00471542
4.17083333 -0.00439545
4.21250000 -0.00407224
4.25416667 -0.00374606
4.29583333 -0.00341719
4.33750000 -0.00308587
4.37916667 -0.00275239
4.42083333 -0.00241698
4.46250000 -0.00207990
4.50416667 -0.00174141
4.54583333 -0.00140174
4.58750000 -0.00106113
4.62916667 -0.00071982
4.67083333 -0.00037804
4.71250000 -0.00003602
4.75416667 0.00030603
4.79583333 0.00064789
4.83750000 0.00098934
4.87916667 0.00133017
4.92083333 0.00167019
4.96250000 0.00200918
5.00416667 0.00234697
5.04583333 0.00268335
5.08750000 0.00301814
5.12916667 0.00335115
5.17083333 0.00368223
5.21250000 0.00401118
5.25416667 0.00433784
5.29583333 0.00466205
5.33750000 0.00498365
5.37916667 0.00530249
5.42083333 0.00561841
5.46250000 0.00593127
5.50416667 0.00624093
5.54583333 0.00654724
5.58750000 0.00685009
5.62916667 0.00714933
5.67083333 0.00744485
5.71250000 0.00773652
5.75416667 0.00802423
5.79583333 0.00830786
5.83750000 0.00858731
5.87916667 0.00886248
5.92083333 0.00913326
5.96250000 0.00939956
6.00416667 0.00966128
6.04583333 0.00991834
6.08750000 0.01017065
6.12916667 0.01041813
6.17083333 0.01066071
6.21250000 0.01089831
6.25416667 0.01113086
6.29583333 0.01135830
6.33750000 0.01158055
6.37916667 0.01179758
6.42083333 0.01200930
6.46250000 0.01221569
6.50416667 0.01241667
6.54583333 0.01261222
6.58750000 0.01280228
6.62916667 0.01298682
6.67083333 0.01316580
6.71250000 0.01333919
6.75416667 0.01350695
6.79583333 0.01366906
6.83750000 0.01382549
6.87916667 0.01397622
6.92083333 0.01412124
6.96250000 0.01426052
7.00416667 0.01439406
7.04583333 0.01452183
7.08750000 0.01464384
7.12916667 0.01476008
7.17083333 0.01487053
7.21250000 0.01497521
7.25416667 0.01507411
7.29583333 0.01516724
7.33750000 0.01525460
7.37916667 0.01533621
7.42083333 0.01541206
7.46250000 0.01548217
7.50416667 0.01554656
7.54583333 0.01560525
7.58750000 0.01565824
7.62916667 0.01570557
7.67083333 0.01574725
7.71250000 0.01578331
7.75416667 0.01581378
7.79583333 0.01583867
7.83750000 0.01585803
7.87916667 0.01587187
7.92083333 0.01588024
7.96250000 0.01588317
8.00416667 0.01588069
8.04583333 0.01587284
8.08750000 0.01585966
8.12916667 0.01584118
8.17083333 0.01581746
8.21250000 0.01578852
8.25416667 0.01575442
8.29583333 0.01571520
8.33750000 0.01567091
8.37916667 0.01562158
8.42083333 0.01556728
8.46250000 0.01550805
8.50416667 0.01544394
8.54583333 0.01537500
8.58750000 0.01530128
8.62916667 0.01522284
8.67083333 0.01513972
8.71250000 0.01505200
8.75416667 0.01495971
8.79583333 0.01486293
8.83750000 0.01476169
8.87916667 0.01465607
8.92083333 0.01454612
8.96250000 0.01443189
9.00416667 0.01431346
9.04583333 0.01419088
9.08750000 0.01406420
9.12916667 0.01393350
9.17083333 0.01379883
9.21250000 0.01366025
9.25416667 0.01351784
9.29583333 0.01337164
9.33750000 0.01322173
9.37916667 0.01306816
9.42083333 0.01291101
9.46250000 0.01275033
9.50416667 0.01258620
9.54583333 0.01241867
9.58750000 0.01224781
9.62916667 0.01207368
9.67083333 0.01189636
9.71250000 0.01171590
9.75416667 0.01153238
9.79583333 0.01134585
9.83750000 0.01115638
9.87916667 0.01096405
9.92083333 0.01076891
9.96250000 0.01057103
10.00416667 0.01037048
10.04583333 0.01016731
10.08750000 0.00996161
10.12916667 0.00975343
10.17083333 0.00954284
10.21250000 0.00932991
10.25416667 0.00911469
10.29583333 0.00889726
10.33750000 0.00867768
10.37916667 0.00845602
10.42083333 0.00823234
10.46250000 0.00800670
10.50416667 0.00777916
10.54583333 0.00754980
10.58750000 0.00731868
10.62916667 0.00708586
10.67083333 0.00685140
10.71250000 0.00661536
10.75416667 0.00637781
10.79583333 0.00613882
10.83750000 0.00589844
10.87916667 0.00565673
10.92083333 0.00541375
10.96250000 0.00516958
11.00416667 0.00492426
11.04583333 0.00467785
11.08750000 0.00443043
11.12916667 0.00418204
11.17083333 0.00393274
11.21250000 0.00368260
11.25416667 0.00343167
11.29583333 0.00318001
11.33750000 0.00292768
11.37916667 0.00267473
11.42083333 0.00242121
11.46250000 0.00216720
11.50416667 0.00191273
11.54583333 0.00165788
11.58750000 0.00140268
11.62916667 0.00114719
11.67083333 0.00089147
11.71250000 0.00063557
11.75416667 0.00037955
11.79583333 0.00012345
11.83750000 -0.00013268
11.87916667 -0.00038878
11.92083333 -0.00064481
11.96250000 -0.00090070
12.00416667 -0.00115643
12.04583333 -0.00141192
12.08750000 -0.00166715
12.12916667 -0.00192206
12.17083333 -0.00217660
12.21250000 -0.00243073
12.25416667 -0.00268440
12.29583333 -0.00293756
12.33750000 -0.00319018
12.37916667 -0.00344220
12.42083333 -0.00369359
12.46250000 -0.00394430
12.50416667 -0.00419429
12.54583333 -0.00444351
12.58750000 -0.00469193
12.62916667 -0.00493950
12.67083333 -0.00518619
12.71250000 -0.00543195
12.75416667 -0.00567675
12.79583333 -0.00592055
12.83750000 -0.00616330
12.87916667 -0.00640498
12.92083333 -0.00664554
12.96250000 -0.00688496
13.00416667 -0.00712318
13.04583333 -0.00736019
13.08750000 -0.00759594
13.12916667 -0.00783041
13.17083333 -0.00806355
13.21250000 -0.00829533
13.25416667 -0.00852573
13.29583333 -0.00875471
13.33750000 -0.00898225
13.37916667 -0.00920830
13.42083333 -0.00943284
13.46250000 -0.00965585
13.50416667 -0.00987729
13.54583333 -0.01009713
13.58750000 -0.01031535
13.62916667 -0.01053192
13.67083333 -0.01074682
13.71250000 -0.01096001
13.75416667 -0.01117148
13.79583333 -0.01138119
13.83750000 -0.01158913
13.87916667 -0.01179527
13.92083333 -0.01199958
13.96250000 -0.01220205
14.00416667 -0.01240266
14.04583333 -0.01260137
14.08750000 -0.01279817
14.12916667 -0.01299305
14.17083333 -0.01318597
14.21250000 -0.01337692
14.25416667 -0.01356589
14.29583333 -0.01375284
14.33750000 -0.01393777
14.37916667 -0.01412066
14.42083333 -0.01430149
14.46250000 -0.01448025
14.50416667 -0.01465691
14.54583333 -0.01483146
14.58750000 -0.01500390
14.62916667 -0.01517419
14.67083333 -0.01534234
14.71250000 -0.01550832
14.75416667 -0.01567213
14.79583333 -0.01583374
14.83750000 -0.01599316
14.87916667 -0.01615036
14.92083333 -0.01630533
14.96250000 -0.01645807
15.00416667 -0.01660857
15.04583333 -0.01675681
15.08750000 -0.01690279
15.12916667 -0.01704649
15.17083333 -0.01718791
15.21250000 -0.01732704
15.25416667 -0.01746387
15.29583333 -0.01759840
15.33750000 -0.01773061
15.37916667 -0.01786051
15.42083333 -0.01798808
15.46250000 -0.01811333
15.50416667 -0.01823623
15.54583333 -0.01835680
15.58750000 -0.01847502
15.62916667 -0.01859089
15.67083333 -0.01870442
15.71250000 -0.01881558
15.75416667 -0.01892439
15.79583333 -0.01903083
15.83750000 -0.01913492
15.87916667 -0.01923663
15.92083333 -0.01933598
15.96250000 -0.01943297
16.00416667 -0.01952758
16.04583333 -0.01961982
16.08750000 -0.01970970
16.12916667 -0.01979720
16.17083333 -0.01988234
16.21250000 -0.01996511
16.25416667 -0.02004551
16.29583333 -0.02012355
16.33750000 -0.02019923
16.37916667 -0.02027254
16.42083333 -0.02034349
16.46250000 -0.02041209
16.50416667 -0.02047833
16.54583333 -0.02054223
16.58750000 -0.02060378
16.62916667 -0.02066298
16.67083333 -0.02071985
16.71250000 -0.02077438
16.75416667 -0.02082659
16.79583333 -0.02087646
16.83750000 -0.02092402
16.87916667 -0.02096927
16.92083333 -0.02101221
16.96250000 -0.02105284
17.00416667 -0.02109118
17.04583333 -0.02112723
17.08750000 -0.02116099
17.12916667 -0.02119248
17.17083333 -0.02122170
17.21250000 -0.02124866
17.25416667 -0.02127336
17.29583333 -0.02129582
17.33750000 -0.02131604
17.37916667 -0.02133402
17.42083333 -0.02134979
17.46250000 -0.02136334
17.50416667 -0.02137469
17.54583333 -0.02138384
17.58750000 -0.02139080
17.62916667 -0.02139559
17.67083333 -0.02139821
17.71250000 -0.02139867
17.75416667 -0.02139698
17.79583333 -0.02139315
17.83750000 -0.02138719
17.87916667 -0.02137912
17.92083333 -0.02136894
17.96250000 -0.02135666
18.00416667 -0.02134230
18.04583333 -0.02132586
18.08750000 -0.02130736
18.12916667 -0.02128680
18.17083333 -0.02126421
18.21250000 -0.02123958
18.25416667 -0.02121294
18.29583333 -0.02118428
18.33750000 -0.02115364
18.37916667 -0.02112101
18.42083333 -0.02108641
18.46250000 -0.02104985
18.50416667 -0.02101135
18.54583333 -0.02097092
18.58750000 -0.02092856
18.62916667 -0.02088429
18.67083333 -0.02083813
18.71250000 -0.02079009
18.75416667 -0.02074018
18.79583333 -0.02068841
18.83750000 -0.02063480
18.87916667 -0.02057935
18.92083333 -0.02052209
18.96250000 -0.02046303
19.00416667 -0.02040218
19.04583333 -0.02033955
19.08750000 -0.02027515
19.12916667 -0.02020901
19.17083333 -0.02014113
19.21250000 -0.02007153
19.25416667 -0.02000022
19.29583333 -0.01992722
19.33750000 -0.01985254
19.37916667 -0.01977619
19.42083333 -0.01969819
19.46250000 -0.01961855
19.50416667 -0.01953729
19.54583333 -0.01945441
19.58750000 -0.01936995
19.62916667 -0.01928390
19.67083333 -0.01919628
19.71250000 -0.01910711
19.75416667 -0.01901640
19.79583333 -0.01892417
19.83750000 -0.01883043
19.87916667 -0.01873519
19.92083333 -0.01863847
19.96250000 -0.01854029
20.00416667 -0.01844065
20.04583333 -0.01833958
20.08750000 -0.01823709
20.12916667 -0.01813318
20.17083333 -0.01802788
20.21250000 -0.01792120
20.25416667 -0.01781316
20.29583333 -0.01770377
20.33750000 -0.01759304
20.37916667 -0.01748099
20.42083333 -0.01736763
20.46250000 -0.01725299
20.50416667 -0.01713706
20.54583333 -0.01701987
20.58750000 -0.01690143
20.62916667 -0.01678176
20.67083333 -0.01666087
20.71250000 -0.01653877
20.75416667 -0.01641548
20.79583333 -0.01629101
20.83750000 -0.01616539
20.87916667 -0.01603861
20.92083333 -0.01591070
20.96250000 -0.01578167
21.00416667 -0.01565154
21.04583333 -0.01552032
21.08750000 -0.01538802
21.12916667 -0.01525465
21.17083333 -0.01512024
21.21250000 -0.01498480
21.25416667 -0.01484833
21.29583333 -0.01471086
21.33750000 -0.01457240
21.37916667 -0.01443296
21.42083333 -0.01429256
21.46250000 -0.01415121
21.50416667 -0.01400892
21.54583333 -0.01386571
21.58750000 -0.01372158
21.62916667 -0.01357657
21.67083333 -0.01343067
21.71250000 -0.01328391
21.75416667 -0.01313629
21.79583333 -0.01298783
21.83750000 -0.01283855
21.87916667 -0.01268845
21.92083333 -0.01253755
21.96250000 -0.01238586
22.00416667 -0.01223340
22.04583333 -0.01208018
22.08750000 -0.01192621
22.12916667 -0.01177151
22.17083333 -0.01161608
22.21250000 -0.01145995
22.25416667 -0.01130312
22.29583333 -0.01114561
22.33750000 -0.01098743
22.37916667 -0.01082859
22.42083333 -0.01066911
22.46250000 -0.01050900
22.50416667 -0.01034826
22.54583333 -0.01018692
22.58750000 -0.01002499
22.62916667 -0.00986247
22.67083333 -0.00969938
22.71250000 -0.00953574
22.75416667 -0.00937154
22.79583333 -0.00920682
22.83750000 -0.00904157
22.87916667 -0.00887581
22.92083333 -0.00870955
22.96250000 -0.00854281
23.00416667 -0.00837559
23.04583333 -0.00820791
23.08750000 -0.00803978
23.12916667 -0.00787121
23.17083333 -0.00770221
23.21250000 -0.00753279
23.25416667 -0.00736296
23.29583333 -0.00719274
23.33750000 -0.00702213
23.37916667 -0.00685115
23.42083333 -0.00667981
23.46250000 -0.00650812
23.50416667 -0.00633609
23.54583333 -0.00616372
23.58750000 -0.00599104
23.62916667 -0.00581805
23.67083333 -0.00564476
23.71250000 -0.00547118
23.75416667 -0.00529732
23.79583333 -0.00512320
23.83750000 -0.00494882
23.87916667 -0.00477419
23.92083333 -0.00459932
23.96250000 -0.00442422
24.00416667 -0.00424891
24.04583333 -0.00407339
24.08750000 -0.00389767
24.12916667 -0.00372176
24.17083333 -0.00354567
24.21250000 -0.00336941
24.25416667 -0.00319299
24.29583333 -0.00301642
24.33750000 -0.00283970
24.37916667 -0.00266285
24.42083333 -0.00248588
24.46250000 -0.00230879
24.50416667 -0.00213160
24.54583333 -0.00195430
24.58750000 -0.00177692
24.62916667 -0.00159946
24.67083333 -0.00142192
24.71250000 -0.00124432
24.75416667 -0.00106666
24.79583333 -0.00088896
24.83750000 -0.00071121
24.87916667 -0.00053344
24.92083333 -0.00035564
24.96250000 -0.00017782

