   4.1666666666666666E-003   3.7095020121093869E-007
   4.5833333333333330E-002   4.2235679572673265E-005
   8.7499999999999994E-002   1.4527278395410302E-004
  0.12916666666666665        2.9961857595529569E-004
  0.17083333333333334        4.9742138524632123E-004
  0.21249999999999999        7.3243185257659393E-004
  0.25416666666666665        9.9965759552284690E-004
  0.29583333333333334        1.2950807362337362E-003
  0.33750000000000002        1.6154317994913536E-003
  0.37916666666666665        1.9580116939109200E-003
  0.42083333333333334        2.3205534096363335E-003
  0.46249999999999997        2.7011158005645999E-003
  0.50416666666666665        3.0980028656478796E-003
  0.54583333333333328        3.5097030386711087E-003
  0.58750000000000002        3.9348440123744546E-003
  0.62916666666666665        4.3721595096246147E-003
  0.67083333333333328        4.8204651599215624E-003
  0.71250000000000002        5.2786412515408712E-003
  0.75416666666666665        5.7456206238605733E-003
  0.79583333333333328        6.2203803589398754E-003
  0.83750000000000002        6.7019362435870606E-003
  0.87916666666666665        7.1893392184483240E-003
  0.92083333333333328        7.6816732222530952E-003
  0.96250000000000002        8.1780539882005815E-003
   1.0041666666666667        8.6776284644813698E-003
   1.0458333333333334        9.1795746192849231E-003
   1.0874999999999999        9.6831014580995960E-003
   1.1291666666666667        1.0187449132238074E-002
   1.1708333333333334        1.0691889055947267E-002
   1.2124999999999999        1.1195723978046962E-002
   1.2541666666666667        1.1698287975046885E-002
   1.2958333333333334        1.2198946347883230E-002
   1.3374999999999999        1.2697095415184739E-002
   1.3791666666666667        1.3192162203408292E-002
   1.4208333333333334        1.3683604039110916E-002
   1.4624999999999999        1.4170908051706774E-002
   1.5041666666666667        1.4653590596791765E-002
   1.5458333333333334        1.5131196610887795E-002
   1.5874999999999999        1.5603298908556315E-002
   1.6291666666666667        1.6069497432472900E-002
   1.6708333333333334        1.6529418466406716E-002
   1.7124999999999999        1.6982713820227528E-002
   1.7541666666666667        1.7429059995156451E-002
   1.7958333333333334        1.7868157336544760E-002
   1.8374999999999999        1.8299729180551748E-002
   1.8791666666666667        1.8723521000220088E-002
   1.9208333333333334        1.9139299555639394E-002
   1.9624999999999999        1.9546852052149361E-002
   2.0041666666666664        1.9945985309867794E-002
   2.0458333333333334        2.0336524947238654E-002
   2.0874999999999999        2.0718314580773986E-002
   2.1291666666666664        2.1091215042710370E-002
   2.1708333333333334        2.1455103617908595E-002
   2.2124999999999999        2.1809873300988648E-002
   2.2541666666666664        2.2155432074406029E-002
   2.2958333333333334        2.2491702207933416E-002
   2.3374999999999999        2.2818619579808883E-002
   2.3791666666666664        2.3136133019642770E-002
   2.4208333333333334        2.3444203673035950E-002
   2.4624999999999999        2.3742804387747962E-002
   2.5041666666666664        2.4031919121160560E-002
   2.5458333333333334        2.4311542368709443E-002
   2.5874999999999999        2.4581678612897499E-002
   2.6291666666666664        2.4842341792457642E-002
   2.6708333333333334        2.5093554791199832E-002
   2.7124999999999999        2.5335348946051585E-002
   2.7541666666666664        2.5567763573783223E-002
   2.7958333333333334        2.5790845515899424E-002
   2.8374999999999999        2.6004648701172091E-002
   2.8791666666666664        2.6209233725287270E-002
   2.9208333333333334        2.6404667447081306E-002
   2.9624999999999999        2.6591022600846011E-002
   3.0041666666666664        2.6768377424188673E-002
   3.0458333333333334        2.6936815300941858E-002
   3.0874999999999999        2.7096424418626128E-002
   3.1291666666666664        2.7247297439981600E-002
   3.1708333333333334        2.7389531188092654E-002
   3.2124999999999999        2.7523226344645560E-002
   3.2541666666666664        2.7648487160867864E-002
   3.2958333333333334        2.7765421180711944E-002
   3.3374999999999999        2.7874138975857339E-002
   3.3791666666666664        2.7974753892120074E-002
   3.4208333333333334        2.8067381806867544E-002
   3.4624999999999999        2.8152140897050856E-002
   3.5041666666666664        2.8229151417478022E-002
   3.5458333333333334        2.8298535488964199E-002
   3.5874999999999999        2.8360416896005068E-002
   3.6291666666666664        2.8414920893631779E-002
   3.6708333333333334        2.8462174023116505E-002
   3.7124999999999999        2.8502303936208118E-002
   3.7541666666666664        2.8535439227589103E-002
   3.7958333333333334        2.8561709275252461E-002
   3.8374999999999999        2.8581244088509247E-002
   3.8791666666666664        2.8594174163346701E-002
   3.9208333333333334        2.8600630344865267E-002
   3.9624999999999999        2.8600743696531220E-002
   4.0041666666666664        2.8594645375992579E-002
   4.0458333333333334        2.8582466517212166E-002
   4.0875000000000004        2.8564338118681153E-002
   4.1291666666666664        2.8540390937483191E-002
   4.1708333333333334        2.8510755388987046E-002
   4.2125000000000004        2.8475561451954897E-002
   4.2541666666666664        2.8434938578857330E-002
   4.2958333333333334        2.8389015611195775E-002
   4.3375000000000004        2.8337920699638790E-002
   4.3791666666666664        2.8281781228784861E-002
   4.4208333333333334        2.8220723746370649E-002
   4.4625000000000004        2.8154873896750560E-002
   4.5041666666666664        2.8084356358478585E-002
   4.5458333333333334        2.8009294785829031E-002
   4.5875000000000004        2.7929811754099029E-002
   4.6291666666666664        2.7846028708540027E-002
   4.6708333333333334        2.7758065916771962E-002
   4.7125000000000004        2.7666042424537178E-002
   4.7541666666666664        2.7570076014657642E-002
   4.7958333333333334        2.7470283169062439E-002
   4.8375000000000004        2.7366779033758035E-002
   4.8791666666666664        2.7259677386617935E-002
   4.9208333333333334        2.7149090607871358E-002
   4.9625000000000004        2.7035129653177215E-002
   5.0041666666666664        2.6917904029171880E-002
   5.0458333333333334        2.6797521771382716E-002
   5.0875000000000004        2.6674089424404974E-002
   5.1291666666666664        2.6547712024241634E-002
   5.1708333333333334        2.6418493082709896E-002
   5.2125000000000004        2.6286534573821532E-002
   5.2541666666666664        2.6151936922047449E-002
   5.2958333333333334        2.6014798992379729E-002
   5.3375000000000004        2.5875218082108461E-002
   5.3791666666666664        2.5733289914232221E-002
   5.4208333333333334        2.5589108632425594E-002
   5.4625000000000004        2.5442766797488005E-002
   5.5041666666666664        2.5294355385202968E-002
   5.5458333333333334        2.5143963785537991E-002
   5.5875000000000004        2.4991679803118189E-002
   5.6291666666666664        2.4837589658909125E-002
   5.6708333333333334        2.4681777993048104E-002
   5.7125000000000004        2.4524327868762671E-002
   5.7541666666666664        2.4365320777320093E-002
   5.7958333333333334        2.4204836643951663E-002
   5.8375000000000004        2.4042953834699687E-002
   5.8791666666666664        2.3879749164135097E-002
   5.9208333333333334        2.3715297903896534E-002
   5.9625000000000004        2.3549673792004355E-002
   6.0041666666666664        2.3382949042903209E-002
   6.0458333333333334        2.3215194358189882E-002
   6.0875000000000004        2.3046478937984085E-002
   6.1291666666666664        2.2876870492902154E-002
   6.1708333333333334        2.2706435256594670E-002
   6.2125000000000004        2.2535237998810680E-002
   6.2541666666666664        2.2363342038952825E-002
   6.2958333333333334        2.2190809260089050E-002
   6.3375000000000004        2.2017700123387975E-002
   6.3791666666666664        2.1844073682946625E-002
   6.4208333333333334        2.1669987600979278E-002
   6.4624999999999995        2.1495498163339739E-002
   6.5041666666666664        2.1320660295347946E-002
   6.5458333333333334        2.1145527577895125E-002
   6.5874999999999995        2.0970152263801639E-002
   6.6291666666666664        2.0794585294403183E-002
   6.6708333333333334        2.0618876316341791E-002
   6.7124999999999995        2.0443073698539125E-002
   6.7541666666666664        2.0267224549331452E-002
   6.7958333333333334        2.0091374733745119E-002
   6.8374999999999995        1.9915568890892982E-002
   6.8791666666666664        1.9739850451473490E-002
   6.9208333333333334        1.9564261655355093E-002
   6.9624999999999995        1.9388843569227984E-002
   7.0041666666666664        1.9213636104307107E-002
   7.0458333333333334        1.9038678034072186E-002
   7.0874999999999995        1.8864007012029022E-002
   7.1291666666666664        1.8689659589478241E-002
   7.1708333333333334        1.8515671233278741E-002
   7.2124999999999995        1.8342076343592306E-002
   7.2541666666666664        1.8168908271598436E-002
   7.2958333333333334        1.7996199337167122E-002
   7.3374999999999995        1.7823980846479671E-002
   7.3791666666666664        1.7652283109586515E-002
   7.4208333333333334        1.7481135457892871E-002
   7.4624999999999995        1.7310566261563111E-002
   7.5041666666666664        1.7140602946834411E-002
   7.5458333333333334        1.6971272013233198E-002
   7.5874999999999995        1.6802599050684992E-002
   7.6291666666666664        1.6634608756511279E-002
   7.6708333333333334        1.6467324952306409E-002
   7.7124999999999995        1.6300770600688408E-002
   7.7541666666666664        1.6134967821917361E-002
   7.7958333333333334        1.5969937910375986E-002
   7.8374999999999995        1.5805701350907139E-002
   7.8791666666666664        1.5642277835003347E-002
   7.9208333333333334        1.5479686276843900E-002
   7.9624999999999995        1.5317944829175362E-002
   8.0041666666666664        1.5157070899031519E-002
   8.0458333333333325        1.4997081163288952E-002
   8.0875000000000004        1.4837991584055486E-002
   8.1291666666666664        1.4679817423888230E-002
   8.1708333333333325        1.4522573260838086E-002
   8.2125000000000004        1.4366273003319023E-002
   8.2541666666666664        1.4210929904799165E-002
   8.2958333333333325        1.4056556578311959E-002
   8.3375000000000004        1.3903165010785774E-002
   8.3791666666666664        1.3750766577189814E-002
   8.4208333333333325        1.3599372054495689E-002
   8.4625000000000004        1.3448991635452967E-002
   8.5041666666666664        1.3299634942177677E-002
   8.5458333333333325        1.3151311039553436E-002
   8.5875000000000004        1.3004028448443757E-002
   8.6291666666666664        1.2857795158716129E-002
   8.6708333333333325        1.2712618642076323E-002
   8.7125000000000004        1.2568505864713897E-002
   8.7541666666666664        1.2425463299757640E-002
   8.7958333333333325        1.2283496939542166E-002
   8.8375000000000004        1.2142612307685303E-002
   8.8791666666666664        1.2002814470976678E-002
   8.9208333333333325        1.1864108051077710E-002
   8.9625000000000004        1.1726497236034215E-002
   9.0041666666666664        1.1589985791601823E-002
   9.0458333333333325        1.1454577072384687E-002
   9.0875000000000004        1.1320274032789096E-002
   9.1291666666666664        1.1187079237792231E-002
   9.1708333333333325        1.1054994873527339E-002
   9.2125000000000004        1.0924022757686653E-002
   9.2541666666666664        1.0794164349742679E-002
   9.2958333333333325        1.0665420760989718E-002
   9.3375000000000004        1.0537792764406357E-002
   9.3791666666666664        1.0411280804340662E-002
   9.4208333333333325        1.0285885006019421E-002
   9.4625000000000004        1.0161605184882780E-002
   9.5041666666666664        1.0038440855745805E-002
   9.5458333333333325        9.9163912417885268E-003
   9.5875000000000004        9.7954552833765321E-003
   9.6291666666666664        9.6756316467129407E-003
   9.6708333333333325        9.5569187323239543E-003
   9.7125000000000004        9.4393146833797251E-003
   9.7541666666666664        9.3228173938522691E-003
   9.7958333333333325        9.2074245165117696E-003
   9.8375000000000004        9.0931334707635911E-003
   9.8791666666666664        8.9799414503278115E-003
   9.9208333333333325        8.8678454307627268E-003
   9.9625000000000004        8.7568421768345044E-003
   10.004166666666666        8.6469282497348178E-003
   10.045833333333333        8.5381000141482519E-003
   10.087500000000000        8.4303536451715306E-003
   10.129166666666666        8.3236851350864394E-003
   10.170833333333333        8.2180902999881913E-003
   10.212500000000000        8.1135647862715793E-003
   10.254166666666666        8.0101040769764119E-003
   10.295833333333333        7.9077034979944186E-003
   10.337500000000000        7.8063582241395283E-003
   10.379166666666666        7.7060632850835696E-003
   10.420833333333333        7.6068135711591022E-003
   10.462500000000000        7.5086038390314658E-003
   10.504166666666666        7.4114287172420473E-003
   10.545833333333333        7.3152827116246153E-003
   10.587500000000000        7.2201602105968063E-003
   10.629166666666666        7.1260554903284585E-003
   10.670833333333333        7.0329627197887375E-003
   10.712500000000000        6.9408759656742220E-003
   10.754166666666666        6.8497891972196124E-003
   10.795833333333333        6.7596962908931090E-003
   10.837500000000000        6.6705910349782582E-003
   10.879166666666666        6.5824671340439147E-003
   10.920833333333333        6.4953182133048529E-003
   10.962500000000000        6.4091378228741305E-003
   11.004166666666666        6.3239194419094698E-003
   11.045833333333333        6.2396564826552748E-003
   11.087500000000000        6.1563422943823358E-003
   11.129166666666666        6.0739701672267695E-003
   11.170833333333333        5.9925333359299136E-003
   11.212500000000000        5.9120249834813763E-003
   11.254166666666666        5.8324382446665029E-003
   11.295833333333333        5.7537662095201586E-003
   11.337500000000000        5.6760019266887214E-003
   11.379166666666666        5.5991384067016915E-003
   11.420833333333333        5.5231686251547363E-003
   11.462500000000000        5.4480855258058260E-003
   11.504166666666666        5.3738820235861035E-003
   11.545833333333333        5.3005510075270759E-003
   11.587500000000000        5.2280853436057102E-003
   11.629166666666666        5.1564778775091968E-003
   11.670833333333333        5.0857214373206316E-003
   11.712500000000000        5.0158088361275137E-003
   11.754166666666666        4.9467328745542863E-003
   11.795833333333333        4.8784863432206442E-003
   11.837500000000000        4.8110620251269219E-003
   11.879166666666666        4.7444526979682497E-003
   11.920833333333333        4.6786511363787302E-003
   11.962500000000000        4.6136501141070818E-003
   12.004166666666666        4.5494424061252687E-003
   12.045833333333333        4.4860207906715589E-003
   12.087500000000000        4.4233780512291246E-003
   12.129166666666666        4.3615069784417766E-003
   12.170833333333333        4.3004003719680937E-003
   12.212500000000000        4.2400510422752622E-003
   12.254166666666666        4.1804518123738617E-003
   12.295833333333333        4.1215955194949146E-003
   12.337500000000000        4.0634750167105986E-003
   12.379166666666666        4.0060831744995569E-003
   12.420833333333333        3.9494128822582884E-003
   12.462500000000000        3.8934570497597496E-003
   12.504166666666666        3.8382086085601867E-003
   12.545833333333333        3.7836605133556868E-003
   12.587500000000000        3.7298057432892202E-003
   12.629166666666666        3.6766373032095941E-003
   12.670833333333333        3.6241482248832997E-003
   12.712500000000000        3.5723315681602352E-003
   12.754166666666666        3.5211804220946124E-003
   12.795833333333333        3.4706879060219312E-003
   12.837500000000000        3.4208471705930907E-003
   12.879166666666666        3.3716513987666380E-003
   12.920833333333333        3.3230938067601930E-003
   12.962500000000000        3.2751676449620484E-003
   13.004166666666666        3.2278661988037992E-003
   13.045833333333333        3.1811827895950710E-003
   13.087500000000000        3.1351107753212265E-003
   13.129166666666666        3.0896435514049473E-003
   13.170833333333333        3.0447745514325347E-003
   13.212500000000000        3.0004972478460531E-003
   13.254166666666666        2.9568051526018698E-003
   13.295833333333333        2.9136918177965756E-003
   13.337500000000000        2.8711508362611869E-003
   13.379166666666666        2.8291758421243422E-003
   13.420833333333333        2.7877605113453053E-003
   13.462500000000000        2.7468985622176516E-003
   13.504166666666666        2.7065837558443127E-003
   13.545833333333333        2.6668098965847301E-003
   13.587500000000000        2.6275708324749450E-003
   13.629166666666666        2.5888604556212761E-003
   13.670833333333333        2.5506727025683415E-003
   13.712500000000000        2.5130015546420987E-003
   13.754166666666666        2.4758410382686147E-003
   13.795833333333333        2.4391852252691640E-003
   13.837500000000000        2.4030282331324541E-003
   13.879166666666666        2.3673642252644311E-003
   13.920833333333333        2.3321874112165100E-003
   13.962500000000000        2.2974920468926442E-003
   14.004166666666666        2.2632724347359822E-003
   14.045833333333333        2.2295229238956855E-003
   14.087500000000000        2.1962379103744197E-003
   14.129166666666666        2.1634118371571067E-003
   14.170833333333333        2.1310391943215787E-003
   14.212500000000000        2.0991145191315689E-003
   14.254166666666666        2.0676323961126464E-003
   14.295833333333333        2.0365874571115512E-003
   14.337500000000000        2.0059743813395205E-003
   14.379166666666666        1.9757878954000524E-003
   14.420833333333333        1.9460227733015902E-003
   14.462500000000000        1.9166738364556222E-003
   14.504166666666666        1.8877359536606849E-003
   14.545833333333333        1.8592040410726647E-003
   14.587500000000000        1.8310730621619320E-003
   14.629166666666666        1.8033380276576666E-003
   14.670833333333333        1.7759939954798299E-003
   14.712500000000000        1.7490360706592164E-003
   14.754166666666666        1.7224594052459342E-003
   14.795833333333333        1.6962591982068198E-003
   14.837500000000000        1.6704306953120463E-003
   14.879166666666666        1.6449691890114118E-003
   14.920833333333333        1.6198700183006436E-003
   14.962500000000000        1.5951285685780268E-003
   15.004166666666666        1.5707402714918103E-003
   15.045833333333333        1.5467006047785972E-003
   15.087500000000000        1.5230050920932558E-003
   15.129166666666666        1.4996493028304981E-003
   15.170833333333333        1.4766288519384894E-003
   15.212500000000000        1.4539393997248982E-003
   15.254166666666666        1.4315766516555524E-003
   15.295833333333333        1.4095363581460966E-003
   15.337500000000000        1.3878143143469111E-003
   15.379166666666666        1.3664063599215807E-003
   15.420833333333333        1.3453083788191678E-003
   15.462500000000000        1.3245162990405874E-003
   15.504166666666666        1.3040260923993319E-003
   15.545833333333333        1.2838337742767999E-003
   15.587500000000000        1.2639354033724928E-003
   15.629166666666666        1.2443270814492778E-003
   15.670833333333333        1.2250049530740242E-003
   15.712500000000000        1.2059652053537945E-003
   15.754166666666666        1.1872040676678018E-003
   15.795833333333333        1.1687178113953948E-003
   15.837500000000000        1.1505027496402712E-003
   15.879166666666666        1.1325552369510991E-003
   15.920833333333333        1.1148716690387555E-003
   15.962500000000000        1.0974484824903972E-003
   16.004166666666666        1.0802821544805682E-003
   16.045833333333334        1.0633692024794631E-003
   16.087499999999999        1.0467061839585870E-003
   16.129166666666666        1.0302896960939611E-003
   16.170833333333334        1.0141163754670496E-003
   16.212499999999999        9.9818289776358376E-004
   16.254166666666666        9.8248597747039907E-004
   16.295833333333334        9.6702236757050669E-004
   16.337499999999999        9.5178885923648997E-004
   16.379166666666666        9.3678228152241686E-004
   16.420833333333334        9.2199950105438619E-004
   16.462499999999999        9.0743742171984782E-004
   16.504166666666666        8.9309298435583909E-004
   16.545833333333334        8.7896316643625168E-004
   16.587499999999999        8.6504498175828321E-004
   16.629166666666666        8.5133548012818010E-004
   16.670833333333334        8.3783174704635558E-004
   16.712499999999999        8.2453090339205395E-004
   16.754166666666666        8.1143010510764961E-004
   16.795833333333334        7.9852654288267017E-004
   16.837499999999999        7.8581744183767611E-004
   16.879166666666666        7.7330006120806941E-004
   16.920833333333334        7.6097169402796752E-004
   16.962499999999999        7.4882966681418060E-004
   17.004166666666666        7.3687133925041948E-004
   17.045833333333334        7.2509410387184864E-004
   17.087499999999999        7.1349538574998932E-004
   17.129166666666666        7.0207264217813726E-004
   17.170833333333334        6.9082336235732039E-004
   17.212499999999999        6.7974506708288693E-004
   17.254166666666666        6.6883530843181232E-004
   17.295833333333334        6.5809166945077582E-004
   17.337499999999999        6.4751176384508411E-004
   17.379166666666666        6.3709323566851761E-004
   17.420833333333334        6.2683375901411765E-004
   17.462499999999999        6.1673103770603754E-004
   17.504166666666666        6.0678280499247182E-004
   17.545833333333334        5.9698682323974437E-004
   17.587499999999999        5.8734088362758549E-004
   17.629166666666666        5.7784280584567476E-004
   17.670833333333334        5.6849043779146644E-004
   17.712499999999999        5.5928165526938759E-004
   17.754166666666666        5.5021436169142165E-004
   17.795833333333334        5.4128648777911743E-004
   17.837499999999999        5.3249599126709848E-004
   17.879166666666666        5.2384085660807616E-004
   17.920833333333334        5.1531909467942443E-004
   17.962499999999999        5.0692874249134892E-004
   18.004166666666666        4.9866786289667431E-004
   18.045833333333334        4.9053454430229046E-004
   18.087499999999999        4.8252690038230099E-004
   18.129166666666666        4.7464306979287278E-004
   18.170833333333334        4.6688121588884070E-004
   18.212499999999999        4.5923952644208547E-004
   18.254166666666666        4.5171621336170033E-004
   18.295833333333334        4.4430951241597948E-004
   18.337499999999999        4.3701768295625887E-004
   18.379166666666666        4.2983900764260194E-004
   18.420833333333334        4.2277179217137327E-004
   18.462499999999999        4.1581436500471409E-004
   18.504166666666666        4.0896507710192365E-004
   18.545833333333334        4.0222230165278162E-004
   18.587499999999999        3.9558443381280549E-004
   18.629166666666666        3.8904989044047389E-004
   18.670833333333334        3.8261710983641695E-004
   18.712499999999999        3.7628455148457920E-004
   18.754166666666666        3.7005069579538189E-004
   18.795833333333334        3.6391404385087553E-004
   18.837499999999999        3.5787311715190475E-004
   18.879166666666666        3.5192645736728442E-004
   18.920833333333334        3.4607262608499738E-004
   18.962499999999999        3.4031020456540631E-004
   19.004166666666666        3.3463779349650509E-004
   19.045833333333334        3.2905401275119627E-004
   19.087499999999999        3.2355750114659940E-004
   19.129166666666666        3.1814691620539985E-004
   19.170833333333334        3.1282093391923291E-004
   19.212499999999999        3.0757824851409675E-004
   19.254166666666666        3.0241757221780886E-004
   19.295833333333334        2.9733763502949167E-004
   19.337499999999999        2.9233718449108988E-004
   19.379166666666666        2.8741498546092277E-004
   19.420833333333334        2.8256981988925467E-004
   19.462499999999999        2.7780048659589143E-004
   19.504166666666666        2.7310580104979409E-004
   19.545833333333334        2.6848459515070214E-004
   19.587499999999999        2.6393571701276592E-004
   19.629166666666666        2.5945803075017585E-004
   19.670833333333334        2.5505041626478929E-004
   19.712499999999999        2.5071176903574153E-004
   19.754166666666666        2.4644099991103397E-004
   19.795833333333334        2.4223703490109267E-004
   19.837499999999999        2.3809881497428791E-004
   19.879166666666666        2.3402529585440853E-004
   19.920833333333334        2.3001544782007822E-004
   19.962499999999999        2.2606825550610020E-004
   20.004166666666666        2.2218271770673052E-004
   20.045833333333334        2.1835784718085820E-004
   20.087499999999999        2.1459267045908581E-004
   20.129166666666666        2.1088622765270574E-004
   20.170833333333334        2.0723757226454416E-004
   20.212499999999999        2.0364577100167837E-004
   20.254166666666666        2.0010990359000232E-004
   20.295833333333334        1.9662906259063195E-004
   20.337499999999999        1.9320235321813753E-004
   20.379166666666666        1.8982889316059021E-004
   20.420833333333334        1.8650781240141289E-004
   20.462499999999999        1.8323825304300949E-004
   20.504166666666666        1.8001936913217121E-004
   20.545833333333334        1.7685032648723982E-004
   20.587499999999999        1.7373030252701541E-004
   20.629166666666666        1.7065848610138773E-004
   20.670833333333334        1.6763407732368432E-004
   20.712499999999999        1.6465628740471787E-004
   20.754166666666666        1.6172433848851779E-004
   20.795833333333334        1.5883746348972286E-004
   20.837499999999999        1.5599490593263312E-004
   20.879166666666666        1.5319591979189048E-004
   20.920833333333334        1.5043976933478426E-004
   20.962499999999999        1.4772572896515714E-004
   21.004166666666666        1.4505308306890033E-004
   21.045833333333334        1.4242112586101749E-004
   21.087499999999999        1.3982916123424230E-004
   21.129166666666666        1.3727650260919586E-004
   21.170833333333334        1.3476247278606168E-004
   21.212499999999999        1.3228640379776369E-004
   21.254166666666666        1.2984763676463296E-004
   21.295833333333334        1.2744552175054108E-004
   21.337499999999999        1.2507941762048588E-004
   21.379166666666666        1.2274869189961003E-004
   21.420833333333334        1.2045272063363964E-004
   21.462499999999999        1.1819088825071607E-004
   21.504166666666666        1.1596258742461420E-004
   21.545833333333334        1.1376721893932336E-004
   21.587499999999999        1.1160419155496924E-004
   21.629166666666666        1.0947292187507137E-004
   21.670833333333334        1.0737283421510348E-004
   21.712499999999999        1.0530336047234816E-004
   21.754166666666666        1.0326393999702492E-004
   21.795833333333334        1.0125401946467404E-004
   21.837499999999999        9.9273052749776562E-005
   21.879166666666666        9.7320500800594919E-005
   21.920833333333334        9.5395831515210518E-005
   21.962499999999999        9.3498519618746988E-005
   22.004166666666666        9.1628046541754416E-005
   22.045833333333334        8.9783900299740213E-005
   22.087499999999999        8.7965575373825748E-005
   22.129166666666666        8.6172572592512007E-005
   22.170833333333334        8.4404399014533586E-005
   22.212499999999999        8.2660567812783037E-005
   22.254166666666666        8.0940598159287070E-005
   22.295833333333334        7.9244015111217930E-005
   22.337499999999999        7.7570349497916885E-005
   22.379166666666666        7.5919137808913887E-005
   22.420833333333334        7.4289922082924765E-005
   22.462499999999999        7.2682249797805263E-005
   22.504166666666666        7.1095673761444351E-005
   22.545833333333334        6.9529752003577740E-005
   22.587499999999999        6.7984047668501665E-005
   22.629166666666666        6.6458128908668184E-005
   22.670833333333334        6.4951568779144614E-005
   22.712499999999999        6.3463945132915004E-005
   22.754166666666666        6.1994840517007099E-005
   22.795833333333334        6.0543842069424043E-005
   22.837499999999999        5.9110541416862327E-005
   22.879166666666666        5.7694534573196866E-005
   22.920833333333334        5.6295421838712509E-005
   22.962499999999999        5.4912807700064260E-005
   23.004166666666666        5.3546300730945563E-005
   23.045833333333334        5.2195513493446552E-005
   23.087499999999999        5.0860062440082453E-005
   23.129166666666666        4.9539567816469937E-005
   23.170833333333334        4.8233653564636191E-005
   23.212499999999999        4.6941947226938362E-005
   23.254166666666666        4.5664079850573590E-005
   23.295833333333334        4.4399685892660945E-005
   23.337499999999999        4.3148403125874974E-005
   23.379166666666666        4.1909872544611299E-005
   23.420833333333334        4.0683738271663628E-005
   23.462499999999999        3.9469647465392753E-005
   23.504166666666666        3.8267250227367152E-005
   23.545833333333334        3.7076199510455359E-005
   23.587499999999999        3.5896151027350541E-005
   23.629166666666666        3.4726763159505120E-005
   23.670833333333334        3.3567696866456940E-005
   23.712499999999999        3.2418615595525320E-005
   23.754166666666666        3.1279185191857505E-005
   23.795833333333334        3.0149073808804092E-005
   23.837499999999999        2.9027951818602469E-005
   23.879166666666666        2.7915491723349121E-005
   23.920833333333334        2.6811368066238520E-005
   23.962499999999999        2.5715257343047364E-005
   24.004166666666666        2.4626837913843722E-005
   24.045833333333334        2.3545789914900199E-005
   24.087499999999999        2.2471795170789232E-005
   24.129166666666666        2.1404537106638998E-005
   24.170833333333334        2.0343700660529130E-005
   24.212499999999999        1.9288972196003249E-005
   24.254166666666666        1.8240039414678171E-005
   24.295833333333334        1.7196591268926580E-005
   24.337499999999999        1.6158317874611321E-005
   24.379166666666666        1.5124910423849658E-005
   24.420833333333334        1.4096061097784440E-005
   24.462499999999999        1.3071462979340074E-005
   24.504166666666666        1.2050809965940694E-005
   24.545833333333334        1.1033796682166897E-005
   24.587499999999999        1.0020118392329239E-005
   24.629166666666666        9.0094709129344470E-006
   24.670833333333334        8.0015505250212018E-006
   24.712499999999999        6.9960538863419019E-006
   24.754166666666666        5.9926779433668927E-006
   24.795833333333334        4.9911198430869475E-006
   24.837499999999999        3.9910768445901686E-006
   24.879166666666666        2.9922462303884338E-006
   24.920833333333334        1.9943252174694507E-006
   24.962499999999999        9.9701086804919692E-007
  
   4.1666666666666666E-003   2.2896905165845582E-007
   4.5833333333333330E-002   2.6069207273999705E-005
   8.7499999999999994E-002   8.9659713045357029E-005
  0.12916666666666665        1.8489428104994185E-004
  0.17083333333333334        3.0690012512185079E-004
  0.21249999999999999        4.5178654106761755E-004
  0.25416666666666665        6.1643290288377229E-004
  0.29583333333333334        7.9831517832364683E-004
  0.33750000000000002        9.9536704468334127E-004
  0.37916666666666665        1.2058705528850027E-003
  0.42083333333333334        1.4283712197312728E-003
  0.46249999999999997        1.6616128673289615E-003
  0.50416666666666665        1.9044881642418302E-003
  0.54583333333333328        2.1560014914174365E-003
  0.58750000000000002        2.4152413783642629E-003
  0.62916666666666665        2.6813602991695800E-003
  0.67083333333333328        2.9535600760866375E-003
  0.71250000000000002        3.2310815149547570E-003
  0.75416666666666665        3.5131972011290158E-003
  0.79583333333333328        3.7992066278217098E-003
  0.83750000000000002        4.0884330213840749E-003
  0.87916666666666665        4.3802213795373617E-003
  0.92083333333333328        4.6739373569705187E-003
  0.96250000000000002        4.9689667247638123E-003
   1.0041666666666667        5.2647152012513443E-003
   1.0458333333333334        5.5606085066211121E-003
   1.0874999999999999        5.8560925353111307E-003
   1.1291666666666667        6.1506335719150370E-003
   1.1708333333333334        6.4437185000985270E-003
   1.2124999999999999        6.7348549717201802E-003
   1.2541666666666667        7.0235715163409831E-003
   1.2958333333333334        7.3094175806943757E-003
   1.3374999999999999        7.5919634943324094E-003
   1.3791666666666667        7.8708003622355010E-003
   1.4208333333333334        8.1455398881948669E-003
   1.4624999999999999        8.4158141346532683E-003
   1.5041666666666667        8.6812752257323690E-003
   1.5458333333333334        8.9415950006202158E-003
   1.5874999999999999        9.1964646245235402E-003
   1.6291666666666667        9.4455941641403349E-003
   1.6708333333333334        9.6887121341803998E-003
   1.7124999999999999        9.9255650209289156E-003
   1.7541666666666667        1.0155916788264880E-002
   1.7958333333333334        1.0379548370949513E-002
   1.8374999999999999        1.0596257159414696E-002
   1.8791666666666667        1.0805856479725987E-002
   1.9208333333333334        1.1008175071879123E-002
   1.9624999999999999        1.1203056569116935E-002
   2.0041666666666664        1.1390358980530424E-002
   2.0458333333333334        1.1569954178829661E-002
   2.0874999999999999        1.1741727394838140E-002
   2.1291666666666664        1.1905576719973891E-002
   2.1708333333333334        1.2061412617729680E-002
   2.2124999999999999        1.2209157444947523E-002
   2.2541666666666664        1.2348744983499251E-002
   2.2958333333333334        1.2480119982826991E-002
   2.3374999999999999        1.2603237713665238E-002
   2.3791666666666664        1.2718063533155965E-002
   2.4208333333333334        1.2824572461475208E-002
   2.4624999999999999        1.2922748770012990E-002
   2.5041666666666664        1.3012585581085640E-002
   2.5458333333333334        1.3094084479109156E-002
   2.5874999999999999        1.3167255133119393E-002
   2.6291666666666664        1.3232114930492702E-002
   2.6708333333333334        1.3288688621694788E-002
   2.7124999999999999        1.3337007975864169E-002
   2.7541666666666664        1.3377111447022310E-002
   2.7958333333333334        1.3409043850690548E-002
   2.8374999999999999        1.3432856050685947E-002
   2.8791666666666664        1.3448604655862655E-002
   2.9208333333333334        1.3456351726562647E-002
   2.9624999999999999        1.3456164490537980E-002
   3.0041666666666664        1.3448115068107254E-002
   3.0458333333333334        1.3432280206309679E-002
   3.0874999999999999        1.3408741021822809E-002
   3.1291666666666664        1.3377582752413086E-002
   3.1708333333333334        1.3338894516691071E-002
   3.2124999999999999        1.3292769081948080E-002
   3.2541666666666664        1.3239302639854809E-002
   3.2958333333333334        1.3178594589806398E-002
   3.3374999999999999        1.3110747329704424E-002
   3.3791666666666664        1.3035866053969289E-002
   3.4208333333333334        1.2954058558582737E-002
   3.4624999999999999        1.2865435052964140E-002
   3.5041666666666664        1.2770107978489107E-002
   3.5458333333333334        1.2668191833464128E-002
   3.5874999999999999        1.2559803004374696E-002
   3.6291666666666664        1.2445059603230084E-002
   3.6708333333333334        1.2324081310831406E-002
   3.7124999999999999        1.2196989225794777E-002
   3.7541666666666664        1.2063905719165387E-002
   3.7958333333333334        1.1924954294462478E-002
   3.8374999999999999        1.1780259452999098E-002
   3.8791666666666664        1.1629946564325592E-002
   3.9208333333333334        1.1474141741648463E-002
   3.9624999999999999        1.1312971722080576E-002
   4.0041666666666664        1.1146563751582564E-002
   4.0458333333333334        1.0975045474458758E-002
   4.0875000000000004        1.0798544827274718E-002
   4.1291666666666664        1.0617189937066349E-002
   4.1708333333333334        1.0431109023714493E-002
   4.2125000000000004        1.0240430306362333E-002
   4.2541666666666664        1.0045281913755061E-002
   4.2958333333333334        9.8457917983857928E-003
   4.3375000000000004        9.6420876543337908E-003
   4.3791666666666664        9.4342968386843234E-003
   4.4208333333333334        9.2225462964221506E-003
   4.4625000000000004        9.0069624886938929E-003
   4.5041666666666664        8.7876713243368321E-003
   4.5458333333333334        8.5647980945744145E-003
   4.5875000000000004        8.3384674107817493E-003
   4.6291666666666664        8.1088031452260876E-003
   4.6708333333333334        7.8759283746907931E-003
   4.7125000000000004        7.6399653268928213E-003
   4.7541666666666664        7.4010353296064856E-003
   4.7958333333333334        7.1592587624085590E-003
   4.8375000000000004        6.9147550109620055E-003
   4.8791666666666664        6.6676424237575669E-003
   4.9208333333333334        6.4180382712349781E-003
   4.9625000000000004        6.1660587072071421E-003
   5.0041666666666664        5.9118187325131952E-003
   5.0458333333333334        5.6554321608278052E-003
   5.0875000000000004        5.3970115865563826E-003
   5.1291666666666664        5.1366683547475192E-003
   5.1708333333333334        4.8745125329557760E-003
   5.2125000000000004        4.6106528849900845E-003
   5.2541666666666664        4.3451968464842602E-003
   5.2958333333333334        4.0782505022281786E-003
   5.3375000000000004        3.8099185651996924E-003
   5.3791666666666664        3.5403043572389717E-003
   5.4208333333333334        3.2695097913086730E-003
   5.4625000000000004        2.9976353552846236E-003
   5.5041666666666664        2.7247800972234264E-003
   5.5458333333333334        2.4510416120547690E-003
   5.5875000000000004        2.1765160296476423E-003
   5.6291666666666664        1.9012980042011163E-003
   5.6708333333333334        1.6254807049116357E-003
   5.7125000000000004        1.3491558078701279E-003
   5.7541666666666664        1.0724134891435238E-003
   5.7958333333333334        7.9534241899656269E-004
   5.8375000000000004        5.1802975721096216E-004
   5.8791666666666664        2.4056114946024112E-004
   5.9208333333333334       -3.6979275300336638E-005
   5.9625000000000004       -3.1450890646808621E-004
   6.0041666666666664       -5.9194665248977628E-004
   6.0458333333333334       -8.6921294065825112E-004
   6.0875000000000004       -1.1462297160449121E-003
   6.1291666666666664       -1.4229204396031786E-003
   6.1708333333333334       -1.6992100854770068E-003
   6.2125000000000004       -1.9750251375475389E-003
   6.2541666666666664       -2.2502935852500871E-003
   6.2958333333333334       -2.5249449186926253E-003
   6.3375000000000004       -2.7989101231060392E-003
   6.3791666666666664       -3.0721216726556501E-003
   6.4208333333333334       -3.3445135236424071E-003
   6.4624999999999995       -3.6160211071216259E-003
   6.5041666666666664       -3.8865813209659136E-003
   6.5458333333333334       -4.1561325213985718E-003
   6.5874999999999995       -4.4246145140225714E-003
   6.6291666666666664       -4.6919685443697129E-003
   6.6708333333333334       -4.9581372879938246E-003
   6.7124999999999995       -5.2230648401307310E-003
   6.7541666666666664       -5.4866967049477661E-003
   6.7958333333333334       -5.7489797844041323E-003
   6.8374999999999995       -6.0098623667432282E-003
   6.8791666666666664       -6.2692941146372701E-003
   6.9208333333333334       -6.5272260530038605E-003
   6.9624999999999995       -6.7836105565134922E-003
   7.0041666666666664       -7.0384013368067436E-003
   7.0458333333333334       -7.2915534294385369E-003
   7.0874999999999995       -7.5430231805672160E-003
   7.1291666666666664       -7.7927682334050664E-003
   7.1708333333333334       -8.0407475144460647E-003
   7.2124999999999995       -8.2869212194871429E-003
   7.2541666666666664       -8.5312507994577853E-003
   7.2958333333333334       -8.7736989460724894E-003
   7.3374999999999995       -9.0142295773203446E-003
   7.3791666666666664       -9.2528078228055269E-003
   7.4208333333333334       -9.4894000089518343E-003
   7.4624999999999995       -9.7239736440838370E-003
   7.5041666666666664       -9.9564974033972287E-003
   7.5458333333333334       -1.0186941113829919E-002
   7.5874999999999995       -1.0415275738845818E-002
   7.6291666666666664       -1.0641473363141973E-002
   7.6708333333333334       -1.0865507177289766E-002
   7.7124999999999995       -1.1087351462320620E-002
   7.7541666666666664       -1.1306981574266111E-002
   7.7958333333333334       -1.1524373928661815E-002
   7.8374999999999995       -1.1739505985024263E-002
   7.8791666666666664       -1.1952356231309663E-002
   7.9208333333333334       -1.2162904168363365E-002
   7.9624999999999995       -1.2371130294367700E-002
   8.0041666666666664       -1.2577016089296150E-002
   8.0458333333333325       -1.2780543999381734E-002
   8.0875000000000004       -1.2981697421606743E-002
   8.1291666666666664       -1.3180460688220420E-002
   8.1708333333333325       -1.3376819051292134E-002
   8.2125000000000004       -1.3570758667305269E-002
   8.2541666666666664       -1.3762266581798965E-002
   8.2958333333333325       -1.3951330714063473E-002
   8.3375000000000004       -1.4137939841893989E-002
   8.3791666666666664       -1.4322083586409367E-002
   8.4208333333333325       -1.4503752396940305E-002
   8.4625000000000004       -1.4682937535991892E-002
   8.5041666666666664       -1.4859631064285535E-002
   8.5458333333333325       -1.5033825825884622E-002
   8.5875000000000004       -1.5205515433407833E-002
   8.6291666666666664       -1.5374694253334858E-002
   8.6708333333333325       -1.5541357391407782E-002
   8.7125000000000004       -1.5705500678132256E-002
   8.7541666666666664       -1.5867120654381631E-002
   8.7958333333333325       -1.6026214557107284E-002
   8.8375000000000004       -1.6182780305158947E-002
   8.8791666666666664       -1.6336816485217197E-002
   8.9208333333333325       -1.6488322337841255E-002
   8.9625000000000004       -1.6637297743634736E-002
   9.0041666666666664       -1.6783743209531975E-002
   9.0458333333333325       -1.6927659855206788E-002
   9.0875000000000004       -1.7069049399606500E-002
   9.1291666666666664       -1.7207914147612760E-002
   9.1708333333333325       -1.7344256976831444E-002
   9.2125000000000004       -1.7478081324512965E-002
   9.2541666666666664       -1.7609391174605242E-002
   9.2958333333333325       -1.7738191044940177E-002
   9.3375000000000004       -1.7864485974555880E-002
   9.3791666666666664       -1.7988281511155207E-002
   9.4208333333333325       -1.8109583698701904E-002
   9.4625000000000004       -1.8228399065155828E-002
   9.5041666666666664       -1.8344734610347944E-002
   9.5458333333333325       -1.8458597793995835E-002
   9.5875000000000004       -1.8569996523860977E-002
   9.6291666666666664       -1.8678939144048071E-002
   9.6708333333333325       -1.8785434423446719E-002
   9.7125000000000004       -1.8889491544316673E-002
   9.7541666666666664       -1.8991120091016694E-002
   9.7958333333333325       -1.9090330038877452E-002
   9.8375000000000004       -1.9187131743218368E-002
   9.8791666666666664       -1.9281535928509157E-002
   9.9208333333333325       -1.9373553677675640E-002
   9.9625000000000004       -1.9463196421550612E-002
   10.004166666666666       -1.9550475928468529E-002
   10.045833333333333       -1.9635404294005201E-002
   10.087500000000000       -1.9717993930861571E-002
   10.129166666666666       -1.9798257558891422E-002
   10.170833333333333       -1.9876208195273228E-002
   10.212500000000000       -1.9951859144825283E-002
   10.254166666666666       -2.0025223990463695E-002
   10.295833333333333       -2.0096316583803276E-002
   10.337500000000000       -2.0165151035900827E-002
   10.379166666666666       -2.0231741708139302E-002
   10.420833333333333       -2.0296103203253910E-002
   10.462500000000000       -2.0358250356498086E-002
   10.504166666666666       -2.0418198226949506E-002
   10.545833333333333       -2.0475962088955194E-002
   10.587500000000000       -2.0531557423714659E-002
   10.629166666666666       -2.0584999911001170E-002
   10.670833333333333       -2.0636305421019397E-002
   10.712500000000000       -2.0685490006399139E-002
   10.754166666666666       -2.0732569894324100E-002
   10.795833333333333       -2.0777561478794872E-002
   10.837500000000000       -2.0820481313025042E-002
   10.879166666666666       -2.0861346101969779E-002
   10.920833333333333       -2.0900172694985876E-002
   10.962500000000000       -2.0936978078621726E-002
   11.004166666666666       -2.0971779369536956E-002
   11.045833333333333       -2.1004593807549980E-002
   11.087500000000000       -2.1035438748812984E-002
   11.129166666666666       -2.1064331659113155E-002
   11.170833333333333       -2.1091290107298641E-002
   11.212500000000000       -2.1116331758828624E-002
   11.254166666666666       -2.1139474369445813E-002
   11.295833333333333       -2.1160735778971079E-002
   11.337500000000000       -2.1180133905218144E-002
   11.379166666666666       -2.1197686738027636E-002
   11.420833333333333       -2.1213412333419310E-002
   11.462500000000000       -2.1227328807861295E-002
   11.504166666666666       -2.1239454332654992E-002
   11.545833333333333       -2.1249807128434245E-002
   11.587500000000000       -2.1258405459777963E-002
   11.629166666666666       -2.1265267629934897E-002
   11.670833333333333       -2.1270411975659154E-002
   11.712500000000000       -2.1273856862155004E-002
   11.754166666666666       -2.1275620678130679E-002
   11.795833333333333       -2.1275721830958758E-002
   11.837500000000000       -2.1274178741942557E-002
   11.879166666666666       -2.1271009841686794E-002
   11.920833333333333       -2.1266233565572008E-002
   11.962500000000000       -2.1259868349331131E-002
   12.004166666666666       -2.1251932624726504E-002
   12.045833333333333       -2.1242444815326448E-002
   12.087500000000000       -2.1231423332380692E-002
   12.129166666666666       -2.1218886570792201E-002
   12.170833333333333       -2.1204852905185152E-002
   12.212500000000000       -2.1189340686067374E-002
   12.254166666666666       -2.1172368236085991E-002
   12.295833333333333       -2.1153953846375244E-002
   12.337500000000000       -2.1134115772995024E-002
   12.379166666666666       -2.1112872233458976E-002
   12.420833333333333       -2.1090241403350779E-002
   12.462500000000000       -2.1066241413027861E-002
   12.504166666666666       -2.1040890344410618E-002
   12.545833333333333       -2.1014206227856467E-002
   12.587500000000000       -2.0986207039117064E-002
   12.629166666666666       -2.0956910696377951E-002
   12.670833333333333       -2.0926335057378946E-002
   12.712500000000000       -2.0894497916614595E-002
   12.754166666666666       -2.0861417002612972E-002
   12.795833333333333       -2.0827109975292163E-002
   12.837500000000000       -2.0791594423392620E-002
   12.879166666666666       -2.0754887861984886E-002
   12.920833333333333       -2.0717007730050824E-002
   12.962500000000000       -2.0677971388137737E-002
   13.004166666666666       -2.0637796116084229E-002
   13.045833333333333       -2.0596499110816156E-002
   13.087500000000000       -2.0554097484212334E-002
   13.129166666666666       -2.0510608261038024E-002
   13.170833333333333       -2.0466048376945409E-002
   13.212500000000000       -2.0420434676540259E-002
   13.254166666666666       -2.0373783911513402E-002
   13.295833333333333       -2.0326112738835691E-002
   13.337500000000000       -2.0277437719015960E-002
   13.379166666666666       -2.0227775314420542E-002
   13.420833333333333       -2.0177141887653165E-002
   13.462500000000000       -2.0125553699994182E-002
   13.504166666666666       -2.0073026909898553E-002
   13.545833333333333       -2.0019577571551081E-002
   13.587500000000000       -1.9965221633478289E-002
   13.629166666666666       -1.9909974937215101E-002
   13.670833333333333       -1.9853853216026469E-002
   13.712500000000000       -1.9796872093682014E-002
   13.754166666666666       -1.9739047083282956E-002
   13.795833333333333       -1.9680393586141001E-002
   13.837500000000000       -1.9620926890707165E-002
   13.879166666666666       -1.9560662171550277E-002
   13.920833333333333       -1.9499614488383957E-002
   13.962500000000000       -1.9437798785141524E-002
   14.004166666666666       -1.9375229889097047E-002
   14.045833333333333       -1.9311922510032661E-002
   14.087500000000000       -1.9247891239450584E-002
   14.129166666666666       -1.9183150549829091E-002
   14.170833333333333       -1.9117714793921770E-002
   14.212500000000000       -1.9051598204098876E-002
   14.254166666666666       -1.8984814891730026E-002
   14.295833333333333       -1.8917378846607651E-002
   14.337500000000000       -1.8849303936409947E-002
   14.379166666666666       -1.8780603906202824E-002
   14.420833333333333       -1.8711292377979721E-002
   14.462500000000000       -1.8641382850238863E-002
   14.504166666666666       -1.8570888697596731E-002
   14.545833333333333       -1.8499823170437631E-002
   14.587500000000000       -1.8428199394597514E-002
   14.629166666666666       -1.8356030371082473E-002
   14.670833333333333       -1.8283328975820343E-002
   14.712500000000000       -1.8210107959444777E-002
   14.754166666666666       -1.8136379947111432E-002
   14.795833333333333       -1.8062157438345220E-002
   14.837500000000000       -1.7987452806917995E-002
   14.879166666666666       -1.7912278300755778E-002
   14.920833333333333       -1.7836646041875223E-002
   14.962500000000000       -1.7760568026348508E-002
   15.004166666666666       -1.7684056124295491E-002
   15.045833333333333       -1.7607122079903215E-002
   15.087500000000000       -1.7529777511471587E-002
   15.129166666666666       -1.7452033911484675E-002
   15.170833333333333       -1.7373902646707212E-002
   15.212500000000000       -1.7295394958305284E-002
   15.254166666666666       -1.7216521961991069E-002
   15.295833333333333       -1.7137294648190533E-002
   15.337500000000000       -1.7057723882233807E-002
   15.379166666666666       -1.6977820404567530E-002
   15.420833333333333       -1.6897594830988558E-002
   15.462500000000000       -1.6817057652898565E-002
   15.504166666666666       -1.6736219237578703E-002
   15.545833333333333       -1.6655089828484324E-002
   15.587500000000000       -1.6573679545558401E-002
   15.629166666666666       -1.6491998385563787E-002
   15.670833333333333       -1.6410056222433710E-002
   15.712500000000000       -1.6327862807639461E-002
   15.754166666666666       -1.6245427770575343E-002
   15.795833333333333       -1.6162760618960256E-002
   15.837500000000000       -1.6079870739254928E-002
   15.879166666666666       -1.5996767397095123E-002
   15.920833333333333       -1.5913459737739600E-002
   15.962500000000000       -1.5829956786532966E-002
   16.004166666666666       -1.5746267449382310E-002
   16.045833333333334       -1.5662400513247670E-002
   16.087499999999999       -1.5578364646645726E-002
   16.129166666666666       -1.5494168400166233E-002
   16.170833333333334       -1.5409820207000898E-002
   16.212499999999999       -1.5325328383484068E-002
   16.254166666666666       -1.5240701129644905E-002
   16.295833333333334       -1.5155946529770582E-002
   16.337499999999999       -1.5071072552980380E-002
   16.379166666666666       -1.4986087053809912E-002
   16.420833333333334       -1.4900997772805163E-002
   16.462499999999999       -1.4815812337126231E-002
   16.504166666666666       -1.4730538261159994E-002
   16.545833333333334       -1.4645182947141826E-002
   16.587499999999999       -1.4559753685785274E-002
   16.629166666666666       -1.4474257656920248E-002
   16.670833333333334       -1.4388701930138633E-002
   16.712499999999999       -1.4303093465447345E-002
   16.754166666666666       -1.4217439113928218E-002
   16.795833333333334       -1.4131745618404927E-002
   16.837499999999999       -1.4046019614116091E-002
   16.879166666666666       -1.3960267629394289E-002
   16.920833333333334       -1.3874496086351001E-002
   16.962499999999999       -1.3788711301566970E-002
   17.004166666666666       -1.3702919486787575E-002
   17.045833333333334       -1.3617126749623122E-002
   17.087499999999999       -1.3531339094253877E-002
   17.129166666666666       -1.3445562422138933E-002
   17.170833333333334       -1.3359802532729496E-002
   17.212499999999999       -1.3274065124185721E-002
   17.254166666666666       -1.3188355794096825E-002
   17.295833333333334       -1.3102680040204952E-002
   17.337499999999999       -1.3017043261131555E-002
   17.379166666666666       -1.2931450757106198E-002
   17.420833333333334       -1.2845907730698681E-002
   17.462499999999999       -1.2760419287552650E-002
   17.504166666666666       -1.2674990437121624E-002
   17.545833333333334       -1.2589626093406390E-002
   17.587499999999999       -1.2504331075694404E-002
   17.629166666666666       -1.2419110109300056E-002
   17.670833333333334       -1.2333967826306556E-002
   17.712499999999999       -1.2248908766308254E-002
   17.754166666666666       -1.2163937377153759E-002
   17.795833333333334       -1.2079058015689932E-002
   17.837499999999999       -1.1994274948505617E-002
   17.879166666666666       -1.1909592352675842E-002
   17.920833333333334       -1.1825014316506052E-002
   17.962499999999999       -1.1740544840275762E-002
   18.004166666666666       -1.1656187836982043E-002
   18.045833333333334       -1.1571947133082220E-002
   18.087499999999999       -1.1487826469236032E-002
   18.129166666666666       -1.1403829501046625E-002
   18.170833333333334       -1.1319959799800635E-002
   18.212499999999999       -1.1236220853206856E-002
   18.254166666666666       -1.1152616066133558E-002
   18.295833333333334       -1.1069148761344360E-002
   18.337499999999999       -1.0985822180232321E-002
   18.379166666666666       -1.0902639483552157E-002
   18.420833333333334       -1.0819603752150629E-002
   18.462499999999999       -1.0736717987694679E-002
   18.504166666666666       -1.0653985113397327E-002
   18.545833333333334       -1.0571407974741182E-002
   18.587499999999999       -1.0488989340199654E-002
   18.629166666666666       -1.0406731901955344E-002
   18.670833333333334       -1.0324638276615745E-002
   18.712499999999999       -1.0242711005926081E-002
   18.754166666666666       -1.0160952557479301E-002
   18.795833333333334       -1.0079365325422824E-002
   18.837499999999999       -9.9979516311624241E-003
   18.879166666666666       -9.9167137240624252E-003
   18.920833333333334       -9.8356537821427843E-003
   18.962499999999999       -9.7547739127726192E-003
   19.004166666666666       -9.6740761533602952E-003
   19.045833333333334       -9.5935624720396191E-003
   19.087499999999999       -9.5132347683525680E-003
   19.129166666666666       -9.4330948739281030E-003
   19.170833333333334       -9.3531445531568041E-003
   19.212499999999999       -9.2733855038618519E-003
   19.254166666666666       -9.1938193579658035E-003
   19.295833333333334       -9.1144476821531217E-003
   19.337499999999999       -9.0352719785289116E-003
   19.379166666666666       -8.9562936852727211E-003
   19.420833333333334       -8.8775141772883572E-003
   19.462499999999999       -8.7989347668493787E-003
   19.504166666666666       -8.7205567042398270E-003
   19.545833333333334       -8.6423811783905985E-003
   19.587499999999999       -8.5644093175110611E-003
   19.629166666666666       -8.4866421897162245E-003
   19.670833333333334       -8.4090808036488482E-003
   19.712499999999999       -8.3317261090970537E-003
   19.754166666666666       -8.2545789976070059E-003
   19.795833333333334       -8.1776403030908180E-003
   19.837499999999999       -8.1009108024293255E-003
   19.879166666666666       -8.0243912160700721E-003
   19.920833333333334       -7.9480822086201615E-003
   19.962499999999999       -7.8719843894341762E-003
   20.004166666666666       -7.7960983131968231E-003
   20.045833333333334       -7.7204244805005656E-003
   20.087499999999999       -7.6449633384181427E-003
   20.129166666666666       -7.5697152810696462E-003
   20.170833333333334       -7.4946806501846944E-003
   20.212499999999999       -7.4198597356588316E-003
   20.254166666666666       -7.3452527761051134E-003
   20.295833333333334       -7.2708599594000908E-003
   20.337499999999999       -7.1966814232245213E-003
   20.379166666666666       -7.1227172555987433E-003
   20.420833333333334       -7.0489674954124148E-003
   20.462499999999999       -6.9754321329489350E-003
   20.504166666666666       -6.9021111104044805E-003
   20.545833333333334       -6.8290043224014298E-003
   20.587499999999999       -6.7561116164962789E-003
   20.629166666666666       -6.6834327936821335E-003
   20.670833333333334       -6.6109676088856690E-003
   20.712499999999999       -6.5387157714583491E-003
   20.754166666666666       -6.4666769456621564E-003
   20.795833333333334       -6.3948507511498633E-003
   20.837499999999999       -6.3232367634395020E-003
   20.879166666666666       -6.2518345143833505E-003
   20.920833333333334       -6.1806434926311229E-003
   20.962499999999999       -6.1096631440877569E-003
   21.004166666666666       -6.0388928723653619E-003
   21.045833333333334       -5.9683320392296107E-003
   21.087499999999999       -5.8979799650404081E-003
   21.129166666666666       -5.8278359291868949E-003
   21.170833333333334       -5.7578991705167374E-003
   21.212499999999999       -5.6881688877599120E-003
   21.254166666666666       -5.6186442399465287E-003
   21.295833333333334       -5.5493243468191632E-003
   21.337499999999999       -5.4802082892393767E-003
   21.379166666666666       -5.4112951095886394E-003
   21.420833333333334       -5.3425838121633831E-003
   21.462499999999999       -5.2740733635645645E-003
   21.504166666666666       -5.2057626930814378E-003
   21.545833333333334       -5.1376506930695294E-003
   21.587499999999999       -5.0697362193230676E-003
   21.629166666666666       -5.0020180914416290E-003
   21.670833333333334       -4.9344950931910518E-003
   21.712499999999999       -4.8671659728587108E-003
   21.754166666666666       -4.8000294436030492E-003
   21.795833333333334       -4.7330841837975998E-003
   21.837499999999999       -4.6663288373690621E-003
   21.879166666666666       -4.5997620141297662E-003
   21.920833333333334       -4.5333822901046086E-003
   21.962499999999999       -4.4671882078521942E-003
   22.004166666666666       -4.4011782767803325E-003
   22.045833333333334       -4.3353509734558879E-003
   22.087499999999999       -4.2697047419089232E-003
   22.129166666666666       -4.2042379939312537E-003
   22.170833333333334       -4.1389491093693697E-003
   22.212499999999999       -4.0738364364116698E-003
   22.254166666666666       -4.0088982918701430E-003
   22.295833333333334       -3.9441329614563741E-003
   22.337499999999999       -3.8795387000519861E-003
   22.379166666666666       -3.8151137319734187E-003
   22.420833333333334       -3.7508562512311560E-003
   22.462499999999999       -3.6867644217834132E-003
   22.504166666666666       -3.6228363777841572E-003
   22.545833333333334       -3.5590702238256469E-003
   22.587499999999999       -3.4954640351753346E-003
   22.629166666666666       -3.4320158580073566E-003
   22.670833333333334       -3.3687237096282829E-003
   22.712499999999999       -3.3055855786975220E-003
   22.754166666666666       -3.2425994254421543E-003
   22.795833333333334       -3.1797631818661918E-003
   22.837499999999999       -3.1170747519544428E-003
   22.879166666666666       -3.0545320118708081E-003
   22.920833333333334       -2.9921328101511846E-003
   22.962499999999999       -2.9298749678907990E-003
   23.004166666666666       -2.8677562789261577E-003
   23.045833333333334       -2.8057745100115122E-003
   23.087499999999999       -2.7439274009899194E-003
   23.129166666666666       -2.6822126649588616E-003
   23.170833333333334       -2.6206279884304230E-003
   23.212499999999999       -2.5591710314861148E-003
   23.254166666666666       -2.4978394279262630E-003
   23.295833333333334       -2.4366307854140059E-003
   23.337499999999999       -2.3755426856139615E-003
   23.379166666666666       -2.3145726843254635E-003
   23.420833333333334       -2.2537183116104701E-003
   23.462499999999999       -2.1929770719161619E-003
   23.504166666666666       -2.1323464441921208E-003
   23.545833333333334       -2.0718238820022702E-003
   23.587499999999999       -2.0114068136314251E-003
   23.629166666666666       -1.9510926421865719E-003
   23.670833333333334       -1.8908787456928232E-003
   23.712499999999999       -1.8307624771840797E-003
   23.754166666666666       -1.7707411647884413E-003
   23.795833333333334       -1.7108121118082930E-003
   23.837499999999999       -1.6509725967951605E-003
   23.879166666666666       -1.5912198736193050E-003
   23.920833333333334       -1.5315511715340315E-003
   23.962499999999999       -1.4719636952347673E-003
   24.004166666666666       -1.4124546249129470E-003
   24.045833333333334       -1.3530211163046068E-003
   24.087499999999999       -1.2936603007337772E-003
   24.129166666666666       -1.2343692851506662E-003
   24.170833333333334       -1.1751451521646340E-003
   24.212499999999999       -1.1159849600719527E-003
   24.254166666666666       -1.0568857428783723E-003
   24.295833333333334       -9.9784451031648602E-004
   24.337499999999999       -9.3885824785792092E-004
   24.379166666666666       -8.7992391672033193E-004
   24.420833333333334       -8.2103845386924542E-004
   24.462499999999999       -7.6219877201467111E-004
   24.504166666666666       -7.0340175960258752E-004
   24.545833333333334       -6.4464428080126472E-004
   24.587499999999999       -5.8592317548241443E-004
   24.629166666666666       -5.2723525919716268E-004
   24.670833333333334       -4.6857732314688704E-004
   24.712499999999999       -4.0994613414887523E-004
   24.754166666666666       -3.5133843459685604E-004
   24.795833333333334       -2.9275094241635647E-004
   24.837499999999999       -2.3418035101491230E-004
   24.879166666666666       -1.7562332922713248E-004
   24.920833333333334       -1.1707652125460780E-004
   24.962499999999999       -5.8536546600670050E-005
  
   4.1666666666666666E-003   2.4761527513795917E-007
   4.5833333333333330E-002   2.8191716751335189E-005
   8.7499999999999994E-002   9.6955389913905209E-005
  0.12916666666666665        1.9992472338103929E-004
  0.17083333333333334        3.3181469985548855E-004
  0.21249999999999999        4.8839830688604470E-004
  0.25416666666666665        6.6627795149016872E-004
  0.29583333333333334        8.6269836701950979E-004
  0.33750000000000002        1.0753968252192332E-003
  0.37916666666666665        1.3024852270766413E-003
  0.42083333333333334        1.5423585611056233E-003
  0.46249999999999997        1.7936246842085279E-003
  0.50416666666666665        2.0550510614964009E-003
  0.54583333333333328        2.3255248200980470E-003
  0.58750000000000002        2.6040231421943566E-003
  0.62916666666666665        2.8895916090210371E-003
  0.67083333333333328        3.1813286018216110E-003
  0.71250000000000002        3.4783742722165234E-003
  0.75416666666666665        3.7799029232758225E-003
  0.79583333333333328        4.0851179054513511E-003
  0.83750000000000002        4.3932483398080018E-003
  0.87916666666666665        4.7035471448586118E-003
  0.92083333333333328        5.0152899714457156E-003
  0.96250000000000002        5.3277747497530534E-003
   1.0041666666666667        5.6403216295787834E-003
   1.0458333333333334        5.9522731542321142E-003
   1.0874999999999999        6.2629945536521155E-003
   1.1291666666666667        6.5718740766401483E-003
   1.1708333333333334        6.8783233078673171E-003
   1.2124999999999999        7.1817774344820062E-003
   1.2541666666666667        7.4816954412092115E-003
   1.2958333333333334        7.7775602229939213E-003
   1.3374999999999999        8.0688786114261248E-003
   1.3791666666666667        8.3551813161232280E-003
   1.4208333333333334        8.6360227855042347E-003
   1.4624999999999999        8.9109809934056101E-003
   1.5041666666666667        9.1796571591025358E-003
   1.5458333333333334        9.4416754087654296E-003
   1.5874999999999999        9.6966823863990272E-003
   1.6291666666666667        9.9443468220275603E-003
   1.6708333333333334        1.0184359064411433E-002
   1.7124999999999999        1.0416430584991820E-002
   1.7541666666666667        1.0640293459116391E-002
   1.7958333333333334        1.0855699829941383E-002
   1.8374999999999999        1.1062421359763003E-002
   1.8791666666666667        1.1260248672920768E-002
   1.9208333333333334        1.1448990793848274E-002
   1.9624999999999999        1.1628474583330013E-002
   2.0041666666666664        1.1798544175556756E-002
   2.0458333333333334        1.1959060418158259E-002
   2.0874999999999999        1.2109900317025767E-002
   2.1291666666666664        1.2250956487419246E-002
   2.1708333333333334        1.2382136612576443E-002
   2.2124999999999999        1.2503362910802934E-002
   2.2541666666666664        1.2614571611818722E-002
   2.2958333333333334        1.2715712442963311E-002
   2.3374999999999999        1.2806748125714057E-002
   2.3791666666666664        1.2887653882849844E-002
   2.4208333333333334        1.2958416956488448E-002
   2.4624999999999999        1.3019036137140047E-002
   2.5041666666666664        1.3069521303848341E-002
   2.5458333333333334        1.3109892975432349E-002
   2.5874999999999999        1.3140181872794072E-002
   2.6291666666666664        1.3160428492219212E-002
   2.6708333333333334        1.3170682689565996E-002
   2.7124999999999999        1.3171003275213554E-002
   2.7541666666666664        1.3161457619621271E-002
   2.7958333333333334        1.3142121269335996E-002
   2.8374999999999999        1.3113077573272238E-002
   2.8791666666666664        1.3074417319082545E-002
   2.9208333333333334        1.3026238379429487E-002
   2.9624999999999999        1.2968645367965940E-002
   3.0041666666666664        1.2901749304829353E-002
   3.0458333333333334        1.2825667291453936E-002
   3.0874999999999999        1.2740522194504503E-002
   3.1291666666666664        1.2646442338738207E-002
   3.1708333333333334        1.2543561208600040E-002
   3.2124999999999999        1.2432017158361473E-002
   3.2541666666666664        1.2311953130613448E-002
   3.2958333333333334        1.2183516382928014E-002
   3.3374999999999999        1.2046858222505997E-002
   3.3791666666666664        1.1902133748630771E-002
   3.4208333333333334        1.1749501602752017E-002
   3.4624999999999999        1.1589123726026562E-002
   3.5041666666666664        1.1421165124146249E-002
   3.5458333333333334        1.1245793639287485E-002
   3.5874999999999999        1.1063179729018487E-002
   3.6291666666666664        1.0873496252005401E-002
   3.6708333333333334        1.0676918260360820E-002
   3.7124999999999999        1.0473622798481654E-002
   3.7541666666666664        1.0263788708226664E-002
   3.7958333333333334        1.0047596440286639E-002
   3.8374999999999999        9.8252278716039719E-003
   3.8791666666666664        9.5968661287007540E-003
   3.9208333333333334        9.3626954167775819E-003
   3.9624999999999999        9.1229008544486540E-003
   4.0041666666666664        8.8776683139806904E-003
   4.0458333333333334        8.6271842669066491E-003
   4.0875000000000004        8.3716356348876499E-003
   4.1291666666666664        8.1112096456990336E-003
   4.1708333333333334        7.8460936942192621E-003
   4.2125000000000004        7.5764752083026235E-003
   4.2541666666666664        7.3025415194194051E-003
   4.2958333333333334        7.0244797379495376E-003
   4.3375000000000004        6.7424766330178203E-003
   4.3791666666666664        6.4567185167614663E-003
   4.4208333333333334        6.1673911329227678E-003
   4.4625000000000004        5.8746795496617092E-003
   4.5041666666666664        5.5787680564860671E-003
   4.5458333333333334        5.2798400651978480E-003
   4.5875000000000004        4.9780780147576460E-003
   4.6291666666666664        4.6736632799702343E-003
   4.6708333333333334        4.3667760838965747E-003
   4.7125000000000004        4.0575954138995732E-003
   4.7541666666666664        3.7462989412327232E-003
   4.7958333333333334        3.4330629440825961E-003
   4.8375000000000004        3.1180622339779997E-003
   4.8791666666666664        2.8014700854803324E-003
   4.9208333333333334        2.4834581690715892E-003
   4.9625000000000004        2.1641964871579669E-003
   5.0041666666666664        1.8438533131088148E-003
   5.0458333333333334        1.5225951332523578E-003
   5.0875000000000004        1.2005865917510674E-003
   5.1291666666666664        8.7799043828137911E-004
   5.1708333333333334        5.5496747844381079E-004
   5.2125000000000004        2.3167652683112955E-004
   5.2541666666666664       -9.1725637316256118E-005
   5.2958333333333334       -4.1508431193711050E-004
   5.3375000000000004       -7.3824691152631669E-004
   5.3791666666666664       -1.0610630041284982E-003
   5.4208333333333334       -1.3833843460134766E-003
   5.4625000000000004       -1.7050649140973586E-003
   5.5041666666666664       -2.0259609361717346E-003
   5.5458333333333334       -2.3459309190021066E-003
   5.5875000000000004       -2.6648356743554482E-003
   5.6291666666666664       -2.9825383430154965E-003
   5.6708333333333334       -3.2989044168431109E-003
   5.7125000000000004       -3.6138017589379444E-003
   5.7541666666666664       -3.9271006219563451E-003
   5.7958333333333334       -4.2386736646392595E-003
   5.8375000000000004       -4.5483959666028405E-003
   5.8791666666666664       -4.8561450414432101E-003
   5.9208333333333334       -5.1618008482059762E-003
   5.9625000000000004       -5.4652458012695556E-003
   6.0041666666666664       -5.7663647786908249E-003
   6.0458333333333334       -6.0650451290601868E-003
   6.0875000000000004       -6.3611766769123418E-003
   6.1291666666666664       -6.6546517267379070E-003
   6.1708333333333334       -6.9453650656400648E-003
   6.2125000000000004       -7.2332139646794991E-003
   6.2541666666666664       -7.5180981789499208E-003
   6.2958333333333334       -7.7999199464255939E-003
   6.3375000000000004       -8.0785839856210885E-003
   6.3791666666666664       -8.3539974921030807E-003
   6.4208333333333334       -8.6260701338925320E-003
   6.4624999999999995       -8.8947140457953603E-003
   6.5041666666666664       -9.1598438226983738E-003
   6.5458333333333334       -9.4213765118664264E-003
   6.5874999999999995       -9.6792316042764465E-003
   6.6291666666666664       -9.9333310250224113E-003
   6.6708333333333334       -1.0183599122825234E-002
   6.7124999999999995       -1.0429962658680335E-002
   6.7541666666666664       -1.0672350793675381E-002
   6.7958333333333334       -1.0910695076008897E-002
   6.8374999999999995       -1.1144929427241351E-002
   6.8791666666666664       -1.1374990127807891E-002
   6.9208333333333334       -1.1600815801822347E-002
   6.9624999999999995       -1.1822347401201253E-002
   7.0041666666666664       -1.2039528189135420E-002
   7.0458333333333334       -1.2252303722936515E-002
   7.0874999999999995       -1.2460621836285147E-002
   7.1291666666666664       -1.2664432620906399E-002
   7.1708333333333334       -1.2863688407698236E-002
   7.2124999999999995       -1.3058343747337338E-002
   7.2541666666666664       -1.3248355390386754E-002
   7.2958333333333334       -1.3433682266928267E-002
   7.3374999999999995       -1.3614285465743191E-002
   7.3791666666666664       -1.3790128213063248E-002
   7.4208333333333334       -1.3961175850914114E-002
   7.4624999999999995       -1.4127395815071934E-002
   7.5041666666666664       -1.4288757612654187E-002
   7.5458333333333334       -1.4445232799365283E-002
   7.5874999999999995       -1.4596794956415797E-002
   7.6291666666666664       -1.4743419667135179E-002
   7.6708333333333334       -1.4885084493296320E-002
   7.7124999999999995       -1.5021768951170258E-002
   7.7541666666666664       -1.5153454487328777E-002
   7.7958333333333334       -1.5280124454211981E-002
   7.8374999999999995       -1.5401764085478128E-002
   7.8791666666666664       -1.5518360471151247E-002
   7.9208333333333334       -1.5629902532583281E-002
   7.9624999999999995       -1.5736380997245822E-002
   8.0041666666666664       -1.5837788373366146E-002
   8.0458333333333325       -1.5934118924423129E-002
   8.0875000000000004       -1.6025368643516523E-002
   8.1291666666666664       -1.6111535227623753E-002
   8.1708333333333325       -1.6192618051757243E-002
   8.2125000000000004       -1.6268618143036307E-002
   8.2541666666666664       -1.6339538154685123E-002
   8.2958333333333325       -1.6405382339970152E-002
   8.3375000000000004       -1.6466156526088196E-002
   8.3791666666666664       -1.6521868088017127E-002
   8.4208333333333325       -1.6572525922340611E-002
   8.4625000000000004       -1.6618140421057845E-002
   8.5041666666666664       -1.6658723445388365E-002
   8.5458333333333325       -1.6694288299582704E-002
   8.5875000000000004       -1.6724849704748794E-002
   8.6291666666666664       -1.6750423772704030E-002
   8.6708333333333325       -1.6771027979861797E-002
   8.7125000000000004       -1.6786681141161996E-002
   8.7541666666666664       -1.6797403384054128E-002
   8.7958333333333325       -1.6803216122541719E-002
   8.8375000000000004       -1.6804142031295669E-002
   8.8791666666666664       -1.6800205019845485E-002
   8.9208333333333325       -1.6791430206855005E-002
   8.9625000000000004       -1.6777843894490947E-002
   9.0041666666666664       -1.6759473542890858E-002
   9.0458333333333325       -1.6736347744737711E-002
   9.0875000000000004       -1.6708496199947607E-002
   9.1291666666666664       -1.6675949690477046E-002
   9.1708333333333325       -1.6638740055256323E-002
   9.2125000000000004       -1.6596900165254599E-002
   9.2541666666666664       -1.6550463898682550E-002
   9.2958333333333325       -1.6499466116338436E-002
   9.3375000000000004       -1.6443942637102395E-002
   9.3791666666666664       -1.6383930213584402E-002
   9.4208333333333325       -1.6319466507930817E-002
   9.4625000000000004       -1.6250590067794168E-002
   9.5041666666666664       -1.6177340302470672E-002
   9.5458333333333325       -1.6099757459209989E-002
   9.5875000000000004       -1.6017882599701237E-002
   9.6291666666666664       -1.5931757576739179E-002
   9.6708333333333325       -1.5841425011074415E-002
   9.7125000000000004       -1.5746928268451546E-002
   9.7541666666666664       -1.5648311436838119E-002
   9.7958333333333325       -1.5545619303848219E-002
   9.8375000000000004       -1.5438897334363370E-002
   9.8791666666666664       -1.5328191648354358E-002
   9.9208333333333325       -1.5213548998906069E-002
   9.9625000000000004       -1.5095016750448408E-002
   10.004166666666666       -1.4972642857196027E-002
   10.045833333333333       -1.4846475841798651E-002
   10.087500000000000       -1.4716564774204757E-002
   10.129166666666666       -1.4582959250740650E-002
   10.170833333333333       -1.4445709373406581E-002
   10.212500000000000       -1.4304865729392180E-002
   10.254166666666666       -1.4160479370812717E-002
   10.295833333333333       -1.4012601794667652E-002
   10.337500000000000       -1.3861284923023437E-002
   10.379166666666666       -1.3706581083421453E-002
   10.420833333333333       -1.3548542989512491E-002
   10.462500000000000       -1.3387223721919092E-002
   10.504166666666666       -1.3222676709326527E-002
   10.545833333333333       -1.3054955709803584E-002
   10.587500000000000       -1.2884114792353884E-002
   10.629166666666666       -1.2710208318698318E-002
   10.670833333333333       -1.2533290925289566E-002
   10.712500000000000       -1.2353417505558928E-002
   10.754166666666666       -1.2170643192396264E-002
   10.795833333333333       -1.1985023340863049E-002
   10.837500000000000       -1.1796613511139168E-002
   10.879166666666666       -1.1605469451703192E-002
   10.920833333333333       -1.1411647082746817E-002
   10.962500000000000       -1.1215202479823053E-002
   11.004166666666666       -1.1016191857728355E-002
   11.045833333333333       -1.0814671554618523E-002
   11.087500000000000       -1.0610698016358082E-002
   11.129166666666666       -1.0404327781103225E-002
   11.170833333333333       -1.0195617464117479E-002
   11.212500000000000       -9.9846237428201229E-003
   11.254166666666666       -9.7714033420668311E-003
   11.295833333333333       -9.5560130196618107E-003
   11.337500000000000       -9.3385095521010576E-003
   11.379166666666666       -9.1189497205461569E-003
   11.420833333333333       -8.8973902970276835E-003
   11.462500000000000       -8.6738880308777841E-003
   11.504166666666666       -8.4484996353907243E-003
   11.545833333333333       -8.2212817747109885E-003
   11.587500000000000       -7.9922910509478643E-003
   11.629166666666666       -7.7615839915153384E-003
   11.670833333333333       -7.5292170366967346E-003
   11.712500000000000       -7.2952465274327303E-003
   11.754166666666666       -7.0597286933318515E-003
   11.795833333333333       -6.8227196409022389E-003
   11.837500000000000       -6.5842753420035979E-003
   11.879166666666666       -6.3444516225179938E-003
   11.920833333333333       -6.1033041512384926E-003
   11.962500000000000       -5.8608884289741304E-003
   12.004166666666666       -5.6172597778700482E-003
   12.045833333333333       -5.3724733309414557E-003
   12.087500000000000       -5.1265840218199929E-003
   12.129166666666666       -4.8796465747111863E-003
   12.170833333333333       -4.6317154945614558E-003
   12.212500000000000       -4.3828450574332437E-003
   12.254166666666666       -4.1330893010869509E-003
   12.295833333333333       -3.8825020157678579E-003
   12.337500000000000       -3.6311367351968380E-003
   12.379166666666666       -3.3790467277630227E-003
   12.420833333333333       -3.1262849879170511E-003
   12.462500000000000       -2.8729042277632205E-003
   12.504166666666666       -2.6189568688488709E-003
   12.545833333333333       -2.3644950341494644E-003
   12.587500000000000       -2.1095705402476312E-003
   12.629166666666666       -1.8542348897045674E-003
   12.670833333333333       -1.5985392636220499E-003
   12.712500000000000       -1.3425345143933936E-003
   12.754166666666666       -1.0862711586416263E-003
   12.795833333333333       -8.2979937034315251E-004
   12.837500000000000       -5.7316897413514471E-004
   12.879166666666666       -3.1642943880494216E-004
   12.920833333333333       -5.9629870959672481E-005
   12.962500000000000        1.9718099112568671E-004
   13.004166666666666        4.5395478348357528E-004
   13.045833333333333        7.1064352225424859E-004
   13.087500000000000        9.6719960931310547E-004
   13.129166666666666        1.2235758377267516E-003
   13.170833333333333        1.4797253970396155E-003
   13.212500000000000        1.7356018783929456E-003
   13.254166666666666        1.9911592794779830E-003
   13.295833333333333        2.2463520093251787E-003
   13.337500000000000        2.5011348929312675E-003
   13.379166666666666        2.7554631757260354E-003
   13.420833333333333        3.0092925278806092E-003
   13.462500000000000        3.2625790484591584E-003
   13.504166666666666        3.5152792694157458E-003
   13.545833333333333        3.7673501594383263E-003
   13.587500000000000        4.0187491276415443E-003
   13.629166666666666        4.2694340271104041E-003
   13.670833333333333        4.5193631582964404E-003
   13.712500000000000        4.7684952722682914E-003
   13.754166666666666        5.0167895738186157E-003
   13.795833333333333        5.2642057244290819E-003
   13.837500000000000        5.5107038450952590E-003
   13.879166666666666        5.7562445190133833E-003
   13.920833333333333        6.0007887941305850E-003
   13.962500000000000        6.2442981855606577E-003
   14.004166666666666        6.4867346778669874E-003
   14.045833333333333        6.7280607272145708E-003
   14.087500000000000        6.9682392633928806E-003
   14.129166666666666        7.2072336917114541E-003
   14.170833333333333        7.4450078947698372E-003
   14.212500000000000        7.6815262341039465E-003
   14.254166666666666        7.9167535517103409E-003
   14.295833333333333        8.1506551714503554E-003
   14.337500000000000        8.3831969003358570E-003
   14.379166666666666        8.6143450296983868E-003
   14.420833333333333        8.8440663362432791E-003
   14.462500000000000        9.0723280829908028E-003
   14.504166666666666        9.2990980201059018E-003
   14.545833333333333        9.5243443856181144E-003
   14.587500000000000        9.7480359060337987E-003
   14.629166666666666        9.9701417968418513E-003
   14.670833333333333        1.0190631762915103E-002
   14.712500000000000        1.0409475998808941E-002
   14.754166666666666        1.0626645188958603E-002
   14.795833333333333        1.0842110507777033E-002
   14.837500000000000        1.1055843619655076E-002
   14.879166666666666        1.1267816678865448E-002
   14.920833333333333        1.1478002329372223E-002
   14.962500000000000        1.1686373704547431E-002
   15.004166666666666        1.1892904426796372E-002
   15.045833333333333        1.2097568607093460E-002
   15.087500000000000        1.2300340844429943E-002
   15.129166666666666        1.2501196225175121E-002
   15.170833333333333        1.2700110322352900E-002
   15.212500000000000        1.2897059194834725E-002
   15.254166666666666        1.3092019386451085E-002
   15.295833333333333        1.3284967925022824E-002
   15.337500000000000        1.3475882321313531E-002
   15.379166666666666        1.3664740567905034E-002
   15.420833333333333        1.3851521137997038E-002
   15.462500000000000        1.4036202984133028E-002
   15.504166666666666        1.4218765536852872E-002
   15.545833333333333        1.4399188703274847E-002
   15.587500000000000        1.4577452865607691E-002
   15.629166666666666        1.4753538879594442E-002
   15.670833333333333        1.4927428072889133E-002
   15.712500000000000        1.5099102243368336E-002
   15.754166666666666        1.5268543657378781E-002
   15.795833333333333        1.5435735047922177E-002
   15.837500000000000        1.5600659612778680E-002
   15.879166666666666        1.5763301012570535E-002
   15.920833333333333        1.5923643368767466E-002
   15.962500000000000        1.6081671261634591E-002
   16.004166666666666        1.6237369728124566E-002
   16.045833333333334        1.6390724259715148E-002
   16.087499999999999        1.6541720800193570E-002
   16.129166666666666        1.6690345743388946E-002
   16.170833333333334        1.6836585930854183E-002
   16.212499999999999        1.6980428649498221E-002
   16.254166666666666        1.7121861629170239E-002
   16.295833333333334        1.7260873040196814E-002
   16.337499999999999        1.7397451490873708E-002
   16.379166666666666        1.7531586024912890E-002
   16.420833333333334        1.7663266118846496E-002
   16.462499999999999        1.7792481679388447E-002
   16.504166666666666        1.7919223040755189E-002
   16.545833333333334        1.8043480961946821E-002
   16.587499999999999        1.8165246623989488E-002
   16.629166666666666        1.8284511627140326E-002
   16.670833333333334        1.8401267988055987E-002
   16.712499999999999        1.8515508136925818E-002
   16.754166666666666        1.8627224914571118E-002
   16.795833333333334        1.8736411569511089E-002
   16.837499999999999        1.8843061754996924E-002
   16.879166666666666        1.8947169526014634E-002
   16.920833333333334        1.9048729336258279E-002
   16.962499999999999        1.9147736035074060E-002
   17.004166666666666        1.9244184864376682E-002
   17.045833333333334        1.9338071455538751E-002
   17.087499999999999        1.9429391826254347E-002
   17.129166666666666        1.9518142377377489E-002
   17.170833333333334        1.9604319889736661E-002
   17.212499999999999        1.9687921520926823E-002
   17.254166666666666        1.9768944802078657E-002
   17.295833333333334        1.9847387634607340E-002
   17.337499999999999        1.9923248286940316E-002
   17.379166666666666        1.9996525391226590E-002
   17.420833333333334        2.0067217940027037E-002
   17.462499999999999        2.0135325282987348E-002
   17.504166666666666        2.0200847123494150E-002
   17.545833333333334        2.0263783515315582E-002
   17.587499999999999        2.0324134859226732E-002
   17.629166666666666        2.0381901899620729E-002
   17.670833333333334        2.0437085721106675E-002
   17.712499999999999        2.0489687745095138E-002
   17.754166666666666        2.0539709726371536E-002
   17.795833333333334        2.0587153749659016E-002
   17.837499999999999        2.0632022226170992E-002
   17.879166666666666        2.0674317890153695E-002
   17.920833333333334        2.0714043795420838E-002
   17.962499999999999        2.0751203311880160E-002
   18.004166666666666        2.0785800122052094E-002
   18.045833333333334        2.0817838217582891E-002
   18.087499999999999        2.0847321895751291E-002
   18.129166666666666        2.0874255755970003E-002
   18.170833333333334        2.0898644696283126E-002
   18.212499999999999        2.0920493909859676E-002
   18.254166666666666        2.0939808881483824E-002
   18.295833333333334        2.0956595384042858E-002
   18.337499999999999        2.0970859475013273E-002
   18.379166666666666        2.0982607492945452E-002
   18.420833333333334        2.0991846053948104E-002
   18.462499999999999        2.0998582048172454E-002
   18.504166666666666        2.1002822636297127E-002
   18.545833333333334        2.1004575246014134E-002
   18.587499999999999        2.1003847568516778E-002
   18.629166666666666        2.1000647554989867E-002
   18.670833333333334        2.0994983413102582E-002
   18.712499999999999        2.0986863603504918E-002
   18.754166666666666        2.0976296836328314E-002
   18.795833333333334        2.0963292067690306E-002
   18.837499999999999        2.0947858496204546E-002
   18.879166666666666        2.0930005559496298E-002
   18.920833333333334        2.0909742930723448E-002
   18.962499999999999        2.0887080515104711E-002
   19.004166666666666        2.0862028446454257E-002
   19.045833333333334        2.0834597083724090E-002
   19.087499999999999        2.0804797007554165E-002
   19.129166666666666        2.0772639016830585E-002
   19.170833333333334        2.0738134125253046E-002
   19.212499999999999        2.0701293557911400E-002
   19.254166666666666        2.0662128747871277E-002
   19.295833333333334        2.0620651332770384E-002
   19.337499999999999        2.0576873151425017E-002
   19.379166666666666        2.0530806240447546E-002
   19.420833333333334        2.0482462830874768E-002
   19.462499999999999        2.0431855344808094E-002
   19.504166666666666        2.0378996392065848E-002
   19.545833333333334        2.0323898766847658E-002
   19.587499999999999        2.0266575444411346E-002
   19.629166666666666        2.0207039577763548E-002
   19.670833333333334        2.0145304494362977E-002
   19.712499999999999        2.0081383692838014E-002
   19.754166666666666        2.0015290839717616E-002
   19.795833333333334        1.9947039766177115E-002
   19.837499999999999        1.9876644464798605E-002
   19.879166666666666        1.9804119086346023E-002
   19.920833333333334        1.9729477936555495E-002
   19.962499999999999        1.9652735472941513E-002
   20.004166666666666        1.9573906301618874E-002
   20.045833333333334        1.9493005174140182E-002
   20.087499999999999        1.9410046984350206E-002
   20.129166666666666        1.9325046765256700E-002
   20.170833333333334        1.9238019685917779E-002
   20.212499999999999        1.9148981048346909E-002
   20.254166666666666        1.9057946284434819E-002
   20.295833333333334        1.8964930952888873E-002
   20.337499999999999        1.8869950736190730E-002
   20.379166666666666        1.8773021437571372E-002
   20.420833333333334        1.8674158978004615E-002
   20.462499999999999        1.8573379393219205E-002
   20.504166666666666        1.8470698830729104E-002
   20.545833333333334        1.8366133546882792E-002
   20.587499999999999        1.8259699903931510E-002
   20.629166666666666        1.8151414367116685E-002
   20.670833333333334        1.8041293501776502E-002
   20.712499999999999        1.7929353970472173E-002
   20.754166666666666        1.7815612530133636E-002
   20.795833333333334        1.7700086029225189E-002
   20.837499999999999        1.7582791404930926E-002
   20.879166666666666        1.7463745680360614E-002
   20.920833333333334        1.7342965961775373E-002
   20.962499999999999        1.7220469435834020E-002
   21.004166666666666        1.7096273366859489E-002
   21.045833333333334        1.6970395094126428E-002
   21.087499999999999        1.6842852029168964E-002
   21.129166666666666        1.6713661653109800E-002
   21.170833333333334        1.6582841514009686E-002
   21.212499999999999        1.6450409224238557E-002
   21.254166666666666        1.6316382457867304E-002
   21.295833333333334        1.6180778948081183E-002
   21.337499999999999        1.6043616484614106E-002
   21.379166666666666        1.5904912911204605E-002
   21.420833333333334        1.5764686123073173E-002
   21.462499999999999        1.5622954064421192E-002
   21.504166666666666        1.5479734725951494E-002
   21.545833333333334        1.5335046142410559E-002
   21.587499999999999        1.5188906390152319E-002
   21.629166666666666        1.5041333584724117E-002
   21.670833333333334        1.4892345878474086E-002
   21.712499999999999        1.4741961458180656E-002
   21.754166666666666        1.4590198542704004E-002
   21.795833333333334        1.4437075380659303E-002
   21.837499999999999        1.4282610248112129E-002
   21.879166666666666        1.4126821446295798E-002
   21.920833333333334        1.3969727299350847E-002
   21.962499999999999        1.3811346152086443E-002
   22.004166666666666        1.3651696367764204E-002
   22.045833333333334        1.3490796325903748E-002
   22.087499999999999        1.3328664420110546E-002
   22.129166666666666        1.3165319055926061E-002
   22.170833333333334        1.3000778648699741E-002
   22.212499999999999        1.2835061621483406E-002
   22.254166666666666        1.2668186402947545E-002
   22.295833333333334        1.2500171425319957E-002
   22.337499999999999        1.2331035122346370E-002
   22.379166666666666        1.2160795927273144E-002
   22.420833333333334        1.1989472270852283E-002
   22.462499999999999        1.1817082579368232E-002
   22.504166666666666        1.1643645272687053E-002
   22.545833333333334        1.1469178762327382E-002
   22.587499999999999        1.1293701449553472E-002
   22.629166666666666        1.1117231723490148E-002
   22.670833333333334        1.0939787959259839E-002
   22.712499999999999        1.0761388516141479E-002
   22.754166666666666        1.0582051735751207E-002
   22.795833333333334        1.0401795940244965E-002
   22.837499999999999        1.0220639430542853E-002
   22.879166666666666        1.0038600484575182E-002
   22.920833333333334        9.8556973555503375E-003
   22.962499999999999        9.6719482702440976E-003
   23.004166666666666        9.4873714273107004E-003
   23.045833333333334        9.3019849956153759E-003
   23.087499999999999        9.1158071125884647E-003
   23.129166666666666        8.9288558826006777E-003
   23.170833333333334        8.7411493753599585E-003
   23.212499999999999        8.5527056243295662E-003
   23.254166666666666        8.3635426251672928E-003
   23.295833333333334        8.1736783341859846E-003
   23.337499999999999        7.9831306668349429E-003
   23.379166666666666        7.7919174962025432E-003
   23.420833333333334        7.6000566515396452E-003
   23.462499999999999        7.4075659168038798E-003
   23.504166666666666        7.2144630292247849E-003
   23.545833333333334        7.0207656778894885E-003
   23.587499999999999        6.8264915023492278E-003
   23.629166666666666        6.6316580912462461E-003
   23.670833333333334        6.4362829809610795E-003
   23.712499999999999        6.2403836542803681E-003
   23.754166666666666        6.0439775390848166E-003
   23.795833333333334        5.8470820070574171E-003
   23.837499999999999        5.6497143724117084E-003
   23.879166666666666        5.4518918906400482E-003
   23.920833333333334        5.2536317572817841E-003
   23.962499999999999        5.0549511067112165E-003
   24.004166666666666        4.8558670109453113E-003
   24.045833333333334        4.6563964784709340E-003
   24.087499999999999        4.4565564530917113E-003
   24.129166666666666        4.2563638127942434E-003
   24.170833333333334        4.0558353686335809E-003
   24.212499999999999        3.8549878636379977E-003
   24.254166666666666        3.6538379717327889E-003
   24.295833333333334        3.4524022966830807E-003
   24.337499999999999        3.2506973710555629E-003
   24.379166666666666        3.0487396551989419E-003
   24.420833333333334        2.8465455362430962E-003
   24.462499999999999        2.6441313271167708E-003
   24.504166666666666        2.4415132655837639E-003
   24.545833333333334        2.2387075132974379E-003
   24.587499999999999        2.0357301548733693E-003
   24.629166666666666        1.8325971969802490E-003
   24.670833333333334        1.6293245674486904E-003
   24.712499999999999        1.4259281143979383E-003
   24.754166666666666        1.2224236053803501E-003
   24.795833333333334        1.0188267265435254E-003
   24.837499999999999        8.1515308180996906E-004
   24.879166666666666        6.1141819207417251E-004
   24.920833333333334        4.0763749441698421E-004
   24.962499999999999        2.0382634133716567E-004
  
